s 1 404
s 3 298
s 4 303
s 6 492
s 9 358
s 10 272
s 13 457
s 15 447
s 16 280
s 19 490
s 20 297
s 24 458
s 28 430
s 29 428
s 31 477
s 32 410
s 33 497
s 34 451
s 35 409
s 36 310
s 38 411
s 39 335
s 40 297
s 41 272
s 42 281
s 44 294
s 45 381
s 46 442
s 47 313
s 49 333
s 50 457
s 51 287
s 53 415
s 56 275
s 58 400
s 59 374
s 60 264
s 61 318
s 62 288
s 64 315
s 66 365
s 69 250
s 70 438
s 72 410
s 76 329
s 77 489
s 82 393
s 83 323
s 86 433
s 88 273
s 90 352
s 92 436
s 93 307
s 94 358
s 95 470
s 97 311
s 98 477
s 99 265
1 2 263
1 3 300
1 5 455
1 6 403
1 7 412
1 8 290
1 9 259
1 10 314
1 11 499
1 16 353
1 17 432
1 21 417
1 22 328
1 32 342
1 33 259
1 35 497
1 36 312
1 37 429
1 41 478
1 43 384
1 44 416
1 48 495
1 52 489
1 54 284
1 55 428
1 57 410
1 58 449
1 59 263
1 61 369
1 62 411
1 64 281
1 65 413
1 66 356
1 69 488
1 70 303
1 71 435
1 73 289
1 74 385
1 81 299
1 83 456
1 84 445
1 86 276
1 87 418
1 88 282
1 90 330
1 91 257
1 96 264
1 97 296
1 99 284
2 1 263
2 4 362
2 5 408
2 7 376
2 8 273
2 10 434
2 11 397
2 13 319
2 15 325
2 16 295
2 17 474
2 24 285
2 26 305
2 27 412
2 29 261
2 30 344
2 31 417
2 32 439
2 33 451
2 36 317
2 37 305
2 39 365
2 42 468
2 44 444
2 49 269
2 50 489
2 51 389
2 53 292
2 55 500
2 57 440
2 60 491
2 61 261
2 62 434
2 63 349
2 64 308
2 67 473
2 68 481
2 69 384
2 70 353
2 74 408
2 82 300
2 88 264
2 90 299
2 91 489
2 94 284
2 95 473
2 98 351
3 1 300
3 5 338
3 6 477
3 7 258
3 13 305
3 18 331
3 20 273
3 22 298
3 23 315
3 25 442
3 28 473
3 30 468
3 31 322
3 32 367
3 33 343
3 35 467
3 36 325
3 38 457
3 45 383
3 47 404
3 48 318
3 51 316
3 52 443
3 54 374
3 56 365
3 57 317
3 59 330
3 61 413
3 63 374
3 64 350
3 66 269
3 68 421
3 71 256
3 72 278
3 73 347
3 74 413
3 78 378
3 79 258
3 81 382
3 87 339
3 88 410
3 89 456
3 90 415
3 93 267
3 94 332
3 99 306
4 2 362
4 5 428
4 6 311
4 8 288
4 11 454
4 12 317
4 17 264
4 18 276
4 19 344
4 20 315
4 22 437
4 23 477
4 24 304
4 25 397
4 27 381
4 30 470
4 32 394
4 33 270
4 38 321
4 40 490
4 41 421
4 42 306
4 45 403
4 49 421
4 50 311
4 52 275
4 53 363
4 56 393
4 58 345
4 59 447
4 60 355
4 62 465
4 63 383
4 64 296
4 65 265
4 70 352
4 75 418
4 76 469
4 77 486
4 80 457
4 81 427
4 85 264
4 86 495
4 87 403
4 89 486
4 94 403
4 95 370
5 1 455
5 2 408
5 3 338
5 4 428
5 6 412
5 9 489
5 10 253
5 11 446
5 14 312
5 17 408
5 19 291
5 21 382
5 24 426
5 25 390
5 26 336
5 28 262
5 29 325
5 30 311
5 31 257
5 32 334
5 34 433
5 35 483
5 37 312
5 38 317
5 40 447
5 41 279
5 42 368
5 44 310
5 47 458
5 48 298
5 49 426
5 52 373
5 53 278
5 54 388
5 57 417
5 59 452
5 65 402
5 70 430
5 72 263
5 74 279
5 75 478
5 77 377
5 78 395
5 79 450
5 81 492
5 82 427
5 84 443
5 85 454
5 86 407
5 88 322
5 90 476
5 92 487
5 93 483
5 95 496
5 96 313
5 98 270
6 1 403
6 3 477
6 4 311
6 5 412
6 7 365
6 10 432
6 17 499
6 19 299
6 20 318
6 21 343
6 22 495
6 24 317
6 25 436
6 26 353
6 27 264
6 28 461
6 32 455
6 36 308
6 37 253
6 38 278
6 39 469
6 41 466
6 42 293
6 49 484
6 53 464
6 57 286
6 59 400
6 61 424
6 63 441
6 66 351
6 67 267
6 68 419
6 69 419
6 70 414
6 71 450
6 74 296
6 78 342
6 79 384
6 81 276
6 83 452
6 85 482
6 87 306
6 92 438
6 93 307
6 95 472
6 96 432
6 97 269
6 98 259
6 99 486
7 1 412
7 2 376
7 3 258
7 6 365
7 9 403
7 11 324
7 13 459
7 15 306
7 20 396
7 21 267
7 30 448
7 35 254
7 42 385
7 46 488
7 50 436
7 53 318
7 57 410
7 58 479
7 59 448
7 60 360
7 63 498
7 68 459
7 69 309
7 75 473
7 78 489
7 80 449
7 81 263
7 82 466
7 85 416
7 94 419
8 1 290
8 2 273
8 4 288
8 12 483
8 17 429
8 18 463
8 20 285
8 21 482
8 23 268
8 24 376
8 27 275
8 28 364
8 29 401
8 31 257
8 33 291
8 35 455
8 38 427
8 40 402
8 41 380
8 42 358
8 43 484
8 44 481
8 45 484
8 46 401
8 49 260
8 52 371
8 53 448
8 54 320
8 55 335
8 56 359
8 57 345
8 58 251
8 63 353
8 68 330
8 69 338
8 73 483
8 75 352
8 79 500
8 80 393
8 81 483
8 83 459
8 86 298
8 88 393
8 89 494
8 91 375
8 92 379
8 96 378
8 98 319
9 1 259
9 5 489
9 7 403
9 12 319
9 13 310
9 20 314
9 21 278
9 28 254
9 29 429
9 32 463
9 33 488
9 35 388
9 40 456
9 42 312
9 44 488
9 46 435
9 49 330
9 50 409
9 51 381
9 52 333
9 54 357
9 55 343
9 65 402
9 67 419
9 68 264
9 69 356
9 73 274
9 75 476
9 79 280
9 80 362
9 82 414
9 85 404
9 87 419
9 89 459
9 90 315
9 93 490
9 97 319
10 1 314
10 2 434
10 5 253
10 6 432
10 11 441
10 12 398
10 14 469
10 16 344
10 17 465
10 19 355
10 20 466
10 21 388
10 23 490
10 24 359
10 25 434
10 26 460
10 27 484
10 28 270
10 32 357
10 33 474
10 36 369
10 37 368
10 42 301
10 43 357
10 48 323
10 49 308
10 54 419
10 56 339
10 57 422
10 59 285
10 60 456
10 62 486
10 67 455
10 68 425
10 69 295
10 70 500
10 71 254
10 72 355
10 74 341
10 75 450
10 76 337
10 78 490
10 82 284
10 84 323
10 85 283
10 87 336
10 89 397
10 90 395
10 91 250
10 92 281
10 93 312
10 94 497
10 95 357
10 99 492
11 1 499
11 2 397
11 4 454
11 5 446
11 7 324
11 10 441
11 13 463
11 14 400
11 20 405
11 21 454
11 24 449
11 26 378
11 29 481
11 32 327
11 34 448
11 36 263
11 37 439
11 40 251
11 41 460
11 44 449
11 59 330
11 62 411
11 63 268
11 67 270
11 71 478
11 72 400
11 73 493
11 75 372
11 76 297
11 77 314
11 78 398
11 80 279
11 84 337
11 90 438
11 92 447
11 94 263
11 96 401
11 97 253
11 99 466
12 4 317
12 8 483
12 9 319
12 10 398
12 14 284
12 16 375
12 21 453
12 22 378
12 32 432
12 35 265
12 36 284
12 39 315
12 40 500
12 41 366
12 47 484
12 50 273
12 51 303
12 53 258
12 56 496
12 60 367
12 61 314
12 63 444
12 64 365
12 65 497
12 66 462
12 67 462
12 70 430
12 71 466
12 72 285
12 77 388
12 78 470
12 81 258
12 82 308
12 83 488
12 84 359
12 85 254
12 90 353
12 93 382
12 94 413
12 98 481
12 99 498
13 2 319
13 3 305
13 7 459
13 9 310
13 11 463
13 14 314
13 18 357
13 19 400
13 20 439
13 21 400
13 27 473
13 30 383
13 32 307
13 33 250
13 35 449
13 36 264
13 38 311
13 40 498
13 42 494
13 44 498
13 45 453
13 46 424
13 47 267
13 48 391
13 50 397
13 53 396
13 55 349
13 56 419
13 57 324
13 61 344
13 62 420
13 63 250
13 65 484
13 72 250
13 73 406
13 74 300
13 75 400
13 77 263
13 78 387
13 81 440
13 82 339
13 83 386
13 86 382
13 89 252
13 91 339
13 93 342
13 94 430
13 95 263
13 97 419
13 98 473
14 5 312
14 10 469
14 11 400
14 12 284
14 13 314
14 17 257
14 20 438
14 22 487
14 23 260
14 24 458
14 26 438
14 28 458
14 29 380
14 31 340
14 34 396
14 36 281
14 38 364
14 42 252
14 43 350
14 46 361
14 48 492
14 49 387
14 50 465
14 53 489
14 54 485
14 55 312
14 56 496
14 61 468
14 64 449
14 65 269
14 68 420
14 70 403
14 71 433
14 72 363
14 75 377
14 76 412
14 77 425
14 79 377
14 81 445
14 84 293
14 85 273
14 86 351
14 88 415
14 89 360
14 90 318
14 91 424
14 94 489
14 96 297
14 97 447
15 2 325
15 7 306
15 18 253
15 21 286
15 22 487
15 23 369
15 24 409
15 25 389
15 28 449
15 29 469
15 30 451
15 31 280
15 34 405
15 35 254
15 36 318
15 37 281
15 39 486
15 40 464
15 42 423
15 44 294
15 45 476
15 46 475
15 51 500
15 56 350
15 57 368
15 58 397
15 60 492
15 62 375
15 63 395
15 64 258
15 65 332
15 69 490
15 71 363
15 72 270
15 73 332
15 81 437
15 82 379
15 83 464
15 84 356
15 85 443
15 88 314
15 93 416
15 94 341
15 95 266
15 96 448
15 99 367
16 1 353
16 2 295
16 10 344
16 12 375
16 17 276
16 18 335
16 20 260
16 21 266
16 23 477
16 25 376
16 31 291
16 32 400
16 38 360
16 39 399
16 40 290
16 41 274
16 43 406
16 45 467
16 47 396
16 48 404
16 50 498
16 51 385
16 54 473
16 55 323
16 56 253
16 58 464
16 60 420
16 64 474
16 66 473
16 69 351
16 71 294
16 72 484
16 74 397
16 75 387
16 76 452
16 78 318
16 80 395
16 81 492
16 82 476
16 88 463
16 91 395
16 93 375
16 94 491
16 98 376
16 99 500
17 1 432
17 2 474
17 4 264
17 5 408
17 6 499
17 8 429
17 10 465
17 14 257
17 16 276
17 19 340
17 21 351
17 23 368
17 25 340
17 27 438
17 30 402
17 34 353
17 36 433
17 37 390
17 38 281
17 40 428
17 42 294
17 43 277
17 44 252
17 47 420
17 48 362
17 49 421
17 51 341
17 53 472
17 54 339
17 56 276
17 58 355
17 62 355
17 64 269
17 66 342
17 67 403
17 68 343
17 69 261
17 70 480
17 71 493
17 73 412
17 83 485
17 85 444
17 87 458
17 88 284
17 90 313
17 91 266
17 94 383
17 95 474
17 96 399
17 97 267
17 99 400
18 3 331
18 4 276
18 8 463
18 13 357
18 15 253
18 16 335
18 20 417
18 21 472
18 23 334
18 28 457
18 29 313
18 30 334
18 31 354
18 32 431
18 34 389
18 36 462
18 37 411
18 39 332
18 43 422
18 45 440
18 49 290
18 57 421
18 59 491
18 62 349
18 63 376
18 66 397
18 69 436
18 70 372
18 71 464
18 72 396
18 73 416
18 74 479
18 75 263
18 76 413
18 77 356
18 78 295
18 79 263
18 80 461
18 81 259
18 83 381
18 90 482
18 91 406
18 92 261
18 94 356
18 96 274
18 97 385
18 98 268
19 4 344
19 5 291
19 6 299
19 10 355
19 13 400
19 17 340
19 21 275
19 28 302
19 29 316
19 32 353
19 33 283
19 34 392
19 37 304
19 38 388
19 39 322
19 44 463
19 47 260
19 51 294
19 52 405
19 55 473
19 57 388
19 58 257
19 59 442
19 60 250
19 63 293
19 65 427
19 71 285
19 73 317
19 74 253
19 75 322
19 76 424
19 78 253
19 79 401
19 82 306
19 83 351
19 84 462
19 87 265
19 89 305
19 92 308
19 93 304
19 97 336
19 99 393
20 3 273
20 4 315
20 6 318
20 7 396
20 8 285
20 9 314
20 10 466
20 11 405
20 13 439
20 14 438
20 16 260
20 18 417
20 24 451
20 25 500
20 26 437
20 28 436
20 29 408
20 30 339
20 32 437
20 39 405
20 42 302
20 43 392
20 44 438
20 47 436
20 49 287
20 50 342
20 53 402
20 56 299
20 57 353
20 58 317
20 61 316
20 62 493
20 63 321
20 66 274
20 68 262
20 69 468
20 70 347
20 75 357
20 76 436
20 77 354
20 78 405
20 79 314
20 82 456
20 84 389
20 85 330
20 86 344
20 88 251
20 89 250
20 90 365
20 92 498
20 93 385
20 94 279
20 95 384
20 96 451
20 99 311
21 1 417
21 5 382
21 6 343
21 7 267
21 8 482
21 9 278
21 10 388
21 11 454
21 12 453
21 13 400
21 15 286
21 16 266
21 17 351
21 18 472
21 19 275
21 23 496
21 24 460
21 25 294
21 27 494
21 29 408
21 31 304
21 32 414
21 33 267
21 34 457
21 37 496
21 38 480
21 39 283
21 41 331
21 42 407
21 45 456
21 49 278
21 50 309
21 53 319
21 55 442
21 56 345
21 58 280
21 60 356
21 61 398
21 62 348
21 65 345
21 70 320
21 71 287
21 74 300
21 76 419
21 77 435
21 78 477
21 79 261
21 82 467
21 83 337
21 84 389
21 88 278
21 89 500
21 91 497
21 93 486
21 95 272
21 96 316
21 97 345
21 98 372
22 1 328
22 3 298
22 4 437
22 6 495
22 12 378
22 14 487
22 15 487
22 27 497
22 29 453
22 32 460
22 34 327
22 35 360
22 38 264
22 41 412
22 42 468
22 43 273
22 49 380
22 50 342
22 55 345
22 56 263
22 57 353
22 58 308
22 59 470
22 61 370
22 62 334
22 63 399
22 64 420
22 68 406
22 73 482
22 74 370
22 78 261
22 79 389
22 81 286
22 82 305
22 83 423
22 84 465
22 85 356
22 87 349
22 93 415
22 94 445
22 95 401
22 96 441
22 98 290
23 3 315
23 4 477
23 8 268
23 10 490
23 14 260
23 15 369
23 16 477
23 17 368
23 18 334
23 21 496
23 27 295
23 29 407
23 30 323
23 31 302
23 37 392
23 42 277
23 43 340
23 45 262
23 47 417
23 48 400
23 53 287
23 55 469
23 56 429
23 57 364
23 58 258
23 60 364
23 62 404
23 63 479
23 66 281
23 67 427
23 70 417
23 72 424
23 73 273
23 76 302
23 78 465
23 79 352
23 80 337
23 82 452
23 84 460
23 86 299
23 87 497
23 89 252
23 90 269
23 93 479
23 95 293
23 96 291
23 98 338
23 99 279
24 2 285
24 4 304
24 5 426
24 6 317
24 8 376
24 10 359
24 11 449
24 14 458
24 15 409
24 20 451
24 21 460
24 25 433
24 26 485
24 29 377
24 30 327
24 32 489
24 34 395
24 35 462
24 36 411
24 37 373
24 40 448
24 41 482
24 42 270
24 43 346
24 44 494
24 47 299
24 48 474
24 49 462
24 50 425
24 51 395
24 52 333
24 54 291
24 55 278
24 57 415
24 59 337
24 63 412
24 65 283
24 68 378
24 70 408
24 71 468
24 72 434
24 73 465
24 74 277
24 75 456
24 76 250
24 77 469
24 80 375
24 83 266
24 84 317
24 85 268
24 86 336
24 87 353
24 88 353
24 89 271
24 91 272
24 93 370
24 94 485
24 95 494
24 96 477
24 98 387
25 3 442
25 4 397
25 5 390
25 6 436
25 10 434
25 15 389
25 16 376
25 17 340
25 20 500
25 21 294
25 24 433
25 26 493
25 27 321
25 31 266
25 32 471
25 34 427
25 36 479
25 37 485
25 41 327
25 42 387
25 46 264
25 48 492
25 50 460
25 51 373
25 52 260
25 55 421
25 56 398
25 58 271
25 59 454
25 62 335
25 64 361
25 65 356
25 70 482
25 72 387
25 74 250
25 77 397
25 80 481
25 84 299
25 87 379
25 89 261
25 91 278
25 92 443
25 93 332
25 94 410
25 95 349
26 2 305
26 5 336
26 6 353
26 10 460
26 11 378
26 14 438
26 20 437
26 24 485
26 25 493
26 30 269
26 33 342
26 36 406
26 37 364
26 38 304
26 39 472
26 42 254
26 43 361
26 44 295
26 45 464
26 46 363
26 47 489
26 48 462
26 49 355
26 52 498
26 53 298
26 54 414
26 56 468
26 57 340
26 58 314
26 59 448
26 60 489
26 66 431
26 68 343
26 69 287
26 70 379
26 71 452
26 73 361
26 74 390
26 76 326
26 77 369
26 81 387
26 82 361
26 83 330
26 84 402
26 87 490
26 90 429
26 92 311
26 94 455
26 95 301
26 96 465
27 2 412
27 4 381
27 6 264
27 8 275
27 10 484
27 13 473
27 17 438
27 21 494
27 22 497
27 23 295
27 25 321
27 28 449
27 29 401
27 30 332
27 33 468
27 34 257
27 38 273
27 40 253
27 42 469
27 43 444
27 46 396
27 48 256
27 49 496
27 50 493
27 53 250
27 56 262
27 59 382
27 61 330
27 64 333
27 65 400
27 66 472
27 68 437
27 70 271
27 71 258
27 73 482
27 76 372
27 77 383
27 78 440
27 82 390
27 83 254
27 89 386
27 91 348
27 93 472
27 94 364
27 98 266
28 3 473
28 5 262
28 6 461
28 8 364
28 9 254
28 10 270
28 14 458
28 15 449
28 18 457
28 19 302
28 20 436
28 27 449
28 29 492
28 31 327
28 32 260
28 33 329
28 34 425
28 35 411
28 38 421
28 39 291
28 40 363
28 43 323
28 44 263
28 46 385
28 52 260
28 54 266
28 55 441
28 60 384
28 61 447
28 62 455
28 66 422
28 68 443
28 69 269
28 70 332
28 71 335
28 73 357
28 74 384
28 79 498
28 80 330
28 81 331
28 82 290
28 83 305
28 92 460
28 95 496
28 96 354
28 97 440
28 98 401
29 2 261
29 5 325
29 8 401
29 9 429
29 11 481
29 14 380
29 15 469
29 18 313
29 19 316
29 20 408
29 21 408
29 22 453
29 23 407
29 24 377
29 27 401
29 28 492
29 30 251
29 33 434
29 36 305
29 38 308
29 41 258
29 44 254
29 46 423
29 47 390
29 49 392
29 50 282
29 54 299
29 57 439
29 62 474
29 66 417
29 67 310
29 68 283
29 70 487
29 72 387
29 74 439
29 76 444
29 79 351
29 81 317
29 82 491
29 84 343
29 85 421
29 86 366
29 90 337
29 94 433
29 95 322
29 97 301
29 99 348
30 2 344
30 3 468
30 4 470
30 5 311
30 7 448
30 13 383
30 15 451
30 17 402
30 18 334
30 20 339
30 23 323
30 24 327
30 26 269
30 27 332
30 29 251
30 31 391
30 32 410
30 35 395
30 37 474
30 40 454
30 42 367
30 43 459
30 44 368
30 45 276
30 47 305
30 48 449
30 51 368
30 52 274
30 56 319
30 57 265
30 58 333
30 59 359
30 61 311
30 63 498
30 68 297
30 77 265
30 78 494
30 79 459
30 80 474
30 82 452
30 83 280
30 87 436
30 88 257
30 91 254
30 93 330
30 96 323
31 2 417
31 3 322
31 5 257
31 8 257
31 14 340
31 15 280
31 16 291
31 18 354
31 21 304
31 23 302
31 25 266
31 28 327
31 30 391
31 36 372
31 37 390
31 40 274
31 41 385
31 42 445
31 45 272
31 46 459
31 47 442
31 49 482
31 61 276
31 64 410
31 66 490
31 67 468
31 68 423
31 73 334
31 76 369
31 77 440
31 78 415
31 81 479
31 83 328
31 84 328
31 85 253
31 87 326
31 89 280
31 90 363
31 91 367
31 92 314
31 93 336
31 94 484
31 95 259
32 1 342
32 2 439
32 3 367
32 4 394
32 5 334
32 6 455
32 9 463
32 10 357
32 11 327
32 12 432
32 13 307
32 16 400
32 18 431
32 19 353
32 20 437
32 21 414
32 22 460
32 24 489
32 25 471
32 28 260
32 30 410
32 33 443
32 34 364
32 35 371
32 36 453
32 37 357
32 38 394
32 39 322
32 40 294
32 42 406
32 48 267
32 49 419
32 53 386
32 54 474
32 56 412
32 57 368
32 63 314
32 72 274
32 73 388
32 74 272
32 80 304
32 83 323
32 84 361
32 86 379
32 87 447
32 94 371
32 97 286
32 98 258
33 1 259
33 2 451
33 3 343
33 4 270
33 8 291
33 9 488
33 10 474
33 13 250
33 19 283
33 21 267
33 26 342
33 27 468
33 28 329
33 29 434
33 32 443
33 35 281
33 36 380
33 38 301
33 41 399
33 42 444
33 43 406
33 44 298
33 45 439
33 46 331
33 47 404
33 52 467
33 53 442
33 54 256
33 55 418
33 56 491
33 59 485
33 60 257
33 68 396
33 74 264
33 76 266
33 77 291
33 78 416
33 79 391
33 80 368
33 81 357
33 83 401
33 86 389
33 88 284
33 89 350
33 91 495
33 94 275
33 95 423
33 96 395
33 97 347
34 5 433
34 11 448
34 14 396
34 15 405
34 17 353
34 18 389
34 19 392
34 21 457
34 22 327
34 24 395
34 25 427
34 27 257
34 28 425
34 32 364
34 35 390
34 38 322
34 40 419
34 41 456
34 42 259
34 43 440
34 44 254
34 47 497
34 48 259
34 50 480
34 52 365
34 53 490
34 54 453
34 55 277
34 56 299
34 58 255
34 59 499
34 60 287
34 61 353
34 67 290
34 69 484
34 70 291
34 71 403
34 73 267
34 75 280
34 76 307
34 77 295
34 78 362
34 79 443
34 83 380
34 91 472
34 93 478
34 94 398
34 95 300
34 97 455
34 98 337
34 99 355
35 1 497
35 3 467
35 5 483
35 7 254
35 8 455
35 9 388
35 12 265
35 13 449
35 15 254
35 22 360
35 24 462
35 28 411
35 30 395
35 32 371
35 33 281
35 34 390
35 38 284
35 39 362
35 41 449
35 44 371
35 45 350
35 49 446
35 50 479
35 52 402
35 53 457
35 56 339
35 57 346
35 58 385
35 59 410
35 60 254
35 65 370
35 68 334
35 74 408
35 77 287
35 79 368
35 80 460
35 81 276
35 85 301
35 90 331
35 91 418
35 92 486
35 94 373
35 99 303
36 1 312
36 2 317
36 3 325
36 6 308
36 10 369
36 11 263
36 12 284
36 13 264
36 14 281
36 15 318
36 17 433
36 18 462
36 24 411
36 25 479
36 26 406
36 29 305
36 31 372
36 32 453
36 33 380
36 39 271
36 41 320
36 44 393
36 46 285
36 47 393
36 49 309
36 50 482
36 51 448
36 52 340
36 53 445
36 55 327
36 56 284
36 58 471
36 59 492
36 60 431
36 62 293
36 63 250
36 66 280
36 69 250
36 70 451
36 71 427
36 72 460
36 74 253
36 75 425
36 78 310
36 79 254
36 80 445
36 82 259
36 84 297
36 85 414
36 86 313
36 90 293
36 93 354
36 94 364
36 99 499
37 1 429
37 2 305
37 5 312
37 6 253
37 10 368
37 11 439
37 15 281
37 17 390
37 18 411
37 19 304
37 21 496
37 23 392
37 24 373
37 25 485
37 26 364
37 30 474
37 31 390
37 32 357
37 38 311
37 40 426
37 43 309
37 48 433
37 49 261
37 50 266
37 51 272
37 52 472
37 54 425
37 55 258
37 56 418
37 57 313
37 60 490
37 62 359
37 64 361
37 65 354
37 66 420
37 72 352
37 73 330
37 74 325
37 75 426
37 80 334
37 82 267
37 83 458
37 85 367
37 88 337
37 89 271
37 91 478
37 92 368
37 93 333
37 94 303
37 96 419
37 98 437
38 3 457
38 4 321
38 5 317
38 6 278
38 8 427
38 13 311
38 14 364
38 16 360
38 17 281
38 19 388
38 21 480
38 22 264
38 26 304
38 27 273
38 28 421
38 29 308
38 32 394
38 33 301
38 34 322
38 35 284
38 37 311
38 39 252
38 40 320
38 42 455
38 43 276
38 44 278
38 45 385
38 46 446
38 47 422
38 49 386
38 51 269
38 52 418
38 55 315
38 58 264
38 60 354
38 62 470
38 63 376
38 64 396
38 66 325
38 71 453
38 72 422
38 74 421
38 75 302
38 77 492
38 78 494
38 80 310
38 81 344
38 83 334
38 84 406
38 86 323
38 90 309
38 95 375
38 98 294
38 99 309
39 2 365
39 6 469
39 12 315
39 15 486
39 16 399
39 18 332
39 19 322
39 20 405
39 21 283
39 26 472
39 28 291
39 32 322
39 35 362
39 36 271
39 38 252
39 45 281
39 46 422
39 49 419
39 50 353
39 52 429
39 54 432
39 55 330
39 56 490
39 60 338
39 63 364
39 67 343
39 68 408
39 69 334
39 70 253
39 71 408
39 73 494
39 74 320
39 75 344
39 84 357
39 85 398
39 87 361
39 88 318
39 90 333
39 92 257
39 93 406
39 95 267
39 96 500
39 97 380
39 98 474
40 4 490
40 5 447
40 8 402
40 9 456
40 11 251
40 12 500
40 13 498
40 15 464
40 16 290
40 17 428
40 24 448
40 27 253
40 28 363
40 30 454
40 31 274
40 32 294
40 34 419
40 37 426
40 38 320
40 41 380
40 45 368
40 46 260
40 52 312
40 53 423
40 61 479
40 62 452
40 63 447
40 64 362
40 65 462
40 69 280
40 72 441
40 74 392
40 75 383
40 76 442
40 80 305
40 82 312
40 83 345
40 85 295
40 86 496
40 88 396
40 90 489
40 91 341
40 93 319
40 95 311
40 96 359
40 97 269
40 98 271
40 99 273
41 1 478
41 4 421
41 5 279
41 6 466
41 8 380
41 11 460
41 12 366
41 16 274
41 21 331
41 22 412
41 24 482
41 25 327
41 29 258
41 31 385
41 33 399
41 34 456
41 35 449
41 36 320
41 40 380
41 43 391
41 47 307
41 48 355
41 49 452
41 51 488
41 52 403
41 53 323
41 54 365
41 56 363
41 57 441
41 58 284
41 59 323
41 60 295
41 61 452
41 63 256
41 65 378
41 66 470
41 67 327
41 68 449
41 69 340
41 70 459
41 71 443
41 72 391
41 74 285
41 77 329
41 78 465
41 79 272
41 83 344
41 84 465
41 85 313
41 86 360
41 87 488
41 88 467
41 91 362
41 92 428
41 94 413
41 96 286
41 98 355
42 2 468
42 4 306
42 5 368
42 6 293
42 7 385
42 8 358
42 9 312
42 10 301
42 13 494
42 14 252
42 15 423
42 17 294
42 20 302
42 21 407
42 22 468
42 23 277
42 24 270
42 25 387
42 26 254
42 27 469
42 30 367
42 31 445
42 32 406
42 33 444
42 34 259
42 38 455
42 43 437
42 44 269
42 45 476
42 48 413
42 51 491
42 52 489
42 53 422
42 54 250
42 55 280
42 56 250
42 60 473
42 62 326
42 64 428
42 65 470
42 66 439
42 67 290
42 71 399
42 72 373
42 73 433
42 79 283
42 80 311
42 81 334
42 82 367
42 83 288
42 84 498
42 88 451
42 89 288
42 91 385
42 92 482
42 95 405
42 97 367
42 98 293
42 99 419
43 1 384
43 8 484
43 10 357
43 14 350
43 16 406
43 17 277
43 18 422
43 20 392
43 22 273
43 23 340
43 24 346
43 26 361
43 27 444
43 28 323
43 30 459
43 33 406
43 34 440
43 37 309
43 38 276
43 41 391
43 42 437
43 48 262
43 50 425
43 51 357
43 52 300
43 54 440
43 55 373
43 59 473
43 61 442
43 63 451
43 66 473
43 67 297
43 68 443
43 69 357
43 70 265
43 72 358
43 74 450
43 75 482
43 77 500
43 78 482
43 82 469
43 83 359
43 85 291
43 86 259
43 87 489
43 88 421
43 89 406
43 90 302
43 91 365
43 93 393
43 94 336
43 97 397
44 1 416
44 2 444
44 5 310
44 8 481
44 9 488
44 11 449
44 13 498
44 15 294
44 17 252
44 19 463
44 20 438
44 24 494
44 26 295
44 28 263
44 29 254
44 30 368
44 33 298
44 34 254
44 35 371
44 36 393
44 38 278
44 42 269
44 45 326
44 48 251
44 49 453
44 50 402
44 51 468
44 53 311
44 57 333
44 58 277
44 59 268
44 60 465
44 61 259
44 62 336
44 66 419
44 67 478
44 68 254
44 69 329
44 70 456
44 72 255
44 74 469
44 75 343
44 77 256
44 80 411
44 83 360
44 84 348
44 85 260
44 89 330
44 92 358
44 94 456
44 96 391
45 3 383
45 4 403
45 8 484
45 13 453
45 15 476
45 16 467
45 18 440
45 21 456
45 23 262
45 26 464
45 30 276
45 31 272
45 33 439
45 35 350
45 38 385
45 39 281
45 40 368
45 42 476
45 44 326
45 46 358
45 47 308
45 49 416
45 50 428
45 52 364
45 55 378
45 57 352
45 60 259
45 62 499
45 63 483
45 64 256
45 66 493
45 67 381
45 68 337
45 70 423
45 74 250
45 75 277
45 77 337
45 80 424
45 83 333
45 86 462
45 88 343
45 89 438
45 90 254
45 92 492
45 95 473
45 99 305
46 7 488
46 8 401
46 9 435
46 13 424
46 14 361
46 15 475
46 25 264
46 26 363
46 27 396
46 28 385
46 29 423
46 31 459
46 33 331
46 36 285
46 38 446
46 39 422
46 40 260
46 45 358
46 49 364
46 50 424
46 51 327
46 52 408
46 53 309
46 55 336
46 56 412
46 57 460
46 59 335
46 60 351
46 63 287
46 64 398
46 65 343
46 66 335
46 69 381
46 70 443
46 71 409
46 72 474
46 74 290
46 75 421
46 76 429
46 78 280
46 81 365
46 84 300
46 89 365
46 90 310
46 94 295
46 96 358
46 98 383
47 3 404
47 5 458
47 12 484
47 13 267
47 16 396
47 17 420
47 19 260
47 20 436
47 23 417
47 24 299
47 26 489
47 29 390
47 30 305
47 31 442
47 33 404
47 34 497
47 36 393
47 38 422
47 41 307
47 45 308
47 49 430
47 50 315
47 52 330
47 53 485
47 54 263
47 55 328
47 57 439
47 58 493
47 59 386
47 61 462
47 62 305
47 66 472
47 70 495
47 71 433
47 73 280
47 74 473
47 75 377
47 76 255
47 77 273
47 78 429
47 81 361
47 83 257
47 85 386
47 86 377
47 90 485
47 93 451
47 94 350
47 97 254
48 1 495
48 3 318
48 5 298
48 10 323
48 13 391
48 14 492
48 16 404
48 17 362
48 23 400
48 24 474
48 25 492
48 26 462
48 27 256
48 30 449
48 32 267
48 34 259
48 37 433
48 41 355
48 42 413
48 43 262
48 44 251
48 49 264
48 50 369
48 53 302
48 55 430
48 56 376
48 58 463
48 59 413
48 60 261
48 61 483
48 64 447
48 66 318
48 67 326
48 69 383
48 70 454
48 72 343
48 75 388
48 76 448
48 77 482
48 81 312
48 85 401
48 86 455
48 87 326
48 89 468
48 90 417
48 95 282
48 97 481
48 99 368
49 2 269
49 4 421
49 5 426
49 6 484
49 8 260
49 9 330
49 10 308
49 14 387
49 17 421
49 18 290
49 20 287
49 21 278
49 22 380
49 24 462
49 26 355
49 27 496
49 29 392
49 31 482
49 32 419
49 35 446
49 36 309
49 37 261
49 38 386
49 39 419
49 41 452
49 44 453
49 45 416
49 46 364
49 47 430
49 48 264
49 51 418
49 52 492
49 54 440
49 55 262
49 56 400
49 58 468
49 59 491
49 61 260
49 62 457
49 63 474
49 66 270
49 67 268
49 68 375
49 70 445
49 71 435
49 75 440
49 76 486
49 79 297
49 84 327
49 86 261
49 87 349
49 88 260
49 93 321
49 94 307
49 95 356
49 96 490
49 97 270
49 98 406
49 99 259
50 2 489
50 4 311
50 7 436
50 9 409
50 12 273
50 13 397
50 14 465
50 16 498
50 20 342
50 21 309
50 22 342
50 24 425
50 25 460
50 27 493
50 29 282
50 34 480
50 35 479
50 36 482
50 37 266
50 39 353
50 43 425
50 44 402
50 45 428
50 46 424
50 47 315
50 48 369
50 53 327
50 58 254
50 61 405
50 62 310
50 64 352
50 69 475
50 71 460
50 73 391
50 74 362
50 77 418
50 80 416
50 82 263
50 89 254
50 90 286
50 92 272
50 94 385
50 97 280
50 98 333
51 2 389
51 3 316
51 9 381
51 12 303
51 15 500
51 16 385
51 17 341
51 19 294
51 24 395
51 25 373
51 30 368
51 36 448
51 37 272
51 38 269
51 41 488
51 42 491
51 43 357
51 44 468
51 46 327
51 49 418
51 53 329
51 56 271
51 57 391
51 58 332
51 59 274
51 62 393
51 64 424
51 68 353
51 69 426
51 70 396
51 71 373
51 72 332
51 74 451
51 79 491
51 81 500
51 82 322
51 83 263
51 84 251
51 87 462
51 89 307
51 91 322
51 92 394
51 95 320
51 97 342
52 1 489
52 3 443
52 4 275
52 5 373
52 8 371
52 9 333
52 19 405
52 24 333
52 25 260
52 26 498
52 28 260
52 30 274
52 33 467
52 34 365
52 35 402
52 36 340
52 37 472
52 38 418
52 39 429
52 40 312
52 41 403
52 42 489
52 43 300
52 45 364
52 46 408
52 47 330
52 49 492
52 54 441
52 55 327
52 58 384
52 59 307
52 60 270
52 61 404
52 62 466
52 63 270
52 64 295
52 65 419
52 66 397
52 67 422
52 68 466
52 71 393
52 73 267
52 76 402
52 77 326
52 78 499
52 80 471
52 81 411
52 85 365
52 87 444
52 88 458
52 89 491
52 92 477
52 93 473
52 94 425
52 97 279
52 98 326
53 2 292
53 4 363
53 5 278
53 6 464
53 7 318
53 8 448
53 12 258
53 13 396
53 14 489
53 17 472
53 20 402
53 21 319
53 23 287
53 26 298
53 27 250
53 32 386
53 33 442
53 34 490
53 35 457
53 36 445
53 40 423
53 41 323
53 42 422
53 44 311
53 46 309
53 47 485
53 48 302
53 50 327
53 51 329
53 54 387
53 55 374
53 57 382
53 59 367
53 60 273
53 62 254
53 67 309
53 70 453
53 71 336
53 73 413
53 75 458
53 77 317
53 79 286
53 80 471
53 82 496
53 83 473
53 85 489
53 87 486
53 88 384
53 90 487
53 93 420
53 95 385
53 96 357
53 97 461
53 98 264
53 99 348
54 1 284
54 3 374
54 5 388
54 8 320
54 9 357
54 10 419
54 14 485
54 16 473
54 17 339
54 24 291
54 26 414
54 28 266
54 29 299
54 32 474
54 33 256
54 34 453
54 37 425
54 39 432
54 41 365
54 42 250
54 43 440
54 47 263
54 49 440
54 52 441
54 53 387
54 55 354
54 56 324
54 59 456
54 60 302
54 62 396
54 64 269
54 69 468
54 72 361
54 74 430
54 75 482
54 76 312
54 78 327
54 79 497
54 80 445
54 84 362
54 85 401
54 86 272
54 89 329
54 94 456
54 96 371
54 98 328
55 1 428
55 2 500
55 8 335
55 9 343
55 13 349
55 14 312
55 16 323
55 19 473
55 21 442
55 22 345
55 23 469
55 24 278
55 25 421
55 28 441
55 33 418
55 34 277
55 36 327
55 37 258
55 38 315
55 39 330
55 42 280
55 43 373
55 45 378
55 46 336
55 47 328
55 48 430
55 49 262
55 52 327
55 53 374
55 54 354
55 56 386
55 57 451
55 59 394
55 61 390
55 62 353
55 66 428
55 67 391
55 70 342
55 71 326
55 74 406
55 75 275
55 77 283
55 78 443
55 80 385
55 81 414
55 82 492
55 83 394
55 84 494
55 85 356
55 87 443
55 88 420
55 89 312
55 91 387
55 92 431
55 95 266
55 96 363
55 98 383
55 99 348
56 3 365
56 4 393
56 8 359
56 10 339
56 12 496
56 13 419
56 14 496
56 15 350
56 16 253
56 17 276
56 20 299
56 21 345
56 22 263
56 23 429
56 25 398
56 26 468
56 27 262
56 30 319
56 32 412
56 33 491
56 34 299
56 35 339
56 36 284
56 37 418
56 39 490
56 41 363
56 42 250
56 46 412
56 48 376
56 49 400
56 51 271
56 54 324
56 55 386
56 60 429
56 61 446
56 62 398
56 63 269
56 64 431
56 66 430
56 67 494
56 68 447
56 70 297
56 71 381
56 75 285
56 76 477
56 79 353
56 80 387
56 82 313
56 87 273
56 89 352
56 90 284
56 92 369
56 93 492
56 98 426
57 1 410
57 2 440
57 3 317
57 5 417
57 6 286
57 7 410
57 8 345
57 10 422
57 13 324
57 15 368
57 18 421
57 19 388
57 20 353
57 22 353
57 23 364
57 24 415
57 26 340
57 29 439
57 30 265
57 32 368
57 35 346
57 37 313
57 41 441
57 44 333
57 45 352
57 46 460
57 47 439
57 51 391
57 53 382
57 55 451
57 61 399
57 62 333
57 63 478
57 67 394
57 69 313
57 71 356
57 72 393
57 73 424
57 74 399
57 75 410
57 76 442
57 78 373
57 81 451
57 84 326
57 87 333
57 88 299
57 90 368
57 93 260
57 96 296
57 99 483
58 1 449
58 4 345
58 7 479
58 8 251
58 15 397
58 16 464
58 17 355
58 19 257
58 20 317
58 21 280
58 22 308
58 23 258
58 25 271
58 26 314
58 30 333
58 34 255
58 35 385
58 36 471
58 38 264
58 41 284
58 44 277
58 47 493
58 48 463
58 49 468
58 50 254
58 51 332
58 52 384
58 59 360
58 61 481
58 62 287
58 64 397
58 65 446
58 66 492
58 71 280
58 72 320
58 75 315
58 76 409
58 81 294
58 83 479
58 84 352
58 89 387
58 90 310
58 93 315
58 95 343
58 99 269
59 1 263
59 3 330
59 4 447
59 5 452
59 6 400
59 7 448
59 10 285
59 11 330
59 18 491
59 19 442
59 22 470
59 24 337
59 25 454
59 26 448
59 27 382
59 30 359
59 33 485
59 34 499
59 35 410
59 36 492
59 41 323
59 43 473
59 44 268
59 46 335
59 47 386
59 48 413
59 49 491
59 51 274
59 52 307
59 53 367
59 54 456
59 55 394
59 58 360
59 60 457
59 61 272
59 62 286
59 66 284
59 67 371
59 69 410
59 70 375
59 71 433
59 72 382
59 73 384
59 74 301
59 75 273
59 76 253
59 78 359
59 84 411
59 86 261
59 91 387
59 92 312
59 94 292
59 95 363
59 99 352
60 2 491
60 4 355
60 7 360
60 10 456
60 12 367
60 15 492
60 16 420
60 19 250
60 21 356
60 23 364
60 26 489
60 28 384
60 33 257
60 34 287
60 35 254
60 36 431
60 37 490
60 38 354
60 39 338
60 41 295
60 42 473
60 44 465
60 45 259
60 46 351
60 48 261
60 52 270
60 53 273
60 54 302
60 56 429
60 59 457
60 61 267
60 62 498
60 63 393
60 64 308
60 67 329
60 70 305
60 71 446
60 72 359
60 75 389
60 79 397
60 82 335
60 83 393
60 84 341
60 86 254
60 88 338
60 89 452
60 91 447
60 93 382
60 98 363
60 99 330
61 1 369
61 2 261
61 3 413
61 6 424
61 12 314
61 13 344
61 14 468
61 20 316
61 21 398
61 22 370
61 27 330
61 28 447
61 30 311
61 31 276
61 34 353
61 40 479
61 41 452
61 43 442
61 44 259
61 47 462
61 48 483
61 49 260
61 50 405
61 52 404
61 55 390
61 56 446
61 57 399
61 58 481
61 59 272
61 60 267
61 65 391
61 66 498
61 70 343
61 73 395
61 75 359
61 78 454
61 79 255
61 81 420
61 85 498
61 86 295
61 91 390
61 93 326
61 94 430
61 97 325
61 99 456
62 1 411
62 2 434
62 4 465
62 10 486
62 11 411
62 13 420
62 15 375
62 17 355
62 18 349
62 20 493
62 21 348
62 22 334
62 23 404
62 25 335
62 28 455
62 29 474
62 36 293
62 37 359
62 38 470
62 40 452
62 42 326
62 44 336
62 45 499
62 47 305
62 49 457
62 50 310
62 51 393
62 52 466
62 53 254
62 54 396
62 55 353
62 56 398
62 57 333
62 58 287
62 59 286
62 60 498
62 64 411
62 65 412
62 68 330
62 69 424
62 70 349
62 72 439
62 73 303
62 75 493
62 76 349
62 77 459
62 79 444
62 80 451
62 81 473
62 90 313
62 91 285
62 92 354
62 95 485
62 98 491
62 99 268
63 2 349
63 3 374
63 4 383
63 6 441
63 7 498
63 8 353
63 11 268
63 12 444
63 13 250
63 15 395
63 18 376
63 19 293
63 20 321
63 22 399
63 23 479
63 24 412
63 30 498
63 32 314
63 36 250
63 38 376
63 39 364
63 40 447
63 41 256
63 43 451
63 45 483
63 46 287
63 49 474
63 52 270
63 56 269
63 57 478
63 60 393
63 64 283
63 65 464
63 67 407
63 69 395
63 71 321
63 72 439
63 74 406
63 75 474
63 77 269
63 82 445
63 83 387
63 84 308
63 85 407
63 87 442
63 90 367
63 91 293
63 92 405
63 93 442
63 96 377
63 98 441
63 99 462
64 1 281
64 2 308
64 3 350
64 4 296
64 12 365
64 14 449
64 15 258
64 16 474
64 17 269
64 22 420
64 25 361
64 27 333
64 31 410
64 37 361
64 38 396
64 40 362
64 42 428
64 45 256
64 46 398
64 48 447
64 50 352
64 51 424
64 52 295
64 54 269
64 56 431
64 58 397
64 60 308
64 62 411
64 63 283
64 65 394
64 66 318
64 68 500
64 69 349
64 74 383
64 75 387
64 78 306
64 79 261
64 80 370
64 81 309
64 82 418
64 84 482
64 85 468
64 87 486
64 89 294
64 90 439
64 92 292
64 94 418
64 99 403
65 1 413
65 4 265
65 5 402
65 9 402
65 12 497
65 13 484
65 14 269
65 15 332
65 19 427
65 21 345
65 24 283
65 25 356
65 27 400
65 35 370
65 37 354
65 40 462
65 41 378
65 42 470
65 46 343
65 52 419
65 58 446
65 61 391
65 62 412
65 63 464
65 64 394
65 67 358
65 69 391
65 70 384
65 73 423
65 75 452
65 78 345
65 80 452
65 81 429
65 82 367
65 85 272
65 88 473
65 89 298
65 90 303
65 96 308
65 97 375
65 99 392
66 1 356
66 3 269
66 6 351
66 12 462
66 16 473
66 17 342
66 18 397
66 20 274
66 23 281
66 26 431
66 27 472
66 28 422
66 29 417
66 31 490
66 36 280
66 37 420
66 38 325
66 41 470
66 42 439
66 43 473
66 44 419
66 45 493
66 46 335
66 47 472
66 48 318
66 49 270
66 52 397
66 55 428
66 56 430
66 58 492
66 59 284
66 61 498
66 64 318
66 70 373
66 72 443
66 75 484
66 77 377
66 84 340
66 85 354
66 86 261
66 87 300
66 88 316
66 89 495
66 94 347
66 96 294
66 98 497
67 2 473
67 6 267
67 9 419
67 10 455
67 11 270
67 12 462
67 17 403
67 23 427
67 29 310
67 31 468
67 34 290
67 39 343
67 41 327
67 42 290
67 43 297
67 44 478
67 45 381
67 48 326
67 49 268
67 52 422
67 53 309
67 55 391
67 56 494
67 57 394
67 59 371
67 60 329
67 63 407
67 65 358
67 68 365
67 69 391
67 72 489
67 74 257
67 77 250
67 79 368
67 80 468
67 81 272
67 84 423
67 86 297
67 87 327
67 88 440
67 91 281
67 93 477
67 96 382
67 98 405
67 99 499
68 2 481
68 3 421
68 6 419
68 7 459
68 8 330
68 9 264
68 10 425
68 14 420
68 17 343
68 20 262
68 22 406
68 24 378
68 26 343
68 27 437
68 28 443
68 29 283
68 30 297
68 31 423
68 33 396
68 35 334
68 39 408
68 41 449
68 43 443
68 44 254
68 45 337
68 49 375
68 51 353
68 52 466
68 56 447
68 62 330
68 64 500
68 67 365
68 69 299
68 70 365
68 72 315
68 74 316
68 78 382
68 79 364
68 80 431
68 81 486
68 82 260
68 84 405
68 85 428
68 86 423
68 87 346
68 88 479
68 92 374
68 96 351
68 98 391
68 99 363
69 1 488
69 2 384
69 6 419
69 7 309
69 8 338
69 9 356
69 10 295
69 15 490
69 16 351
69 17 261
69 18 436
69 20 468
69 26 287
69 28 269
69 34 484
69 36 250
69 39 334
69 40 280
69 41 340
69 43 357
69 44 329
69 46 381
69 48 383
69 50 475
69 51 426
69 54 468
69 57 313
69 59 410
69 62 424
69 63 395
69 64 349
69 65 391
69 67 391
69 68 299
69 71 454
69 73 313
69 75 290
69 76 469
69 78 366
69 80 288
69 81 280
69 84 375
69 85 428
69 91 298
69 92 431
69 94 488
69 95 413
69 97 358
69 98 444
70 1 303
70 2 353
70 4 352
70 5 430
70 6 414
70 10 500
70 12 430
70 14 403
70 17 480
70 18 372
70 20 347
70 21 320
70 23 417
70 24 408
70 25 482
70 26 379
70 27 271
70 28 332
70 29 487
70 34 291
70 36 451
70 39 253
70 41 459
70 43 265
70 44 456
70 45 423
70 46 443
70 47 495
70 48 454
70 49 445
70 51 396
70 53 453
70 55 342
70 56 297
70 59 375
70 60 305
70 61 343
70 62 349
70 65 384
70 66 373
70 68 365
70 72 479
70 73 436
70 77 414
70 79 482
70 81 497
70 82 329
70 83 364
70 85 495
70 86 311
70 87 475
70 90 312
70 91 426
70 93 379
70 95 259
70 96 428
70 97 340
71 1 435
71 3 256
71 6 450
71 10 254
71 11 478
71 12 466
71 14 433
71 15 363
71 16 294
71 17 493
71 18 464
71 19 285
71 21 287
71 24 468
71 26 452
71 27 258
71 28 335
71 34 403
71 36 427
71 38 453
71 39 408
71 41 443
71 42 399
71 46 409
71 47 433
71 49 435
71 50 460
71 51 373
71 52 393
71 53 336
71 55 326
71 56 381
71 57 356
71 58 280
71 59 433
71 60 446
71 63 321
71 69 454
71 73 361
71 75 275
71 76 338
71 78 485
71 81 470
71 82 384
71 84 393
71 85 348
71 86 334
71 87 338
71 92 374
71 93 344
71 95 307
71 96 394
71 97 445
71 98 331
72 3 278
72 5 263
72 10 355
72 11 400
72 12 285
72 13 250
72 14 363
72 15 270
72 16 484
72 18 396
72 23 424
72 24 434
72 25 387
72 29 387
72 32 274
72 36 460
72 37 352
72 38 422
72 40 441
72 41 391
72 42 373
72 43 358
72 44 255
72 46 474
72 48 343
72 51 332
72 54 361
72 57 393
72 58 320
72 59 382
72 60 359
72 62 439
72 63 439
72 66 443
72 67 489
72 68 315
72 70 479
72 75 418
72 76 363
72 79 464
72 80 446
72 84 423
72 86 406
72 88 322
72 89 404
72 91 274
72 93 378
72 95 380
72 97 424
72 99 406
73 1 289
73 3 347
73 8 483
73 9 274
73 11 493
73 13 406
73 15 332
73 17 412
73 18 416
73 19 317
73 22 482
73 23 273
73 24 465
73 26 361
73 27 482
73 28 357
73 31 334
73 32 388
73 34 267
73 37 330
73 39 494
73 42 433
73 47 280
73 50 391
73 52 267
73 53 413
73 57 424
73 59 384
73 61 395
73 62 303
73 65 423
73 69 313
73 70 436
73 71 361
73 74 310
73 78 470
73 79 414
73 80 436
73 83 271
73 85 495
73 87 328
73 98 277
73 99 421
74 1 385
74 2 408
74 3 413
74 5 279
74 6 296
74 10 341
74 13 300
74 16 397
74 18 479
74 19 253
74 21 300
74 22 370
74 24 277
74 25 250
74 26 390
74 28 384
74 29 439
74 32 272
74 33 264
74 35 408
74 36 253
74 37 325
74 38 421
74 39 320
74 40 392
74 41 285
74 43 450
74 44 469
74 45 250
74 46 290
74 47 473
74 50 362
74 51 451
74 54 430
74 55 406
74 57 399
74 59 301
74 63 406
74 64 383
74 67 257
74 68 316
74 73 310
74 75 370
74 77 401
74 80 306
74 87 405
74 88 479
74 89 454
74 90 478
74 94 438
74 95 410
74 96 297
74 97 365
74 98 251
75 4 418
75 5 478
75 7 473
75 8 352
75 9 476
75 10 450
75 11 372
75 13 400
75 14 377
75 16 387
75 18 263
75 19 322
75 20 357
75 24 456
75 34 280
75 36 425
75 37 426
75 38 302
75 39 344
75 40 383
75 43 482
75 44 343
75 45 277
75 46 421
75 47 377
75 48 388
75 49 440
75 53 458
75 54 482
75 55 275
75 56 285
75 57 410
75 58 315
75 59 273
75 60 389
75 61 359
75 62 493
75 63 474
75 64 387
75 65 452
75 66 484
75 69 290
75 71 275
75 72 418
75 74 370
75 78 300
75 79 373
75 80 281
75 81 281
75 82 480
75 84 329
75 87 476
75 88 283
75 91 352
75 92 390
75 94 270
75 95 324
75 96 374
75 98 257
76 4 469
76 10 337
76 11 297
76 14 412
76 16 452
76 18 413
76 19 424
76 20 436
76 21 419
76 23 302
76 24 250
76 26 326
76 27 372
76 29 444
76 31 369
76 33 266
76 34 307
76 40 442
76 46 429
76 47 255
76 48 448
76 49 486
76 52 402
76 54 312
76 56 477
76 57 442
76 58 409
76 59 253
76 62 349
76 69 469
76 71 338
76 72 363
76 77 364
76 81 380
76 93 477
76 94 420
76 97 400
77 4 486
77 5 377
77 11 314
77 12 388
77 13 263
77 14 425
77 18 356
77 20 354
77 21 435
77 24 469
77 25 397
77 26 369
77 27 383
77 30 265
77 31 440
77 33 291
77 34 295
77 35 287
77 38 492
77 41 329
77 43 500
77 44 256
77 45 337
77 47 273
77 48 482
77 50 418
77 52 326
77 53 317
77 55 283
77 62 459
77 63 269
77 66 377
77 67 250
77 70 414
77 74 401
77 76 364
77 79 427
77 80 486
77 82 493
77 85 429
77 87 499
77 90 397
77 91 384
77 92 460
77 93 390
77 99 279
78 3 378
78 5 395
78 6 342
78 7 489
78 10 490
78 11 398
78 12 470
78 13 387
78 16 318
78 18 295
78 19 253
78 20 405
78 21 477
78 22 261
78 23 465
78 27 440
78 30 494
78 31 415
78 33 416
78 34 362
78 36 310
78 38 494
78 41 465
78 43 482
78 46 280
78 47 429
78 52 499
78 54 327
78 55 443
78 57 373
78 59 359
78 61 454
78 64 306
78 65 345
78 68 382
78 69 366
78 71 485
78 73 470
78 75 300
78 80 408
78 82 382
78 85 278
78 86 359
78 87 296
78 91 358
78 94 500
78 97 392
78 98 441
78 99 409
79 3 258
79 5 450
79 6 384
79 8 500
79 9 280
79 14 377
79 18 263
79 19 401
79 20 314
79 21 261
79 22 389
79 23 352
79 28 498
79 29 351
79 30 459
79 33 391
79 34 443
79 35 368
79 36 254
79 41 272
79 42 283
79 49 297
79 51 491
79 53 286
79 54 497
79 56 353
79 60 397
79 61 255
79 62 444
79 64 261
79 67 368
79 68 364
79 70 482
79 72 464
79 73 414
79 75 373
79 77 427
79 80 435
79 85 476
79 86 440
79 87 492
79 90 269
79 91 414
79 92 450
79 94 335
79 95 269
79 96 343
79 98 353
80 4 457
80 7 449
80 8 393
80 9 362
80 11 279
80 16 395
80 18 461
80 23 337
80 24 375
80 25 481
80 28 330
80 30 474
80 32 304
80 33 368
80 35 460
80 36 445
80 37 334
80 38 310
80 40 305
80 42 311
80 44 411
80 45 424
80 50 416
80 52 471
80 53 471
80 54 445
80 55 385
80 56 387
80 62 451
80 64 370
80 65 452
80 67 468
80 68 431
80 69 288
80 72 446
80 73 436
80 74 306
80 75 281
80 77 486
80 78 408
80 79 435
80 81 331
80 82 296
80 84 403
80 85 257
80 86 361
80 88 379
80 89 445
80 90 315
80 91 481
80 94 428
80 97 461
80 98 494
80 99 425
81 1 299
81 3 382
81 4 427
81 5 492
81 6 276
81 7 263
81 8 483
81 12 258
81 13 440
81 14 445
81 15 437
81 16 492
81 18 259
81 22 286
81 26 387
81 28 331
81 29 317
81 31 479
81 33 357
81 35 276
81 38 344
81 42 334
81 46 365
81 47 361
81 48 312
81 51 500
81 52 411
81 55 414
81 57 451
81 58 294
81 61 420
81 62 473
81 64 309
81 65 429
81 67 272
81 68 486
81 69 280
81 70 497
81 71 470
81 75 281
81 76 380
81 80 331
81 83 491
81 84 283
81 86 458
81 87 410
81 92 269
81 94 481
81 99 441
82 2 300
82 5 427
82 7 466
82 9 414
82 10 284
82 12 308
82 13 339
82 15 379
82 16 476
82 19 306
82 20 456
82 21 467
82 22 305
82 23 452
82 26 361
82 27 390
82 28 290
82 29 491
82 30 452
82 36 259
82 37 267
82 40 312
82 42 367
82 43 469
82 50 263
82 51 322
82 53 496
82 55 492
82 56 313
82 60 335
82 63 445
82 64 418
82 65 367
82 68 260
82 70 329
82 71 384
82 75 480
82 77 493
82 78 382
82 80 296
82 83 459
82 84 411
82 85 380
82 86 452
82 89 290
82 90 310
82 93 340
82 95 453
82 97 281
82 98 410
82 99 315
83 1 456
83 6 452
83 8 459
83 12 488
83 13 386
83 15 464
83 17 485
83 18 381
83 19 351
83 21 337
83 22 423
83 24 266
83 26 330
83 27 254
83 28 305
83 30 280
83 31 328
83 32 323
83 33 401
83 34 380
83 37 458
83 38 334
83 40 345
83 41 344
83 42 288
83 43 359
83 44 360
83 45 333
83 47 257
83 51 263
83 53 473
83 55 394
83 58 479
83 60 393
83 63 387
83 70 364
83 73 271
83 81 491
83 82 459
83 89 262
83 90 407
83 91 470
83 92 251
83 94 276
83 96 276
83 98 262
83 99 464
84 1 445
84 5 443
84 10 323
84 11 337
84 12 359
84 14 293
84 15 356
84 19 462
84 20 389
84 21 389
84 22 465
84 23 460
84 24 317
84 25 299
84 26 402
84 29 343
84 31 328
84 32 361
84 36 297
84 38 406
84 39 357
84 41 465
84 42 498
84 44 348
84 46 300
84 49 327
84 51 251
84 54 362
84 55 494
84 57 326
84 58 352
84 59 411
84 60 341
84 63 308
84 64 482
84 66 340
84 67 423
84 68 405
84 69 375
84 71 393
84 72 423
84 75 329
84 80 403
84 81 283
84 82 411
84 85 452
84 89 466
84 92 434
84 93 357
84 95 260
84 97 268
84 98 379
84 99 454
85 4 264
85 5 454
85 6 482
85 7 416
85 9 404
85 10 283
85 12 254
85 14 273
85 15 443
85 17 444
85 20 330
85 22 356
85 24 268
85 29 421
85 31 253
85 35 301
85 36 414
85 37 367
85 39 398
85 40 295
85 41 313
85 43 291
85 44 260
85 47 386
85 48 401
85 52 365
85 53 489
85 54 401
85 55 356
85 61 498
85 63 407
85 64 468
85 65 272
85 66 354
85 68 428
85 69 428
85 70 495
85 71 348
85 73 495
85 77 429
85 78 278
85 79 476
85 80 257
85 82 380
85 84 452
85 87 452
85 88 408
85 92 404
85 96 442
85 97 376
85 98 431
85 99 261
86 1 276
86 4 495
86 5 407
86 8 298
86 13 382
86 14 351
86 20 344
86 23 299
86 24 336
86 29 366
86 32 379
86 33 389
86 36 313
86 38 323
86 40 496
86 41 360
86 43 259
86 45 462
86 47 377
86 48 455
86 49 261
86 54 272
86 59 261
86 60 254
86 61 295
86 66 261
86 67 297
86 68 423
86 70 311
86 71 334
86 72 406
86 78 359
86 79 440
86 80 361
86 81 458
86 82 452
86 87 259
86 88 418
86 91 493
86 93 283
86 99 354
87 1 418
87 3 339
87 4 403
87 6 306
87 9 419
87 10 336
87 17 458
87 19 265
87 22 349
87 23 497
87 24 353
87 25 379
87 26 490
87 30 436
87 31 326
87 32 447
87 39 361
87 41 488
87 43 489
87 48 326
87 49 349
87 51 462
87 52 444
87 53 486
87 55 443
87 56 273
87 57 333
87 63 442
87 64 486
87 66 300
87 67 327
87 68 346
87 70 475
87 71 338
87 73 328
87 74 405
87 75 476
87 77 499
87 78 296
87 79 492
87 81 410
87 85 452
87 86 259
87 89 335
87 90 424
87 93 335
87 95 301
87 97 304
88 1 282
88 2 264
88 3 410
88 5 322
88 8 393
88 14 415
88 15 314
88 16 463
88 17 284
88 20 251
88 21 278
88 24 353
88 30 257
88 33 284
88 37 337
88 39 318
88 40 396
88 41 467
88 42 451
88 43 421
88 45 343
88 49 260
88 52 458
88 53 384
88 55 420
88 57 299
88 60 338
88 65 473
88 66 316
88 67 440
88 68 479
88 72 322
88 74 479
88 75 283
88 80 379
88 85 408
88 86 418
88 91 456
88 92 310
88 93 428
88 94 317
88 95 397
88 96 401
88 97 492
88 98 383
88 99 265
89 3 456
89 4 486
89 8 494
89 9 459
89 10 397
89 13 252
89 14 360
89 19 305
89 20 250
89 21 500
89 23 252
89 24 271
89 25 261
89 27 386
89 31 280
89 33 350
89 37 271
89 42 288
89 43 406
89 44 330
89 45 438
89 46 365
89 48 468
89 50 254
89 51 307
89 52 491
89 54 329
89 55 312
89 56 352
89 58 387
89 60 452
89 64 294
89 65 298
89 66 495
89 72 404
89 74 454
89 80 445
89 82 290
89 83 262
89 84 466
89 87 335
89 90 299
89 91 409
89 92 291
89 94 330
89 98 395
89 99 313
90 1 330
90 2 299
90 3 415
90 5 476
90 9 315
90 10 395
90 11 438
90 12 353
90 14 318
90 17 313
90 18 482
90 20 365
90 23 269
90 26 429
90 29 337
90 31 363
90 35 331
90 36 293
90 38 309
90 39 333
90 40 489
90 43 302
90 45 254
90 46 310
90 47 485
90 48 417
90 50 286
90 53 487
90 56 284
90 57 368
90 58 310
90 62 313
90 63 367
90 64 439
90 65 303
90 70 312
90 74 478
90 77 397
90 79 269
90 80 315
90 82 310
90 83 407
90 87 424
90 89 299
90 91 364
90 94 286
90 96 460
90 98 271
91 1 257
91 2 489
91 8 375
91 10 250
91 13 339
91 14 424
91 16 395
91 17 266
91 18 406
91 21 497
91 24 272
91 25 278
91 27 348
91 30 254
91 31 367
91 33 495
91 34 472
91 35 418
91 37 478
91 40 341
91 41 362
91 42 385
91 43 365
91 51 322
91 55 387
91 59 387
91 60 447
91 61 390
91 62 285
91 63 293
91 67 281
91 69 298
91 70 426
91 72 274
91 75 352
91 77 384
91 78 358
91 79 414
91 80 481
91 83 470
91 86 493
91 88 456
91 89 409
91 90 364
91 92 299
91 99 467
92 5 487
92 6 438
92 8 379
92 10 281
92 11 447
92 18 261
92 19 308
92 20 498
92 25 443
92 26 311
92 28 460
92 31 314
92 35 486
92 37 368
92 39 257
92 41 428
92 42 482
92 44 358
92 45 492
92 50 272
92 51 394
92 52 477
92 55 431
92 56 369
92 59 312
92 62 354
92 63 405
92 64 292
92 68 374
92 69 431
92 71 374
92 75 390
92 77 460
92 79 450
92 81 269
92 83 251
92 84 434
92 85 404
92 88 310
92 89 291
92 91 299
92 93 423
92 97 424
93 3 267
93 5 483
93 6 307
93 9 490
93 10 312
93 12 382
93 13 342
93 15 416
93 16 375
93 19 304
93 20 385
93 21 486
93 22 415
93 23 479
93 24 370
93 25 332
93 27 472
93 30 330
93 31 336
93 34 478
93 36 354
93 37 333
93 39 406
93 40 319
93 43 393
93 47 451
93 49 321
93 52 473
93 53 420
93 56 492
93 57 260
93 58 315
93 60 382
93 61 326
93 63 442
93 67 477
93 70 379
93 71 344
93 72 378
93 76 477
93 77 390
93 82 340
93 84 357
93 86 283
93 87 335
93 88 428
93 92 423
93 94 252
93 95 417
93 98 496
94 2 284
94 3 332
94 4 403
94 7 419
94 10 497
94 11 263
94 12 413
94 13 430
94 14 489
94 15 341
94 16 491
94 17 383
94 18 356
94 20 279
94 22 445
94 24 485
94 25 410
94 26 455
94 27 364
94 29 433
94 31 484
94 32 371
94 33 275
94 34 398
94 35 373
94 36 364
94 37 303
94 41 413
94 43 336
94 44 456
94 46 295
94 47 350
94 49 307
94 50 385
94 52 425
94 54 456
94 59 292
94 61 430
94 64 418
94 66 347
94 69 488
94 74 438
94 75 270
94 76 420
94 78 500
94 79 335
94 80 428
94 81 481
94 83 276
94 88 317
94 89 330
94 90 286
94 93 252
94 98 318
95 2 473
95 4 370
95 5 496
95 6 472
95 10 357
95 13 263
95 15 266
95 17 474
95 20 384
95 21 272
95 22 401
95 23 293
95 24 494
95 25 349
95 26 301
95 28 496
95 29 322
95 31 259
95 33 423
95 34 300
95 38 375
95 39 267
95 40 311
95 42 405
95 45 473
95 48 282
95 49 356
95 51 320
95 53 385
95 55 266
95 58 343
95 59 363
95 62 485
95 69 413
95 70 259
95 71 307
95 72 380
95 74 410
95 75 324
95 79 269
95 82 453
95 84 260
95 87 301
95 88 397
95 93 417
95 96 289
95 97 271
96 1 264
96 5 313
96 6 432
96 8 378
96 11 401
96 14 297
96 15 448
96 17 399
96 18 274
96 20 451
96 21 316
96 22 441
96 23 291
96 24 477
96 26 465
96 28 354
96 30 323
96 33 395
96 37 419
96 39 500
96 40 359
96 41 286
96 44 391
96 46 358
96 49 490
96 53 357
96 54 371
96 55 363
96 57 296
96 63 377
96 65 308
96 66 294
96 67 382
96 68 351
96 70 428
96 71 394
96 74 297
96 75 374
96 79 343
96 83 276
96 85 442
96 88 401
96 90 460
96 95 289
96 97 286
96 98 325
96 99 437
97 1 296
97 6 269
97 9 319
97 11 253
97 13 419
97 14 447
97 17 267
97 18 385
97 19 336
97 21 345
97 28 440
97 29 301
97 32 286
97 33 347
97 34 455
97 39 380
97 40 269
97 42 367
97 43 397
97 47 254
97 48 481
97 49 270
97 50 280
97 51 342
97 52 279
97 53 461
97 61 325
97 65 375
97 69 358
97 70 340
97 71 445
97 72 424
97 74 365
97 76 400
97 78 392
97 80 461
97 82 281
97 84 268
97 85 376
97 87 304
97 88 492
97 92 424
97 95 271
97 96 286
98 2 351
98 5 270
98 6 259
98 8 319
98 12 481
98 13 473
98 16 376
98 18 268
98 21 372
98 22 290
98 23 338
98 24 387
98 27 266
98 28 401
98 32 258
98 34 337
98 37 437
98 38 294
98 39 474
98 40 271
98 41 355
98 42 293
98 46 383
98 49 406
98 50 333
98 52 326
98 53 264
98 54 328
98 55 383
98 56 426
98 60 363
98 62 491
98 63 441
98 66 497
98 67 405
98 68 391
98 69 444
98 71 331
98 73 277
98 74 251
98 75 257
98 78 441
98 79 353
98 80 494
98 82 410
98 83 262
98 84 379
98 85 431
98 88 383
98 89 395
98 90 271
98 93 496
98 94 318
98 96 325
1 t 284
3 t 306
6 t 486
10 t 492
11 t 466
12 t 498
15 t 367
16 t 500
17 t 400
19 t 393
20 t 311
23 t 279
29 t 348
34 t 355
35 t 303
36 t 499
38 t 309
40 t 273
42 t 419
45 t 305
48 t 368
49 t 259
53 t 348
55 t 348
57 t 483
58 t 269
59 t 352
60 t 330
61 t 456
62 t 268
63 t 462
64 t 403
65 t 392
67 t 499
68 t 363
72 t 406
73 t 421
77 t 279
78 t 409
80 t 425
81 t 441
82 t 315
83 t 464
84 t 454
85 t 261
86 t 354
88 t 265
89 t 313
91 t 467
96 t 437
