s 1 412
s 4 432
s 5 290
s 6 295
s 7 425
s 8 352
s 10 314
s 11 284
s 14 416
s 15 455
s 16 472
s 17 481
s 23 253
s 24 291
s 25 401
s 28 433
s 33 385
s 34 340
s 37 373
s 38 262
s 40 368
s 44 375
s 45 496
s 46 421
s 47 288
s 49 358
s 51 319
s 52 277
s 54 350
s 58 304
s 59 435
s 64 364
s 68 472
s 73 404
s 74 491
s 75 409
s 76 357
s 78 423
s 80 312
s 81 301
s 83 376
s 84 301
s 86 456
s 88 328
s 89 388
s 90 385
s 92 359
s 95 346
s 96 396
s 98 253
1 8 372
1 9 382
1 11 458
1 15 370
1 18 309
1 19 373
1 20 434
1 22 460
1 23 388
1 24 426
1 25 336
1 28 469
1 30 296
1 32 298
1 38 259
1 40 327
1 41 385
1 42 318
1 45 416
1 46 303
1 47 411
1 50 344
1 52 271
1 54 340
1 55 411
1 56 377
1 57 442
1 58 321
1 59 400
1 60 270
1 62 410
1 63 452
1 68 263
1 69 390
1 71 448
1 73 444
1 79 427
1 80 319
1 82 442
1 85 253
1 86 330
1 88 327
1 92 412
1 93 500
1 95 496
1 96 282
1 98 441
1 99 284
2 5 398
2 8 272
2 9 311
2 11 317
2 12 389
2 15 456
2 16 299
2 17 413
2 19 360
2 20 286
2 22 272
2 23 396
2 24 383
2 26 266
2 27 334
2 29 295
2 30 492
2 33 422
2 34 495
2 35 477
2 37 270
2 38 460
2 39 333
2 41 334
2 42 425
2 46 344
2 51 439
2 52 377
2 54 388
2 56 462
2 57 311
2 59 369
2 61 368
2 63 419
2 64 378
2 70 353
2 72 367
2 73 335
2 74 278
2 79 363
2 83 305
2 86 405
2 88 461
2 94 464
2 96 473
2 97 366
2 98 421
2 99 407
3 4 443
3 5 282
3 6 488
3 7 255
3 8 314
3 9 446
3 10 341
3 13 262
3 17 451
3 20 403
3 21 279
3 22 322
3 23 315
3 24 431
3 25 337
3 27 273
3 30 442
3 32 328
3 33 315
3 34 483
3 35 292
3 36 423
3 37 346
3 40 337
3 41 287
3 42 386
3 43 305
3 44 280
3 45 404
3 46 354
3 51 260
3 52 446
3 53 422
3 54 458
3 57 480
3 59 299
3 63 442
3 64 390
3 70 370
3 71 369
3 72 385
3 73 288
3 74 419
3 76 422
3 78 289
3 79 280
3 82 478
3 84 297
3 86 376
3 87 337
3 89 356
3 93 447
3 96 335
3 97 476
3 99 440
4 3 443
4 5 316
4 7 444
4 8 327
4 10 411
4 15 403
4 16 289
4 17 313
4 19 405
4 20 349
4 22 334
4 24 451
4 25 272
4 27 306
4 28 486
4 32 286
4 36 381
4 39 319
4 40 472
4 42 440
4 44 303
4 46 469
4 52 429
4 53 398
4 55 479
4 59 483
4 62 339
4 65 409
4 72 313
4 74 427
4 77 330
4 78 407
4 79 466
4 83 286
4 84 438
4 85 371
4 87 467
4 88 471
4 89 330
4 91 282
4 92 274
4 95 493
4 96 407
5 2 398
5 3 282
5 4 316
5 6 336
5 7 307
5 11 271
5 12 333
5 14 250
5 16 480
5 18 276
5 19 275
5 20 426
5 21 445
5 22 366
5 23 367
5 24 352
5 25 488
5 27 451
5 30 481
5 32 312
5 33 262
5 34 444
5 35 415
5 36 471
5 37 412
5 38 372
5 42 457
5 43 273
5 44 259
5 45 441
5 52 361
5 53 267
5 54 437
5 55 384
5 56 329
5 61 393
5 62 459
5 64 476
5 65 255
5 66 421
5 67 278
5 69 472
5 70 338
5 71 336
5 72 349
5 74 412
5 75 448
5 76 301
5 77 342
5 84 286
5 85 338
5 89 370
5 90 301
5 94 301
5 95 498
5 96 306
5 97 371
5 98 458
6 3 488
6 5 336
6 7 276
6 9 301
6 11 282
6 13 274
6 14 422
6 17 275
6 18 386
6 21 486
6 22 448
6 23 351
6 24 463
6 25 479
6 26 359
6 28 454
6 29 332
6 30 313
6 32 404
6 33 318
6 35 420
6 39 463
6 40 435
6 42 285
6 43 313
6 47 339
6 48 336
6 49 491
6 50 268
6 51 477
6 54 470
6 55 452
6 56 272
6 58 353
6 59 269
6 62 411
6 64 348
6 66 330
6 71 336
6 72 400
6 74 371
6 76 302
6 78 259
6 80 462
6 82 443
6 83 437
6 86 381
6 87 396
6 88 390
6 92 316
6 93 463
6 95 343
6 96 451
6 97 488
7 3 255
7 4 444
7 5 307
7 6 276
7 8 272
7 10 428
7 13 359
7 14 401
7 15 271
7 16 476
7 18 419
7 21 379
7 23 486
7 26 494
7 27 375
7 29 385
7 31 486
7 34 381
7 36 328
7 38 462
7 41 345
7 42 471
7 43 272
7 45 297
7 48 348
7 51 348
7 57 283
7 59 334
7 60 416
7 63 302
7 64 435
7 65 271
7 66 329
7 67 263
7 68 365
7 70 254
7 71 433
7 76 487
7 78 298
7 81 468
7 82 258
7 83 425
7 85 480
7 86 383
7 90 457
7 91 461
7 92 309
7 93 291
7 94 315
7 95 494
8 1 372
8 2 272
8 3 314
8 4 327
8 7 272
8 11 291
8 16 421
8 21 316
8 23 364
8 30 340
8 31 421
8 32 388
8 34 470
8 36 466
8 37 493
8 41 312
8 44 447
8 45 282
8 46 279
8 47 433
8 48 431
8 54 360
8 55 442
8 56 478
8 61 253
8 62 325
8 65 456
8 66 430
8 69 368
8 71 498
8 74 307
8 75 459
8 83 278
8 84 387
8 86 404
8 87 433
8 88 460
8 90 466
8 93 328
8 94 396
8 96 493
8 98 273
8 99 323
9 1 382
9 2 311
9 3 446
9 6 301
9 10 353
9 12 475
9 14 346
9 18 318
9 20 378
9 24 453
9 25 267
9 26 429
9 27 388
9 30 364
9 33 494
9 35 382
9 36 342
9 37 452
9 38 338
9 39 422
9 41 401
9 45 382
9 46 398
9 48 472
9 52 433
9 53 367
9 55 494
9 56 341
9 58 500
9 60 343
9 61 478
9 63 372
9 67 468
9 68 452
9 69 273
9 71 463
9 73 452
9 76 262
9 79 452
9 80 402
9 81 340
9 82 389
9 83 272
9 84 291
9 85 450
9 86 413
9 87 307
9 88 452
9 89 266
9 92 342
9 97 465
10 3 341
10 4 411
10 7 428
10 9 353
10 11 340
10 13 293
10 15 322
10 16 374
10 18 481
10 19 309
10 21 340
10 24 422
10 28 284
10 33 432
10 34 315
10 36 329
10 39 288
10 40 296
10 41 262
10 44 415
10 45 337
10 47 271
10 48 413
10 53 316
10 54 369
10 56 348
10 57 326
10 59 438
10 65 360
10 68 322
10 70 318
10 74 252
10 76 481
10 77 386
10 79 415
10 80 403
10 81 267
10 82 342
10 83 421
10 85 435
10 92 294
10 93 452
10 97 392
10 98 496
10 99 406
11 1 458
11 2 317
11 5 271
11 6 282
11 8 291
11 10 340
11 12 450
11 15 298
11 16 286
11 18 304
11 20 479
11 22 489
11 23 359
11 27 485
11 33 311
11 34 389
11 36 408
11 38 284
11 40 465
11 41 466
11 44 391
11 47 448
11 48 254
11 49 418
11 53 452
11 54 347
11 55 484
11 58 477
11 59 377
11 60 471
11 61 406
11 62 274
11 64 315
11 65 336
11 66 441
11 67 373
11 71 264
11 76 445
11 77 262
11 78 332
11 79 433
11 80 329
11 81 350
11 85 316
11 86 469
11 87 271
11 88 398
11 89 420
11 90 441
11 94 404
11 95 268
11 96 356
11 97 478
11 98 308
11 99 434
12 2 389
12 5 333
12 9 475
12 11 450
12 13 280
12 14 431
12 15 481
12 16 297
12 17 420
12 18 345
12 20 389
12 21 483
12 22 360
12 24 278
12 25 488
12 26 268
12 28 254
12 31 415
12 33 368
12 36 497
12 39 433
12 41 376
12 42 368
12 45 380
12 46 299
12 47 263
12 49 337
12 51 452
12 54 311
12 55 310
12 57 339
12 58 440
12 60 255
12 61 272
12 63 310
12 66 430
12 67 497
12 69 251
12 70 487
12 72 472
12 73 301
12 76 366
12 77 341
12 78 484
12 79 254
12 84 383
12 85 368
12 89 271
12 90 280
12 92 484
12 95 441
12 96 445
13 3 262
13 6 274
13 7 359
13 10 293
13 12 280
13 14 381
13 15 288
13 17 485
13 19 499
13 25 483
13 26 403
13 27 282
13 29 467
13 30 485
13 33 377
13 34 375
13 35 397
13 36 411
13 37 262
13 39 477
13 40 280
13 42 265
13 43 349
13 44 270
13 45 250
13 48 361
13 49 400
13 50 266
13 52 315
13 55 293
13 58 390
13 60 372
13 61 451
13 62 497
13 63 485
13 66 479
13 68 424
13 72 445
13 73 373
13 76 418
13 77 289
13 78 299
13 80 356
13 81 409
13 82 415
13 83 264
13 86 332
13 87 332
13 88 474
13 90 447
13 94 343
13 97 479
14 5 250
14 6 422
14 7 401
14 9 346
14 12 431
14 13 381
14 15 393
14 16 264
14 17 454
14 18 363
14 20 328
14 21 289
14 24 276
14 26 467
14 27 424
14 29 352
14 30 390
14 34 285
14 35 330
14 39 268
14 41 415
14 42 294
14 46 434
14 48 354
14 51 380
14 52 437
14 53 346
14 58 424
14 63 491
14 64 318
14 65 479
14 67 454
14 69 358
14 70 336
14 71 360
14 80 372
14 82 297
14 83 391
14 84 381
14 85 378
14 86 314
14 88 448
14 90 356
14 98 271
14 99 323
15 1 370
15 2 456
15 4 403
15 7 271
15 10 322
15 11 298
15 12 481
15 13 288
15 14 393
15 17 340
15 18 338
15 19 281
15 22 439
15 26 376
15 28 284
15 30 356
15 31 334
15 32 323
15 34 440
15 35 424
15 36 404
15 40 320
15 43 482
15 44 255
15 46 293
15 48 298
15 49 250
15 53 331
15 55 370
15 56 262
15 59 453
15 60 340
15 62 257
15 63 340
15 65 339
15 67 307
15 71 260
15 73 439
15 74 342
15 77 433
15 78 429
15 79 257
15 80 456
15 81 312
15 82 395
15 84 500
15 86 440
15 88 396
15 90 396
15 96 292
15 98 267
15 99 272
16 2 299
16 4 289
16 5 480
16 7 476
16 8 421
16 10 374
16 11 286
16 12 297
16 14 264
16 17 398
16 18 256
16 21 263
16 25 442
16 27 357
16 28 334
16 31 283
16 34 489
16 38 426
16 41 289
16 42 364
16 43 472
16 44 329
16 45 283
16 49 340
16 50 486
16 52 351
16 54 435
16 57 356
16 59 302
16 63 402
16 64 319
16 65 366
16 68 329
16 71 417
16 72 396
16 74 446
16 76 333
16 77 386
16 78 284
16 81 430
16 82 328
16 85 290
16 86 254
16 87 478
16 88 304
16 89 339
16 91 308
16 93 318
16 94 400
16 96 338
16 97 315
16 99 262
17 2 413
17 3 451
17 4 313
17 6 275
17 12 420
17 13 485
17 14 454
17 15 340
17 16 398
17 19 293
17 20 360
17 21 313
17 22 370
17 24 373
17 25 351
17 27 453
17 28 364
17 29 495
17 31 389
17 32 265
17 36 341
17 37 371
17 39 400
17 40 275
17 43 251
17 44 416
17 47 252
17 48 391
17 50 392
17 52 266
17 53 401
17 58 482
17 61 462
17 63 377
17 64 483
17 65 499
17 67 270
17 72 477
17 73 261
17 76 477
17 79 265
17 84 454
17 86 490
17 89 465
17 91 348
17 92 401
17 94 280
17 96 445
17 97 281
17 98 386
17 99 469
18 1 309
18 5 276
18 6 386
18 7 419
18 9 318
18 10 481
18 11 304
18 12 345
18 14 363
18 15 338
18 16 256
18 19 294
18 20 346
18 22 333
18 23 433
18 24 373
18 25 377
18 29 325
18 32 378
18 33 254
18 35 426
18 40 332
18 41 443
18 46 483
18 47 398
18 51 293
18 52 306
18 54 434
18 55 327
18 56 466
18 57 301
18 58 471
18 59 444
18 61 349
18 62 404
18 63 387
18 66 280
18 67 451
18 72 259
18 73 285
18 74 406
18 76 336
18 78 358
18 84 424
18 85 257
18 87 271
18 89 480
18 91 283
18 92 407
18 95 296
18 97 366
18 98 496
18 99 450
19 1 373
19 2 360
19 4 405
19 5 275
19 10 309
19 13 499
19 15 281
19 17 293
19 18 294
19 21 330
19 24 384
19 25 387
19 26 369
19 27 396
19 30 315
19 31 388
19 37 299
19 39 448
19 40 359
19 41 413
19 43 321
19 46 323
19 50 425
19 53 302
19 54 430
19 55 434
19 57 486
19 58 251
19 59 295
19 61 357
19 62 436
19 64 262
19 65 321
19 66 484
19 72 399
19 73 457
19 74 256
19 78 435
19 80 427
19 81 394
19 82 453
19 85 468
19 87 461
19 90 494
19 91 449
19 93 311
19 99 292
20 1 434
20 2 286
20 3 403
20 4 349
20 5 426
20 9 378
20 11 479
20 12 389
20 14 328
20 17 360
20 18 346
20 22 419
20 25 302
20 28 430
20 29 484
20 30 333
20 33 342
20 34 414
20 35 449
20 38 292
20 41 467
20 43 254
20 44 483
20 45 326
20 46 444
20 47 310
20 49 327
20 54 486
20 57 341
20 58 378
20 59 421
20 61 262
20 65 317
20 66 318
20 67 488
20 68 411
20 70 333
20 71 398
20 78 337
20 80 429
20 81 344
20 82 413
20 83 301
20 87 492
20 88 278
20 90 439
20 93 378
20 94 494
20 96 331
20 97 334
21 3 279
21 5 445
21 6 486
21 7 379
21 8 316
21 10 340
21 12 483
21 14 289
21 16 263
21 17 313
21 19 330
21 22 349
21 24 314
21 25 407
21 26 496
21 27 408
21 31 477
21 33 421
21 34 474
21 35 332
21 36 442
21 40 343
21 41 449
21 42 307
21 44 278
21 45 380
21 46 426
21 48 310
21 49 360
21 50 486
21 52 325
21 54 397
21 56 402
21 57 357
21 60 433
21 62 458
21 63 315
21 65 438
21 66 478
21 70 307
21 71 377
21 72 473
21 74 276
21 75 500
21 77 369
21 78 407
21 79 448
21 80 326
21 81 405
21 84 451
21 87 263
21 90 384
21 97 485
22 1 460
22 2 272
22 3 322
22 4 334
22 5 366
22 6 448
22 11 489
22 12 360
22 15 439
22 17 370
22 18 333
22 20 419
22 21 349
22 23 488
22 26 372
22 27 295
22 29 409
22 30 308
22 33 401
22 34 428
22 35 392
22 41 407
22 44 485
22 45 409
22 46 353
22 47 303
22 48 406
22 50 421
22 51 479
22 52 419
22 53 393
22 54 415
22 55 336
22 56 412
22 58 420
22 59 315
22 62 285
22 65 288
22 67 400
22 69 275
22 74 312
22 76 405
22 78 497
22 80 318
22 81 426
22 83 278
22 85 481
22 86 265
22 88 439
22 91 345
22 92 497
22 97 287
22 98 488
22 99 294
23 1 388
23 2 396
23 3 315
23 5 367
23 6 351
23 7 486
23 8 364
23 11 359
23 18 433
23 22 488
23 24 463
23 25 476
23 27 349
23 32 412
23 33 302
23 37 467
23 38 275
23 41 295
23 42 367
23 43 251
23 44 413
23 46 454
23 50 292
23 51 288
23 54 333
23 56 286
23 58 493
23 60 355
23 67 282
23 73 266
23 75 313
23 77 483
23 78 369
23 79 486
23 80 278
23 83 433
23 86 418
23 87 271
23 89 264
23 94 303
23 97 425
23 99 389
24 1 426
24 2 383
24 3 431
24 4 451
24 5 352
24 6 463
24 9 453
24 10 422
24 12 278
24 14 276
24 17 373
24 18 373
24 19 384
24 21 314
24 23 463
24 25 407
24 26 333
24 27 479
24 29 438
24 30 445
24 31 315
24 32 413
24 33 353
24 36 473
24 38 250
24 41 385
24 43 389
24 44 306
24 46 250
24 49 354
24 51 349
24 52 445
24 53 442
24 54 279
24 55 349
24 56 300
24 57 459
24 58 322
24 59 435
24 60 333
24 64 497
24 66 500
24 68 378
24 70 271
24 72 447
24 74 465
24 75 419
24 76 439
24 77 292
24 79 254
24 81 269
24 82 422
24 85 410
24 86 257
24 87 457
24 88 357
24 91 417
24 92 477
24 93 459
24 95 301
24 98 315
24 99 323
25 1 336
25 3 337
25 4 272
25 5 488
25 6 479
25 9 267
25 12 488
25 13 483
25 16 442
25 17 351
25 18 377
25 19 387
25 20 302
25 21 407
25 23 476
25 24 407
25 28 329
25 30 470
25 31 428
25 32 406
25 34 258
25 39 376
25 43 406
25 46 460
25 51 271
25 55 282
25 62 302
25 65 334
25 67 359
25 70 397
25 72 275
25 74 386
25 75 412
25 76 456
25 77 284
25 79 266
25 81 498
25 84 482
25 87 361
25 88 354
25 92 372
25 93 438
25 97 381
25 98 357
25 99 319
26 2 266
26 6 359
26 7 494
26 9 429
26 12 268
26 13 403
26 14 467
26 15 376
26 19 369
26 21 496
26 22 372
26 24 333
26 27 333
26 29 313
26 33 292
26 36 459
26 37 301
26 40 343
26 42 357
26 43 344
26 46 359
26 48 303
26 49 316
26 50 469
26 51 328
26 52 442
26 54 377
26 57 461
26 62 491
26 63 439
26 66 330
26 67 405
26 68 359
26 72 365
26 73 442
26 74 498
26 75 480
26 79 367
26 83 329
26 84 333
26 85 322
26 86 397
26 88 449
26 90 337
26 91 411
26 93 384
26 95 336
26 96 269
26 97 388
27 2 334
27 3 273
27 4 306
27 5 451
27 7 375
27 9 388
27 11 485
27 13 282
27 14 424
27 16 357
27 17 453
27 19 396
27 21 408
27 22 295
27 23 349
27 24 479
27 26 333
27 28 362
27 30 263
27 31 283
27 32 288
27 34 301
27 35 435
27 37 337
27 39 444
27 42 292
27 43 431
27 46 431
27 48 479
27 50 433
27 52 352
27 54 318
27 58 459
27 62 346
27 63 412
27 65 398
27 72 295
27 73 498
27 74 271
27 75 466
27 76 314
27 77 444
27 79 386
27 81 365
27 82 412
27 83 395
27 84 268
27 87 409
27 88 433
27 91 306
27 96 407
27 97 293
28 1 469
28 4 486
28 6 454
28 10 284
28 12 254
28 15 284
28 16 334
28 17 364
28 20 430
28 25 329
28 27 362
28 29 395
28 32 288
28 33 428
28 35 412
28 36 349
28 37 460
28 39 282
28 42 281
28 43 282
28 44 254
28 46 422
28 49 300
28 51 325
28 52 346
28 55 268
28 56 483
28 57 341
28 59 435
28 61 371
28 64 263
28 66 301
28 67 490
28 69 358
28 71 290
28 73 437
28 75 367
28 76 254
28 77 313
28 78 473
28 81 437
28 82 314
28 85 281
28 88 499
28 89 297
28 90 398
28 91 397
28 92 338
28 93 359
28 94 306
28 96 397
28 99 474
29 2 295
29 6 332
29 7 385
29 13 467
29 14 352
29 17 495
29 18 325
29 20 484
29 22 409
29 24 438
29 26 313
29 28 395
29 30 265
29 31 492
29 32 315
29 36 300
29 38 440
29 40 280
29 41 445
29 46 491
29 48 434
29 53 382
29 54 405
29 57 496
29 59 417
29 64 473
29 65 383
29 66 302
29 68 383
29 70 454
29 71 362
29 72 439
29 74 409
29 77 340
29 81 355
29 88 281
29 91 430
29 92 417
29 94 368
29 95 325
29 96 430
29 98 500
29 99 251
30 1 296
30 2 492
30 3 442
30 5 481
30 6 313
30 8 340
30 9 364
30 13 485
30 14 390
30 15 356
30 19 315
30 20 333
30 22 308
30 24 445
30 25 470
30 27 263
30 29 265
30 31 403
30 34 256
30 36 458
30 37 333
30 38 489
30 41 455
30 42 418
30 45 405
30 46 406
30 47 471
30 49 309
30 55 286
30 61 273
30 62 468
30 63 465
30 64 397
30 65 322
30 66 437
30 68 377
30 69 349
30 70 489
30 71 390
30 73 319
30 74 499
30 77 295
30 78 315
30 79 500
30 82 446
30 83 267
30 86 473
30 88 445
30 89 336
30 90 337
30 92 492
30 94 321
30 96 290
31 7 486
31 8 421
31 12 415
31 15 334
31 16 283
31 17 389
31 19 388
31 21 477
31 24 315
31 25 428
31 27 283
31 29 492
31 30 403
31 32 366
31 33 324
31 34 341
31 35 403
31 36 305
31 39 305
31 42 448
31 45 464
31 46 299
31 47 379
31 50 279
31 53 391
31 57 454
31 58 378
31 60 452
31 61 347
31 62 438
31 65 253
31 66 463
31 68 351
31 71 454
31 74 373
31 76 352
31 79 349
31 80 341
31 82 309
31 84 340
31 86 250
31 87 338
31 88 351
31 90 389
31 91 404
31 92 474
31 95 475
31 96 263
31 97 431
31 98 395
32 1 298
32 3 328
32 4 286
32 5 312
32 6 404
32 8 388
32 15 323
32 17 265
32 18 378
32 23 412
32 24 413
32 25 406
32 27 288
32 28 288
32 29 315
32 31 366
32 34 413
32 35 287
32 37 482
32 41 392
32 42 273
32 43 302
32 45 274
32 48 456
32 49 489
32 51 319
32 54 376
32 57 415
32 60 297
32 61 301
32 62 400
32 63 302
32 65 327
32 66 287
32 67 480
32 68 371
32 71 429
32 72 426
32 74 384
32 76 254
32 80 359
32 81 404
32 83 358
32 84 419
32 86 289
32 87 457
32 89 403
32 91 269
32 93 377
32 94 326
32 95 426
32 96 461
32 98 495
32 99 417
33 2 422
33 3 315
33 5 262
33 6 318
33 9 494
33 10 432
33 11 311
33 12 368
33 13 377
33 18 254
33 20 342
33 21 421
33 22 401
33 23 302
33 24 353
33 26 292
33 28 428
33 31 324
33 34 350
33 36 444
33 37 332
33 40 254
33 42 412
33 45 414
33 47 424
33 51 369
33 52 418
33 53 384
33 54 393
33 56 462
33 57 423
33 61 491
33 62 333
33 63 326
33 64 322
33 65 449
33 66 380
33 67 345
33 69 490
33 71 471
33 72 402
33 74 257
33 75 347
33 78 270
33 82 319
33 83 348
33 88 427
33 90 291
33 92 484
33 95 469
33 97 381
33 98 285
33 99 498
34 2 495
34 3 483
34 5 444
34 7 381
34 8 470
34 10 315
34 11 389
34 13 375
34 14 285
34 15 440
34 16 489
34 20 414
34 21 474
34 22 428
34 25 258
34 27 301
34 30 256
34 31 341
34 32 413
34 33 350
34 35 285
34 42 458
34 43 401
34 45 270
34 50 457
34 51 481
34 52 487
34 53 483
34 54 417
34 55 259
34 58 495
34 60 284
34 65 282
34 67 381
34 68 494
34 70 480
34 71 460
34 73 250
34 75 303
34 77 278
34 78 348
34 79 449
34 80 360
34 81 314
34 82 463
34 83 260
34 86 303
34 87 253
34 88 260
34 89 334
34 92 462
34 94 475
34 95 431
34 96 421
34 97 289
34 98 287
35 2 477
35 3 292
35 5 415
35 6 420
35 9 382
35 13 397
35 14 330
35 15 424
35 18 426
35 20 449
35 21 332
35 22 392
35 27 435
35 28 412
35 31 403
35 32 287
35 34 285
35 36 425
35 39 451
35 40 334
35 42 430
35 43 372
35 53 468
35 60 366
35 61 479
35 63 443
35 65 310
35 69 439
35 74 384
35 76 312
35 78 260
35 84 281
35 90 318
35 91 403
35 93 467
35 95 413
35 97 461
35 98 367
36 3 423
36 4 381
36 5 471
36 7 328
36 8 466
36 9 342
36 10 329
36 11 408
36 12 497
36 13 411
36 15 404
36 17 341
36 21 442
36 24 473
36 26 459
36 28 349
36 29 300
36 30 458
36 31 305
36 33 444
36 35 425
36 38 493
36 39 499
36 40 417
36 42 367
36 44 410
36 45 279
36 49 479
36 50 319
36 51 308
36 55 251
36 56 292
36 58 465
36 60 278
36 61 488
36 64 355
36 65 439
36 67 408
36 69 310
36 70 403
36 72 395
36 73 410
36 76 381
36 77 380
36 78 499
36 79 292
36 80 328
36 82 405
36 83 295
36 85 310
36 86 416
36 87 377
36 88 305
36 91 418
36 93 268
36 94 457
36 95 364
36 96 469
37 2 270
37 3 346
37 5 412
37 8 493
37 9 452
37 13 262
37 17 371
37 19 299
37 23 467
37 26 301
37 27 337
37 28 460
37 30 333
37 32 482
37 33 332
37 38 465
37 41 277
37 43 446
37 44 498
37 46 388
37 47 395
37 49 437
37 50 441
37 55 310
37 59 383
37 62 488
37 64 350
37 65 385
37 66 273
37 67 375
37 69 478
37 70 378
37 72 268
37 74 495
37 76 392
37 78 460
37 80 491
37 81 481
37 82 452
37 83 309
37 84 453
37 88 429
37 91 331
37 95 322
37 96 453
38 1 259
38 2 460
38 5 372
38 7 462
38 9 338
38 11 284
38 16 426
38 20 292
38 23 275
38 24 250
38 29 440
38 30 489
38 36 493
38 37 465
38 40 265
38 42 315
38 44 389
38 45 487
38 46 487
38 48 304
38 49 440
38 51 395
38 52 462
38 55 258
38 56 401
38 58 374
38 60 468
38 62 288
38 64 431
38 65 476
38 68 446
38 71 488
38 73 346
38 74 495
38 75 443
38 77 253
38 81 295
38 82 310
38 83 300
38 84 250
38 85 461
38 86 401
38 87 441
38 88 354
38 91 304
38 92 256
38 93 451
38 97 379
38 98 460
38 99 405
39 2 333
39 4 319
39 6 463
39 9 422
39 10 288
39 12 433
39 13 477
39 14 268
39 17 400
39 19 448
39 25 376
39 27 444
39 28 282
39 31 305
39 35 451
39 36 499
39 41 289
39 42 302
39 43 412
39 44 395
39 46 387
39 47 434
39 48 387
39 50 412
39 51 445
39 53 290
39 54 359
39 62 289
39 63 457
39 65 284
39 67 472
39 68 299
39 69 254
39 70 283
39 74 404
39 75 287
39 78 441
39 79 391
39 80 333
39 83 333
39 85 413
39 86 277
39 91 365
39 95 422
39 98 259
40 1 327
40 3 337
40 4 472
40 6 435
40 10 296
40 11 465
40 13 280
40 15 320
40 17 275
40 18 332
40 19 359
40 21 343
40 26 343
40 29 280
40 33 254
40 35 334
40 36 417
40 38 265
40 42 473
40 45 497
40 47 445
40 48 331
40 55 376
40 56 360
40 57 411
40 58 328
40 60 266
40 61 361
40 62 455
40 65 409
40 72 407
40 75 436
40 76 446
40 77 293
40 79 251
40 81 421
40 82 476
40 85 436
40 88 419
40 89 347
40 90 302
40 91 253
40 92 296
40 95 362
40 99 263
41 1 385
41 2 334
41 3 287
41 7 345
41 8 312
41 9 401
41 10 262
41 11 466
41 12 376
41 14 415
41 16 289
41 18 443
41 19 413
41 20 467
41 21 449
41 22 407
41 23 295
41 24 385
41 29 445
41 30 455
41 32 392
41 37 277
41 39 289
41 43 414
41 46 412
41 47 458
41 48 372
41 49 298
41 50 255
41 51 488
41 54 375
41 55 331
41 56 345
41 57 454
41 58 270
41 67 465
41 71 401
41 72 418
41 73 410
41 76 441
41 77 361
41 79 373
41 80 443
41 81 325
41 82 257
41 83 257
41 87 328
41 88 496
41 90 313
41 92 481
41 97 344
41 98 320
41 99 443
42 1 318
42 2 425
42 3 386
42 4 440
42 5 457
42 6 285
42 7 471
42 12 368
42 13 265
42 14 294
42 16 364
42 21 307
42 23 367
42 26 357
42 27 292
42 28 281
42 30 418
42 31 448
42 32 273
42 33 412
42 34 458
42 35 430
42 36 367
42 38 315
42 39 302
42 40 473
42 44 443
42 45 424
42 46 291
42 51 250
42 53 340
42 56 361
42 58 314
42 61 269
42 62 436
42 65 297
42 67 487
42 70 300
42 71 266
42 74 363
42 75 409
42 76 398
42 82 301
42 84 483
42 86 401
42 88 363
42 89 422
42 90 288
42 91 421
42 94 332
42 96 365
42 97 342
42 99 360
43 3 305
43 5 273
43 6 313
43 7 272
43 13 349
43 15 482
43 16 472
43 17 251
43 19 321
43 20 254
43 23 251
43 24 389
43 25 406
43 26 344
43 27 431
43 28 282
43 32 302
43 34 401
43 35 372
43 37 446
43 39 412
43 41 414
43 44 415
43 45 485
43 46 319
43 47 455
43 50 288
43 51 339
43 53 350
43 54 322
43 55 474
43 56 467
43 57 369
43 64 260
43 71 254
43 74 261
43 75 349
43 78 459
43 79 364
43 81 450
43 84 314
43 85 251
43 86 327
43 88 476
43 92 401
43 97 338
43 98 258
44 3 280
44 4 303
44 5 259
44 8 447
44 10 415
44 11 391
44 13 270
44 15 255
44 16 329
44 17 416
44 20 483
44 21 278
44 22 485
44 23 413
44 24 306
44 28 254
44 36 410
44 37 498
44 38 389
44 39 395
44 42 443
44 43 415
44 45 261
44 47 316
44 48 448
44 50 290
44 52 437
44 54 326
44 57 484
44 62 329
44 63 444
44 64 414
44 65 397
44 67 358
44 68 363
44 69 268
44 71 282
44 73 421
44 76 270
44 77 418
44 81 445
44 84 358
44 86 487
44 88 377
44 89 457
44 92 310
44 94 480
44 95 338
44 96 292
44 98 328
45 1 416
45 3 404
45 5 441
45 7 297
45 8 282
45 9 382
45 10 337
45 12 380
45 13 250
45 16 283
45 20 326
45 21 380
45 22 409
45 30 405
45 31 464
45 32 274
45 33 414
45 34 270
45 36 279
45 38 487
45 40 497
45 42 424
45 43 485
45 44 261
45 46 388
45 47 448
45 49 374
45 51 290
45 52 499
45 53 314
45 54 320
45 59 320
45 61 422
45 63 304
45 64 431
45 66 362
45 67 488
45 68 292
45 69 338
45 72 314
45 75 391
45 76 303
45 84 457
45 85 421
45 86 250
45 87 364
45 88 431
45 92 345
45 93 498
45 95 319
45 96 453
45 98 439
45 99 425
46 1 303
46 2 344
46 3 354
46 4 469
46 8 279
46 9 398
46 12 299
46 14 434
46 15 293
46 18 483
46 19 323
46 20 444
46 21 426
46 22 353
46 23 454
46 24 250
46 25 460
46 26 359
46 27 431
46 28 422
46 29 491
46 30 406
46 31 299
46 37 388
46 38 487
46 39 387
46 41 412
46 42 291
46 43 319
46 45 388
46 49 401
46 50 392
46 52 293
46 54 448
46 56 274
46 59 445
46 60 467
46 63 422
46 65 426
46 66 284
46 67 287
46 69 358
46 71 257
46 77 405
46 81 466
46 84 369
46 85 390
46 87 375
46 88 487
46 90 336
46 91 341
46 93 293
46 94 420
46 95 308
47 1 411
47 6 339
47 8 433
47 10 271
47 11 448
47 12 263
47 17 252
47 18 398
47 20 310
47 22 303
47 30 471
47 31 379
47 33 424
47 37 395
47 39 434
47 40 445
47 41 458
47 43 455
47 44 316
47 45 448
47 50 424
47 51 261
47 52 405
47 55 424
47 57 476
47 58 434
47 59 373
47 61 320
47 62 473
47 66 331
47 67 446
47 68 413
47 69 283
47 70 257
47 74 290
47 75 269
47 77 256
47 78 298
47 79 405
47 83 326
47 84 406
47 85 371
47 93 454
47 96 487
47 97 348
47 99 349
48 6 336
48 7 348
48 8 431
48 9 472
48 10 413
48 11 254
48 13 361
48 14 354
48 15 298
48 17 391
48 21 310
48 22 406
48 26 303
48 27 479
48 29 434
48 32 456
48 38 304
48 39 387
48 40 331
48 41 372
48 44 448
48 49 340
48 50 450
48 51 480
48 52 257
48 54 256
48 55 481
48 56 461
48 57 393
48 59 455
48 63 344
48 65 451
48 67 439
48 68 470
48 70 357
48 74 410
48 75 315
48 77 425
48 80 317
48 83 361
48 84 445
48 86 385
48 88 298
48 89 359
48 90 480
48 92 473
48 93 451
48 94 425
48 95 383
48 96 328
49 6 491
49 11 418
49 12 337
49 13 400
49 15 250
49 16 340
49 20 327
49 21 360
49 24 354
49 26 316
49 28 300
49 30 309
49 32 489
49 36 479
49 37 437
49 38 440
49 41 298
49 45 374
49 46 401
49 48 340
49 51 412
49 52 496
49 53 347
49 54 412
49 55 327
49 56 406
49 57 400
49 60 360
49 64 453
49 65 429
49 67 369
49 73 287
49 75 451
49 76 427
49 79 436
49 81 450
49 85 459
49 86 475
49 88 357
49 89 378
49 92 465
49 93 351
49 94 290
49 96 370
49 97 333
49 98 367
49 99 322
50 1 344
50 6 268
50 13 266
50 16 486
50 17 392
50 19 425
50 21 486
50 22 421
50 23 292
50 26 469
50 27 433
50 31 279
50 34 457
50 36 319
50 37 441
50 39 412
50 41 255
50 43 288
50 44 290
50 46 392
50 47 424
50 48 450
50 51 466
50 52 269
50 53 452
50 56 390
50 58 354
50 59 421
50 60 472
50 61 384
50 62 498
50 66 499
50 71 286
50 72 473
50 74 434
50 75 251
50 76 466
50 80 313
50 81 383
50 82 495
50 83 291
50 85 484
50 87 478
50 89 368
50 91 370
50 93 452
50 94 282
50 96 460
50 97 499
50 98 363
51 2 439
51 3 260
51 6 477
51 7 348
51 12 452
51 14 380
51 18 293
51 22 479
51 23 288
51 24 349
51 25 271
51 26 328
51 28 325
51 32 319
51 33 369
51 34 481
51 36 308
51 38 395
51 39 445
51 41 488
51 42 250
51 43 339
51 45 290
51 47 261
51 48 480
51 49 412
51 50 466
51 52 414
51 54 392
51 55 264
51 57 418
51 59 312
51 60 287
51 62 486
51 63 492
51 65 439
51 67 303
51 68 473
51 69 281
51 71 468
51 72 381
51 73 334
51 77 487
51 79 418
51 81 342
51 84 321
51 87 288
51 88 357
51 91 344
51 94 314
51 95 286
51 96 493
51 97 272
51 99 382
52 1 271
52 2 377
52 3 446
52 4 429
52 5 361
52 9 433
52 13 315
52 14 437
52 16 351
52 17 266
52 18 306
52 21 325
52 22 419
52 24 445
52 26 442
52 27 352
52 28 346
52 33 418
52 34 487
52 38 462
52 44 437
52 45 499
52 46 293
52 47 405
52 48 257
52 49 496
52 50 269
52 51 414
52 54 269
52 55 490
52 57 295
52 58 321
52 59 480
52 61 304
52 62 311
52 65 390
52 69 490
52 71 373
52 72 395
52 75 268
52 76 252
52 77 496
52 78 465
52 85 460
52 89 470
52 94 373
52 99 393
53 3 422
53 4 398
53 5 267
53 9 367
53 10 316
53 11 452
53 14 346
53 15 331
53 17 401
53 19 302
53 22 393
53 24 442
53 29 382
53 31 391
53 33 384
53 34 483
53 35 468
53 39 290
53 42 340
53 43 350
53 45 314
53 49 347
53 50 452
53 56 282
53 57 428
53 59 459
53 60 263
53 65 316
53 68 331
53 69 426
53 70 442
53 71 368
53 72 284
53 75 477
53 78 399
53 80 434
53 85 331
53 89 323
53 90 470
53 95 259
53 96 397
54 1 340
54 2 388
54 3 458
54 5 437
54 6 470
54 8 360
54 10 369
54 11 347
54 12 311
54 16 435
54 18 434
54 19 430
54 20 486
54 21 397
54 22 415
54 23 333
54 24 279
54 26 377
54 27 318
54 29 405
54 32 376
54 33 393
54 34 417
54 39 359
54 41 375
54 43 322
54 44 326
54 45 320
54 46 448
54 48 256
54 49 412
54 51 392
54 52 269
54 55 283
54 57 436
54 58 388
54 60 406
54 63 347
54 64 478
54 65 490
54 69 309
54 70 498
54 71 381
54 75 489
54 76 421
54 78 442
54 81 469
54 84 384
54 85 325
54 86 429
54 88 381
54 90 467
54 91 453
54 92 433
54 93 426
54 94 458
54 95 314
54 96 452
54 97 309
54 99 460
55 1 411
55 4 479
55 5 384
55 6 452
55 8 442
55 9 494
55 11 484
55 12 310
55 13 293
55 15 370
55 18 327
55 19 434
55 22 336
55 24 349
55 25 282
55 28 268
55 30 286
55 34 259
55 36 251
55 37 310
55 38 258
55 40 376
55 41 331
55 43 474
55 47 424
55 48 481
55 49 327
55 51 264
55 52 490
55 54 283
55 56 435
55 59 458
55 63 500
55 66 443
55 67 284
55 69 440
55 73 433
55 74 262
55 75 326
55 77 399
55 78 477
55 79 321
55 80 283
55 81 412
55 83 284
55 84 460
55 87 363
55 88 372
55 90 426
55 93 424
55 94 315
55 95 470
55 96 410
55 99 336
56 1 377
56 2 462
56 5 329
56 6 272
56 8 478
56 9 341
56 10 348
56 15 262
56 18 466
56 21 402
56 22 412
56 23 286
56 24 300
56 28 483
56 33 462
56 36 292
56 38 401
56 40 360
56 41 345
56 42 361
56 43 467
56 46 274
56 48 461
56 49 406
56 50 390
56 53 282
56 55 435
56 58 476
56 59 464
56 60 316
56 61 401
56 63 475
56 66 412
56 70 457
56 71 274
56 72 331
56 73 458
56 76 310
56 77 397
56 79 415
56 80 296
56 83 329
56 84 340
56 85 309
56 88 455
56 90 498
56 91 264
56 93 294
56 94 307
56 95 412
56 97 411
56 98 498
57 1 442
57 2 311
57 3 480
57 7 283
57 10 326
57 12 339
57 16 356
57 18 301
57 19 486
57 20 341
57 21 357
57 24 459
57 26 461
57 28 341
57 29 496
57 31 454
57 32 415
57 33 423
57 40 411
57 41 454
57 43 369
57 44 484
57 47 476
57 48 393
57 49 400
57 51 418
57 52 295
57 53 428
57 54 436
57 58 455
57 60 422
57 62 279
57 63 459
57 66 291
57 67 251
57 68 296
57 70 434
57 71 299
57 72 337
57 73 439
57 75 408
57 77 328
57 78 259
57 79 490
57 86 290
57 90 258
57 91 318
57 94 310
57 95 283
57 97 309
57 99 441
58 1 321
58 6 353
58 9 500
58 11 477
58 12 440
58 13 390
58 14 424
58 17 482
58 18 471
58 19 251
58 20 378
58 22 420
58 23 493
58 24 322
58 27 459
58 31 378
58 34 495
58 36 465
58 38 374
58 40 328
58 41 270
58 42 314
58 47 434
58 50 354
58 52 321
58 54 388
58 56 476
58 57 455
58 59 334
58 60 277
58 61 329
58 62 383
58 63 391
58 64 311
58 69 477
58 70 287
58 72 465
58 75 276
58 76 260
58 77 428
58 78 467
58 80 301
58 82 406
58 85 462
58 95 441
58 96 447
58 97 299
58 98 359
59 1 400
59 2 369
59 3 299
59 4 483
59 6 269
59 7 334
59 10 438
59 11 377
59 15 453
59 16 302
59 18 444
59 19 295
59 20 421
59 22 315
59 24 435
59 28 435
59 29 417
59 37 383
59 45 320
59 46 445
59 47 373
59 48 455
59 50 421
59 51 312
59 52 480
59 53 459
59 55 458
59 56 464
59 58 334
59 61 491
59 65 320
59 67 341
59 71 479
59 72 482
59 74 433
59 75 265
59 76 397
59 79 444
59 80 402
59 81 366
59 82 277
59 83 267
59 85 395
59 86 498
59 87 306
59 88 478
59 89 408
59 90 321
59 95 400
59 99 446
60 1 270
60 7 416
60 9 343
60 11 471
60 12 255
60 13 372
60 15 340
60 21 433
60 23 355
60 24 333
60 31 452
60 32 297
60 34 284
60 35 366
60 36 278
60 38 468
60 40 266
60 46 467
60 49 360
60 50 472
60 51 287
60 53 263
60 54 406
60 56 316
60 57 422
60 58 277
60 62 356
60 66 396
60 67 389
60 68 324
60 71 477
60 73 412
60 78 435
60 80 262
60 81 431
60 82 443
60 84 273
60 85 394
60 92 384
60 95 457
60 96 473
60 98 379
60 99 292
61 2 368
61 5 393
61 8 253
61 9 478
61 11 406
61 12 272
61 13 451
61 17 462
61 18 349
61 19 357
61 20 262
61 28 371
61 30 273
61 31 347
61 32 301
61 33 491
61 35 479
61 36 488
61 40 361
61 42 269
61 45 422
61 47 320
61 50 384
61 52 304
61 56 401
61 58 329
61 59 491
61 62 450
61 66 360
61 68 373
61 69 486
61 72 262
61 76 341
61 77 293
61 78 406
61 81 403
61 82 429
61 84 279
61 85 308
61 86 451
61 88 321
61 90 277
61 91 403
61 92 271
61 93 475
61 94 264
61 95 412
61 99 254
62 1 410
62 4 339
62 5 459
62 6 411
62 8 325
62 11 274
62 13 497
62 15 257
62 18 404
62 19 436
62 21 458
62 22 285
62 25 302
62 26 491
62 27 346
62 30 468
62 31 438
62 32 400
62 33 333
62 37 488
62 38 288
62 39 289
62 40 455
62 42 436
62 44 329
62 47 473
62 50 498
62 51 486
62 52 311
62 57 279
62 58 383
62 60 356
62 61 450
62 66 441
62 69 426
62 70 371
62 73 319
62 74 455
62 77 477
62 78 373
62 79 380
62 81 472
62 82 495
62 83 273
62 84 362
62 86 464
62 87 424
62 92 338
62 95 490
62 98 280
62 99 475
63 1 452
63 2 419
63 3 442
63 7 302
63 9 372
63 12 310
63 13 485
63 14 491
63 15 340
63 16 402
63 17 377
63 18 387
63 21 315
63 26 439
63 27 412
63 30 465
63 32 302
63 33 326
63 35 443
63 39 457
63 44 444
63 45 304
63 46 422
63 48 344
63 51 492
63 54 347
63 55 500
63 56 475
63 57 459
63 58 391
63 69 385
63 73 489
63 74 319
63 75 430
63 76 257
63 77 335
63 79 296
63 80 282
63 81 377
63 82 480
63 85 432
63 89 268
63 90 485
63 91 431
63 93 364
63 94 272
63 95 449
63 96 409
63 99 265
64 2 378
64 3 390
64 5 476
64 6 348
64 7 435
64 11 315
64 14 318
64 16 319
64 17 483
64 19 262
64 24 497
64 28 263
64 29 473
64 30 397
64 33 322
64 36 355
64 37 350
64 38 431
64 43 260
64 44 414
64 45 431
64 49 453
64 54 478
64 58 311
64 66 335
64 71 312
64 72 427
64 73 358
64 74 347
64 75 431
64 76 380
64 78 409
64 81 485
64 85 416
64 91 348
64 92 373
64 94 330
64 95 457
64 98 360
64 99 401
65 4 409
65 5 255
65 7 271
65 8 456
65 10 360
65 11 336
65 14 479
65 15 339
65 16 366
65 17 499
65 19 321
65 20 317
65 21 438
65 22 288
65 25 334
65 27 398
65 29 383
65 30 322
65 31 253
65 32 327
65 33 449
65 34 282
65 35 310
65 36 439
65 37 385
65 38 476
65 39 284
65 40 409
65 42 297
65 44 397
65 46 426
65 48 451
65 49 429
65 51 439
65 52 390
65 53 316
65 54 490
65 59 320
65 67 297
65 69 342
65 71 401
65 75 323
65 80 270
65 83 327
65 85 413
65 88 426
65 89 419
65 90 401
65 91 275
65 93 442
65 94 275
65 95 390
65 96 336
65 98 323
65 99 270
66 5 421
66 6 330
66 7 329
66 8 430
66 11 441
66 12 430
66 13 479
66 18 280
66 19 484
66 20 318
66 21 478
66 24 500
66 26 330
66 28 301
66 29 302
66 30 437
66 31 463
66 32 287
66 33 380
66 37 273
66 45 362
66 46 284
66 47 331
66 50 499
66 55 443
66 56 412
66 57 291
66 60 396
66 61 360
66 62 441
66 64 335
66 68 487
66 69 435
66 71 459
66 72 465
66 76 454
66 78 433
66 80 492
66 81 497
66 83 488
66 84 291
66 85 367
66 86 398
66 87 313
66 88 439
66 91 443
66 96 411
66 97 383
66 98 347
66 99 363
67 5 278
67 7 263
67 9 468
67 11 373
67 12 497
67 14 454
67 15 307
67 17 270
67 18 451
67 20 488
67 22 400
67 23 282
67 25 359
67 26 405
67 28 490
67 32 480
67 33 345
67 34 381
67 36 408
67 37 375
67 39 472
67 41 465
67 42 487
67 44 358
67 45 488
67 46 287
67 47 446
67 48 439
67 49 369
67 51 303
67 55 284
67 57 251
67 59 341
67 60 389
67 65 297
67 68 320
67 71 485
67 73 449
67 75 469
67 76 285
67 78 469
67 79 445
67 80 486
67 81 412
67 82 462
67 84 334
67 85 424
67 88 331
67 90 329
67 93 284
67 94 495
67 96 352
67 97 371
67 98 472
68 1 263
68 7 365
68 9 452
68 10 322
68 13 424
68 16 329
68 20 411
68 24 378
68 26 359
68 29 383
68 30 377
68 31 351
68 32 371
68 34 494
68 38 446
68 39 299
68 44 363
68 45 292
68 47 413
68 48 470
68 51 473
68 53 331
68 57 296
68 60 324
68 61 373
68 66 487
68 67 320
68 69 424
68 72 433
68 73 359
68 74 346
68 75 458
68 80 348
68 81 431
68 83 497
68 85 305
68 86 453
68 96 291
68 99 361
69 1 390
69 5 472
69 8 368
69 9 273
69 12 251
69 14 358
69 22 275
69 28 358
69 30 349
69 33 490
69 35 439
69 36 310
69 37 478
69 39 254
69 44 268
69 45 338
69 46 358
69 47 283
69 51 281
69 52 490
69 53 426
69 54 309
69 55 440
69 58 477
69 61 486
69 62 426
69 63 385
69 65 342
69 66 435
69 68 424
69 71 455
69 72 335
69 74 444
69 77 316
69 78 381
69 80 285
69 81 498
69 87 294
69 88 268
69 91 296
69 95 403
69 98 455
69 99 438
70 2 353
70 3 370
70 5 338
70 7 254
70 10 318
70 12 487
70 14 336
70 20 333
70 21 307
70 24 271
70 25 397
70 29 454
70 30 489
70 34 480
70 36 403
70 37 378
70 39 283
70 42 300
70 47 257
70 48 357
70 53 442
70 54 498
70 56 457
70 57 434
70 58 287
70 62 371
70 71 377
70 73 316
70 75 283
70 76 295
70 77 404
70 79 276
70 82 352
70 89 476
70 91 474
70 93 351
70 94 319
70 95 315
70 96 314
70 98 431
71 1 448
71 3 369
71 5 336
71 6 336
71 7 433
71 8 498
71 9 463
71 11 264
71 14 360
71 15 260
71 16 417
71 20 398
71 21 377
71 28 290
71 29 362
71 30 390
71 31 454
71 32 429
71 33 471
71 34 460
71 38 488
71 41 401
71 42 266
71 43 254
71 44 282
71 46 257
71 50 286
71 51 468
71 52 373
71 53 368
71 54 381
71 56 274
71 57 299
71 59 479
71 60 477
71 64 312
71 65 401
71 66 459
71 67 485
71 69 455
71 70 377
71 73 301
71 74 293
71 75 439
71 76 269
71 77 251
71 78 300
71 80 437
71 81 459
71 82 456
71 84 416
71 86 417
71 87 296
71 89 464
71 90 403
71 94 290
71 96 489
72 2 367
72 3 385
72 4 313
72 5 349
72 6 400
72 12 472
72 13 445
72 16 396
72 17 477
72 18 259
72 19 399
72 21 473
72 24 447
72 25 275
72 26 365
72 27 295
72 29 439
72 32 426
72 33 402
72 36 395
72 37 268
72 40 407
72 41 418
72 45 314
72 50 473
72 51 381
72 52 395
72 53 284
72 56 331
72 57 337
72 58 465
72 59 482
72 61 262
72 64 427
72 66 465
72 68 433
72 69 335
72 73 251
72 77 352
72 78 363
72 82 265
72 83 372
72 85 309
72 87 458
72 89 397
72 91 431
72 93 280
72 95 448
72 96 459
72 98 370
73 1 444
73 2 335
73 3 288
73 9 452
73 12 301
73 13 373
73 15 439
73 17 261
73 18 285
73 19 457
73 23 266
73 26 442
73 27 498
73 28 437
73 30 319
73 34 250
73 36 410
73 38 346
73 41 410
73 44 421
73 49 287
73 51 334
73 55 433
73 56 458
73 57 439
73 60 412
73 62 319
73 63 489
73 64 358
73 67 449
73 68 359
73 70 316
73 71 301
73 72 251
73 74 451
73 75 422
73 76 351
73 81 419
73 82 281
73 84 431
73 85 346
73 86 389
73 87 335
73 92 406
73 94 322
73 96 336
73 97 375
73 99 366
74 2 278
74 3 419
74 4 427
74 5 412
74 6 371
74 8 307
74 10 252
74 15 342
74 16 446
74 18 406
74 19 256
74 21 276
74 22 312
74 24 465
74 25 386
74 26 498
74 27 271
74 29 409
74 30 499
74 31 373
74 32 384
74 33 257
74 35 384
74 37 495
74 38 495
74 39 404
74 42 363
74 43 261
74 47 290
74 48 410
74 50 434
74 55 262
74 59 433
74 62 455
74 63 319
74 64 347
74 68 346
74 69 444
74 71 293
74 73 451
74 75 280
74 78 279
74 80 315
74 81 500
74 82 321
74 84 260
74 85 345
74 88 263
74 91 397
74 93 320
74 95 257
74 96 261
75 5 448
75 8 459
75 21 500
75 23 313
75 24 419
75 25 412
75 26 480
75 27 466
75 28 367
75 33 347
75 34 303
75 38 443
75 39 287
75 40 436
75 42 409
75 43 349
75 45 391
75 47 269
75 48 315
75 49 451
75 50 251
75 52 268
75 53 477
75 54 489
75 55 326
75 57 408
75 58 276
75 59 265
75 63 430
75 64 431
75 65 323
75 67 469
75 68 458
75 70 283
75 71 439
75 73 422
75 74 280
75 81 359
75 85 321
75 86 295
75 89 449
75 91 422
75 95 361
75 96 480
75 97 375
76 3 422
76 5 301
76 6 302
76 7 487
76 9 262
76 10 481
76 11 445
76 12 366
76 13 418
76 16 333
76 17 477
76 18 336
76 22 405
76 24 439
76 25 456
76 27 314
76 28 254
76 31 352
76 32 254
76 35 312
76 36 381
76 37 392
76 40 446
76 41 441
76 42 398
76 44 270
76 45 303
76 49 427
76 50 466
76 52 252
76 54 421
76 56 310
76 58 260
76 59 397
76 61 341
76 63 257
76 64 380
76 66 454
76 67 285
76 70 295
76 71 269
76 73 351
76 77 289
76 78 303
76 79 453
76 82 358
76 83 483
76 88 487
76 90 377
76 91 409
76 95 442
76 96 335
76 97 465
77 4 330
77 5 342
77 10 386
77 11 262
77 12 341
77 13 289
77 15 433
77 16 386
77 21 369
77 23 483
77 24 292
77 25 284
77 27 444
77 28 313
77 29 340
77 30 295
77 34 278
77 36 380
77 38 253
77 40 293
77 41 361
77 44 418
77 46 405
77 47 256
77 48 425
77 51 487
77 52 496
77 55 399
77 56 397
77 57 328
77 58 428
77 61 293
77 62 477
77 63 335
77 69 316
77 70 404
77 71 251
77 72 352
77 76 289
77 78 430
77 79 264
77 80 385
77 81 307
77 82 296
77 84 306
77 85 364
77 86 500
77 87 313
77 90 481
77 92 385
77 95 378
77 97 485
77 98 328
77 99 489
78 3 289
78 4 407
78 6 259
78 7 298
78 11 332
78 12 484
78 13 299
78 15 429
78 16 284
78 18 358
78 19 435
78 20 337
78 21 407
78 22 497
78 23 369
78 28 473
78 30 315
78 33 270
78 34 348
78 35 260
78 36 499
78 37 460
78 39 441
78 43 459
78 47 298
78 52 465
78 53 399
78 54 442
78 55 477
78 57 259
78 58 467
78 60 435
78 61 406
78 62 373
78 64 409
78 66 433
78 67 469
78 69 381
78 71 300
78 72 363
78 74 279
78 76 303
78 77 430
78 79 323
78 80 495
78 81 397
78 83 399
78 85 321
78 88 496
78 96 378
78 97 255
78 98 439
78 99 476
79 1 427
79 2 363
79 3 280
79 4 466
79 9 452
79 10 415
79 11 433
79 12 254
79 15 257
79 17 265
79 21 448
79 23 486
79 24 254
79 25 266
79 26 367
79 27 386
79 30 500
79 31 349
79 34 449
79 36 292
79 39 391
79 40 251
79 41 373
79 43 364
79 47 405
79 49 436
79 51 418
79 55 321
79 56 415
79 57 490
79 59 444
79 62 380
79 63 296
79 67 445
79 70 276
79 76 453
79 77 264
79 78 323
79 80 375
79 81 408
79 84 358
79 85 257
79 86 322
79 88 374
79 90 252
79 91 370
79 92 458
79 94 390
79 95 375
79 98 264
79 99 469
80 1 319
80 6 462
80 9 402
80 10 403
80 11 329
80 13 356
80 14 372
80 15 456
80 19 427
80 20 429
80 21 326
80 22 318
80 23 278
80 31 341
80 32 359
80 34 360
80 36 328
80 37 491
80 39 333
80 41 443
80 48 317
80 50 313
80 53 434
80 55 283
80 56 296
80 58 301
80 59 402
80 60 262
80 63 282
80 65 270
80 66 492
80 67 486
80 68 348
80 69 285
80 71 437
80 74 315
80 77 385
80 78 495
80 79 375
80 81 336
80 82 274
80 83 282
80 84 413
80 86 405
80 87 340
80 88 467
80 90 323
80 91 498
80 97 430
80 98 412
80 99 328
81 7 468
81 9 340
81 10 267
81 11 350
81 13 409
81 15 312
81 16 430
81 19 394
81 20 344
81 21 405
81 22 426
81 24 269
81 25 498
81 27 365
81 28 437
81 29 355
81 32 404
81 34 314
81 37 481
81 38 295
81 40 421
81 41 325
81 43 450
81 44 445
81 46 466
81 49 450
81 50 383
81 51 342
81 54 469
81 55 412
81 59 366
81 60 431
81 61 403
81 62 472
81 63 377
81 64 485
81 66 497
81 67 412
81 68 431
81 69 498
81 71 459
81 73 419
81 74 500
81 75 359
81 77 307
81 78 397
81 79 408
81 80 336
81 82 477
81 83 259
81 84 301
81 85 443
81 86 426
81 89 399
81 91 459
81 96 321
81 97 404
82 1 442
82 3 478
82 6 443
82 7 258
82 9 389
82 10 342
82 13 415
82 14 297
82 15 395
82 16 328
82 19 453
82 20 413
82 24 422
82 27 412
82 28 314
82 30 446
82 31 309
82 33 319
82 34 463
82 36 405
82 37 452
82 38 310
82 40 476
82 41 257
82 42 301
82 50 495
82 58 406
82 59 277
82 60 443
82 61 429
82 62 495
82 63 480
82 67 462
82 70 352
82 71 456
82 72 265
82 73 281
82 74 321
82 76 358
82 77 296
82 80 274
82 81 477
82 85 451
82 86 304
82 91 281
82 94 282
82 95 441
82 96 385
82 98 385
83 2 305
83 4 286
83 6 437
83 7 425
83 8 278
83 9 272
83 10 421
83 13 264
83 14 391
83 20 301
83 22 278
83 23 433
83 26 329
83 27 395
83 30 267
83 32 358
83 33 348
83 34 260
83 36 295
83 37 309
83 38 300
83 39 333
83 41 257
83 47 326
83 48 361
83 50 291
83 55 284
83 56 329
83 59 267
83 62 273
83 65 327
83 66 488
83 68 497
83 72 372
83 76 483
83 78 399
83 80 282
83 81 259
83 89 282
83 91 291
83 92 433
83 93 452
83 96 331
83 97 270
84 3 297
84 4 438
84 5 286
84 8 387
84 9 291
84 12 383
84 14 381
84 15 500
84 17 454
84 18 424
84 21 451
84 25 482
84 26 333
84 27 268
84 31 340
84 32 419
84 35 281
84 37 453
84 38 250
84 42 483
84 43 314
84 44 358
84 45 457
84 46 369
84 47 406
84 48 445
84 51 321
84 54 384
84 55 460
84 56 340
84 60 273
84 61 279
84 62 362
84 66 291
84 67 334
84 71 416
84 73 431
84 74 260
84 77 306
84 79 358
84 80 413
84 81 301
84 86 297
84 90 417
84 91 408
84 93 284
84 94 440
84 98 419
84 99 275
85 1 253
85 4 371
85 5 338
85 7 480
85 9 450
85 10 435
85 11 316
85 12 368
85 14 378
85 16 290
85 18 257
85 19 468
85 22 481
85 24 410
85 26 322
85 28 281
85 36 310
85 38 461
85 39 413
85 40 436
85 43 251
85 45 421
85 46 390
85 47 371
85 49 459
85 50 484
85 52 460
85 53 331
85 54 325
85 56 309
85 58 462
85 59 395
85 60 394
85 61 308
85 63 432
85 64 416
85 65 413
85 66 367
85 67 424
85 68 305
85 72 309
85 73 346
85 74 345
85 75 321
85 77 364
85 78 321
85 79 257
85 81 443
85 82 451
85 90 375
85 95 348
85 97 314
85 98 320
85 99 352
86 1 330
86 2 405
86 3 376
86 6 381
86 7 383
86 8 404
86 9 413
86 11 469
86 13 332
86 14 314
86 15 440
86 16 254
86 17 490
86 22 265
86 23 418
86 24 257
86 26 397
86 30 473
86 31 250
86 32 289
86 34 303
86 36 416
86 38 401
86 39 277
86 42 401
86 43 327
86 44 487
86 45 250
86 48 385
86 49 475
86 54 429
86 57 290
86 59 498
86 61 451
86 62 464
86 66 398
86 68 453
86 71 417
86 73 389
86 75 295
86 77 500
86 79 322
86 80 405
86 81 426
86 82 304
86 84 297
86 90 385
86 92 408
86 93 278
86 95 462
86 96 372
86 97 351
87 3 337
87 4 467
87 6 396
87 8 433
87 9 307
87 11 271
87 13 332
87 16 478
87 18 271
87 19 461
87 20 492
87 21 263
87 23 271
87 24 457
87 25 361
87 27 409
87 31 338
87 32 457
87 34 253
87 36 377
87 38 441
87 41 328
87 45 364
87 46 375
87 50 478
87 51 288
87 55 363
87 59 306
87 62 424
87 66 313
87 69 294
87 71 296
87 72 458
87 73 335
87 77 313
87 80 340
87 89 430
87 94 371
87 96 473
87 99 328
88 1 327
88 2 461
88 4 471
88 6 390
88 8 460
88 9 452
88 11 398
88 13 474
88 14 448
88 15 396
88 16 304
88 20 278
88 22 439
88 24 357
88 25 354
88 26 449
88 27 433
88 28 499
88 29 281
88 30 445
88 31 351
88 33 427
88 34 260
88 36 305
88 37 429
88 38 354
88 40 419
88 41 496
88 42 363
88 43 476
88 44 377
88 45 431
88 46 487
88 48 298
88 49 357
88 51 357
88 54 381
88 55 372
88 56 455
88 59 478
88 61 321
88 65 426
88 66 439
88 67 331
88 69 268
88 74 263
88 76 487
88 78 496
88 79 374
88 80 467
88 89 497
88 92 415
88 95 380
88 99 318
89 3 356
89 4 330
89 5 370
89 9 266
89 11 420
89 12 271
89 16 339
89 17 465
89 18 480
89 23 264
89 28 297
89 30 336
89 32 403
89 34 334
89 40 347
89 42 422
89 44 457
89 48 359
89 49 378
89 50 368
89 52 470
89 53 323
89 59 408
89 63 268
89 65 419
89 70 476
89 71 464
89 72 397
89 75 449
89 81 399
89 83 282
89 87 430
89 88 497
89 95 366
89 96 325
89 98 366
90 5 301
90 7 457
90 8 466
90 11 441
90 12 280
90 13 447
90 14 356
90 15 396
90 19 494
90 20 439
90 21 384
90 26 337
90 28 398
90 30 337
90 31 389
90 33 291
90 35 318
90 40 302
90 41 313
90 42 288
90 46 336
90 48 480
90 53 470
90 54 467
90 55 426
90 56 498
90 57 258
90 59 321
90 61 277
90 63 485
90 65 401
90 67 329
90 71 403
90 76 377
90 77 481
90 79 252
90 80 323
90 84 417
90 85 375
90 86 385
90 91 331
90 92 390
90 95 316
90 97 446
90 98 415
91 4 282
91 7 461
91 16 308
91 17 348
91 18 283
91 19 449
91 22 345
91 24 417
91 26 411
91 27 306
91 28 397
91 29 430
91 31 404
91 32 269
91 35 403
91 36 418
91 37 331
91 38 304
91 39 365
91 40 253
91 42 421
91 46 341
91 50 370
91 51 344
91 54 453
91 56 264
91 57 318
91 61 403
91 63 431
91 64 348
91 65 275
91 66 443
91 69 296
91 70 474
91 72 431
91 74 397
91 75 422
91 76 409
91 79 370
91 80 498
91 81 459
91 82 281
91 83 291
91 84 408
91 90 331
91 97 500
91 98 394
91 99 460
92 1 412
92 4 274
92 6 316
92 7 309
92 9 342
92 10 294
92 12 484
92 17 401
92 18 407
92 22 497
92 24 477
92 25 372
92 28 338
92 29 417
92 30 492
92 31 474
92 33 484
92 34 462
92 38 256
92 40 296
92 41 481
92 43 401
92 44 310
92 45 345
92 48 473
92 49 465
92 54 433
92 60 384
92 61 271
92 62 338
92 64 373
92 73 406
92 77 385
92 79 458
92 83 433
92 86 408
92 88 415
92 90 390
92 93 468
92 95 387
92 97 317
93 1 500
93 3 447
93 6 463
93 7 291
93 8 328
93 10 452
93 16 318
93 19 311
93 20 378
93 24 459
93 25 438
93 26 384
93 28 359
93 32 377
93 35 467
93 36 268
93 38 451
93 45 498
93 46 293
93 47 454
93 48 451
93 49 351
93 50 452
93 54 426
93 55 424
93 56 294
93 61 475
93 63 364
93 65 442
93 67 284
93 70 351
93 72 280
93 74 320
93 83 452
93 84 284
93 86 278
93 92 468
93 95 379
93 96 496
94 2 464
94 5 301
94 7 315
94 8 396
94 11 404
94 13 343
94 16 400
94 17 280
94 20 494
94 23 303
94 28 306
94 29 368
94 30 321
94 32 326
94 34 475
94 36 457
94 42 332
94 44 480
94 46 420
94 48 425
94 49 290
94 50 282
94 51 314
94 52 373
94 54 458
94 55 315
94 56 307
94 57 310
94 61 264
94 63 272
94 64 330
94 65 275
94 67 495
94 70 319
94 71 290
94 73 322
94 79 390
94 82 282
94 84 440
94 87 371
94 95 420
94 97 382
95 1 496
95 4 493
95 5 498
95 6 343
95 7 494
95 11 268
95 12 441
95 18 296
95 24 301
95 26 336
95 29 325
95 31 475
95 32 426
95 33 469
95 34 431
95 35 413
95 36 364
95 37 322
95 39 422
95 40 362
95 44 338
95 45 319
95 46 308
95 48 383
95 51 286
95 53 259
95 54 314
95 55 470
95 56 412
95 57 283
95 58 441
95 59 400
95 60 457
95 61 412
95 62 490
95 63 449
95 64 457
95 65 390
95 69 403
95 70 315
95 72 448
95 74 257
95 75 361
95 76 442
95 77 378
95 79 375
95 82 441
95 85 348
95 86 462
95 88 380
95 89 366
95 90 316
95 92 387
95 93 379
95 94 420
95 96 273
95 99 466
96 1 282
96 2 473
96 3 335
96 4 407
96 5 306
96 6 451
96 8 493
96 11 356
96 12 445
96 15 292
96 16 338
96 17 445
96 20 331
96 26 269
96 27 407
96 28 397
96 29 430
96 30 290
96 31 263
96 32 461
96 34 421
96 36 469
96 37 453
96 42 365
96 44 292
96 45 453
96 47 487
96 48 328
96 49 370
96 50 460
96 51 493
96 53 397
96 54 452
96 55 410
96 58 447
96 60 473
96 63 409
96 65 336
96 66 411
96 67 352
96 68 291
96 70 314
96 71 489
96 72 459
96 73 336
96 74 261
96 75 480
96 76 335
96 78 378
96 81 321
96 82 385
96 83 331
96 86 372
96 87 473
96 89 325
96 93 496
96 95 273
96 97 403
97 2 366
97 3 476
97 5 371
97 6 488
97 9 465
97 10 392
97 11 478
97 13 479
97 16 315
97 17 281
97 18 366
97 20 334
97 21 485
97 22 287
97 23 425
97 25 381
97 26 388
97 27 293
97 31 431
97 33 381
97 34 289
97 35 461
97 38 379
97 41 344
97 42 342
97 43 338
97 47 348
97 49 333
97 50 499
97 51 272
97 54 309
97 56 411
97 57 309
97 58 299
97 66 383
97 67 371
97 73 375
97 75 375
97 76 465
97 77 485
97 78 255
97 80 430
97 81 404
97 83 270
97 85 314
97 86 351
97 90 446
97 91 500
97 92 317
97 94 382
97 96 403
97 98 419
97 99 418
98 1 441
98 2 421
98 5 458
98 8 273
98 10 496
98 11 308
98 14 271
98 15 267
98 17 386
98 18 496
98 22 488
98 24 315
98 25 357
98 29 500
98 31 395
98 32 495
98 33 285
98 34 287
98 35 367
98 38 460
98 39 259
98 41 320
98 43 258
98 44 328
98 45 439
98 49 367
98 50 363
98 56 498
98 58 359
98 60 379
98 62 280
98 64 360
98 65 323
98 66 347
98 67 472
98 69 455
98 70 431
98 72 370
98 77 328
98 78 439
98 79 264
98 80 412
98 82 385
98 84 419
98 85 320
98 89 366
98 90 415
98 91 394
98 97 419
98 99 451
1 t 284
2 t 407
3 t 440
8 t 323
10 t 406
11 t 434
14 t 323
15 t 272
16 t 262
17 t 469
18 t 450
19 t 292
22 t 294
23 t 389
24 t 323
25 t 319
28 t 474
29 t 251
32 t 417
33 t 498
38 t 405
40 t 263
41 t 443
42 t 360
45 t 425
47 t 349
49 t 322
51 t 382
52 t 393
54 t 460
55 t 336
57 t 441
59 t 446
60 t 292
61 t 254
62 t 475
63 t 265
64 t 401
65 t 270
66 t 363
68 t 361
69 t 438
73 t 366
77 t 489
78 t 476
79 t 469
80 t 328
84 t 275
85 t 352
87 t 328
88 t 318
91 t 460
95 t 466
97 t 418
98 t 451
