s 2 256
s 4 306
s 5 344
s 6 466
s 10 383
s 13 334
s 14 312
s 15 438
s 16 394
s 20 391
s 21 422
s 22 289
s 23 445
s 25 434
s 29 347
s 32 470
s 37 332
s 39 470
s 40 338
s 43 310
s 44 280
s 45 364
s 47 472
s 48 389
s 49 462
s 51 287
s 54 473
s 57 282
s 58 484
s 59 260
s 67 415
s 68 406
s 69 361
s 70 417
s 71 454
s 73 280
s 74 405
s 79 489
s 80 297
s 82 489
s 83 423
s 84 312
s 88 365
s 89 348
s 92 472
s 94 253
s 96 293
s 98 457
s 99 436
1 2 444
1 5 434
1 6 457
1 7 308
1 8 414
1 9 428
1 10 403
1 11 449
1 12 486
1 13 491
1 16 422
1 17 483
1 18 264
1 19 275
1 22 452
1 26 480
1 27 349
1 28 405
1 29 366
1 30 250
1 32 252
1 33 412
1 34 428
1 37 347
1 38 448
1 39 279
1 42 441
1 43 367
1 46 370
1 49 363
1 50 258
1 51 345
1 52 270
1 54 482
1 56 272
1 57 335
1 58 291
1 59 445
1 60 445
1 63 413
1 67 263
1 68 313
1 70 343
1 73 377
1 77 393
1 82 337
1 83 410
1 85 263
1 86 402
1 91 272
1 92 260
1 97 311
1 98 364
2 1 444
2 4 402
2 16 429
2 18 454
2 20 253
2 24 452
2 27 497
2 32 323
2 33 485
2 39 375
2 43 482
2 44 412
2 45 441
2 46 484
2 49 450
2 51 261
2 52 353
2 53 315
2 54 271
2 55 278
2 62 355
2 63 361
2 65 426
2 66 493
2 67 306
2 71 384
2 72 373
2 76 412
2 77 373
2 83 253
2 85 321
2 86 435
2 87 496
2 90 498
2 95 474
2 97 317
2 98 479
2 99 276
3 6 273
3 7 482
3 9 317
3 13 325
3 16 465
3 18 283
3 20 363
3 21 299
3 22 344
3 24 338
3 25 312
3 26 488
3 27 323
3 28 270
3 29 349
3 30 455
3 31 426
3 33 257
3 35 312
3 37 362
3 38 264
3 40 435
3 41 486
3 46 383
3 50 295
3 53 437
3 54 344
3 56 274
3 59 286
3 61 387
3 63 474
3 65 359
3 66 307
3 68 418
3 69 460
3 70 407
3 71 484
3 72 431
3 73 383
3 75 381
3 77 399
3 78 396
3 81 393
3 82 304
3 84 445
3 85 489
3 86 339
3 91 390
3 93 426
3 95 425
3 96 379
4 2 402
4 10 458
4 12 447
4 13 462
4 14 350
4 21 255
4 22 332
4 23 449
4 25 267
4 27 479
4 30 278
4 34 460
4 35 364
4 38 266
4 39 314
4 40 324
4 42 461
4 44 488
4 45 353
4 46 438
4 47 454
4 48 483
4 50 273
4 52 404
4 53 277
4 56 319
4 57 311
4 59 500
4 60 265
4 61 349
4 63 433
4 71 283
4 72 256
4 73 412
4 74 354
4 75 383
4 77 392
4 83 475
4 85 284
4 87 323
4 88 465
4 89 494
4 94 334
4 95 327
4 96 256
4 97 281
5 1 434
5 7 266
5 8 289
5 11 419
5 12 463
5 13 458
5 15 270
5 19 469
5 21 341
5 22 273
5 23 368
5 24 487
5 26 254
5 30 427
5 31 272
5 34 500
5 35 255
5 38 404
5 40 270
5 41 312
5 42 428
5 44 425
5 45 285
5 46 384
5 50 342
5 51 269
5 52 416
5 53 351
5 54 417
5 55 309
5 56 266
5 57 372
5 62 361
5 67 386
5 68 492
5 69 266
5 73 347
5 75 299
5 78 321
5 79 278
5 80 298
5 83 310
5 87 460
5 89 414
5 91 487
5 94 431
5 95 314
5 97 447
6 1 457
6 3 273
6 7 299
6 14 491
6 15 428
6 16 290
6 18 419
6 22 458
6 23 255
6 26 268
6 29 432
6 31 422
6 33 263
6 34 380
6 36 417
6 40 445
6 43 447
6 44 386
6 45 497
6 46 415
6 49 493
6 50 454
6 54 360
6 56 319
6 57 361
6 60 328
6 63 478
6 64 466
6 65 277
6 66 295
6 69 419
6 70 256
6 71 441
6 74 300
6 75 389
6 76 306
6 79 323
6 80 401
6 82 429
6 85 349
6 86 366
6 88 401
6 90 405
6 94 422
6 95 429
6 99 460
7 1 308
7 3 482
7 5 266
7 6 299
7 9 289
7 10 370
7 12 323
7 15 280
7 16 318
7 17 272
7 20 349
7 21 488
7 25 339
7 26 255
7 27 261
7 28 492
7 30 306
7 32 277
7 34 493
7 36 340
7 38 484
7 39 292
7 40 318
7 43 378
7 44 339
7 45 328
7 47 310
7 48 483
7 53 264
7 54 425
7 61 270
7 64 434
7 65 313
7 67 360
7 70 408
7 75 417
7 76 419
7 77 395
7 78 355
7 79 423
7 80 283
7 83 288
7 84 336
7 85 341
7 86 315
7 87 405
7 88 434
7 94 406
7 96 401
7 97 274
7 98 486
7 99 476
8 1 414
8 5 289
8 9 345
8 12 468
8 13 314
8 14 287
8 18 480
8 20 271
8 23 430
8 24 390
8 31 328
8 32 412
8 33 366
8 34 335
8 38 500
8 39 357
8 41 274
8 43 417
8 44 285
8 47 492
8 48 309
8 51 352
8 52 447
8 54 483
8 57 399
8 60 462
8 61 496
8 62 486
8 65 315
8 66 268
8 67 285
8 68 444
8 69 323
8 71 407
8 72 444
8 74 438
8 75 351
8 80 343
8 81 401
8 83 358
8 86 394
8 89 496
8 90 452
8 91 437
8 93 497
8 94 261
8 95 439
9 1 428
9 3 317
9 7 289
9 8 345
9 10 435
9 11 307
9 12 384
9 15 434
9 18 361
9 20 477
9 21 395
9 22 432
9 23 338
9 24 390
9 26 261
9 28 495
9 29 480
9 30 325
9 31 414
9 32 296
9 33 293
9 36 477
9 37 453
9 39 484
9 40 284
9 41 430
9 42 294
9 43 318
9 45 279
9 47 417
9 48 353
9 50 391
9 51 440
9 52 358
9 54 495
9 57 370
9 58 493
9 59 255
9 63 309
9 66 435
9 68 466
9 72 402
9 74 457
9 76 397
9 79 372
9 80 316
9 81 253
9 84 415
9 86 353
9 87 492
9 90 342
9 91 364
9 93 397
9 95 390
10 1 403
10 4 458
10 7 370
10 9 435
10 18 392
10 21 421
10 23 432
10 24 412
10 27 253
10 29 321
10 31 400
10 32 333
10 33 412
10 37 355
10 39 490
10 41 464
10 42 390
10 46 256
10 47 253
10 48 405
10 50 282
10 51 445
10 52 401
10 55 256
10 58 330
10 59 386
10 60 445
10 64 317
10 66 379
10 68 335
10 70 475
10 77 356
10 78 372
10 79 339
10 81 258
10 83 448
10 84 441
10 85 385
10 86 334
10 87 362
10 90 275
10 91 280
10 92 457
10 94 310
10 95 435
10 96 294
10 98 458
10 99 417
11 1 449
11 5 419
11 9 307
11 12 394
11 15 485
11 18 286
11 19 326
11 21 289
11 22 299
11 26 356
11 29 359
11 30 361
11 31 461
11 33 422
11 35 352
11 36 401
11 43 343
11 44 356
11 46 260
11 48 350
11 50 434
11 56 289
11 59 399
11 61 404
11 62 436
11 64 416
11 65 419
11 69 375
11 71 320
11 72 264
11 75 404
11 77 416
11 78 360
11 80 481
11 81 421
11 83 483
11 85 326
11 93 309
11 97 368
11 99 412
12 1 486
12 4 447
12 5 463
12 7 323
12 8 468
12 9 384
12 11 394
12 13 446
12 14 409
12 15 434
12 17 463
12 20 406
12 25 463
12 26 450
12 29 406
12 31 461
12 33 325
12 41 426
12 42 270
12 46 262
12 48 314
12 51 394
12 52 494
12 53 261
12 54 431
12 55 297
12 57 480
12 60 483
12 61 470
12 62 456
12 63 476
12 65 352
12 66 320
12 70 362
12 72 482
12 75 398
12 79 482
12 81 468
12 83 383
12 85 399
12 88 473
12 94 344
12 96 261
12 98 295
12 99 416
13 1 491
13 3 325
13 4 462
13 5 458
13 8 314
13 12 446
13 15 408
13 16 373
13 18 486
13 20 341
13 21 460
13 22 398
13 28 277
13 29 401
13 30 477
13 32 391
13 36 301
13 37 333
13 43 258
13 44 416
13 48 261
13 50 346
13 51 273
13 55 287
13 56 264
13 57 358
13 58 288
13 59 473
13 61 402
13 64 416
13 66 290
13 70 393
13 71 485
13 72 434
13 73 429
13 75 427
13 84 308
13 87 396
13 89 467
13 90 420
13 91 270
13 92 351
13 93 464
13 97 318
13 98 490
14 4 350
14 6 491
14 8 287
14 12 409
14 16 350
14 18 359
14 19 291
14 20 275
14 21 430
14 22 270
14 23 258
14 24 495
14 26 354
14 27 269
14 28 340
14 32 400
14 33 452
14 34 436
14 37 356
14 41 299
14 42 447
14 43 276
14 45 392
14 47 286
14 52 256
14 56 488
14 58 406
14 61 319
14 62 435
14 64 331
14 66 312
14 67 308
14 68 421
14 69 490
14 70 329
14 71 454
14 75 312
14 77 366
14 78 410
14 81 449
14 82 443
14 84 438
14 87 484
14 89 346
14 92 425
14 94 265
14 95 450
14 96 315
14 97 302
14 98 395
14 99 445
15 5 270
15 6 428
15 7 280
15 9 434
15 11 485
15 12 434
15 13 408
15 16 266
15 18 319
15 19 419
15 24 483
15 27 492
15 28 426
15 30 487
15 31 263
15 36 402
15 39 252
15 40 410
15 43 314
15 46 353
15 47 302
15 50 493
15 52 382
15 54 287
15 58 305
15 59 354
15 62 440
15 64 412
15 66 388
15 67 387
15 69 250
15 73 336
15 74 452
15 76 300
15 77 352
15 78 285
15 79 320
15 82 306
15 84 468
15 86 463
15 87 368
15 88 308
15 89 492
15 93 268
15 94 443
15 95 363
15 96 390
15 98 412
15 99 314
16 1 422
16 2 429
16 3 465
16 6 290
16 7 318
16 13 373
16 14 350
16 15 266
16 22 388
16 25 500
16 26 299
16 28 252
16 30 329
16 32 377
16 33 352
16 34 423
16 36 288
16 37 256
16 39 475
16 41 344
16 42 256
16 44 325
16 49 500
16 50 380
16 52 339
16 55 344
16 57 251
16 60 316
16 61 351
16 62 301
16 63 306
16 64 344
16 65 489
16 67 405
16 68 430
16 69 460
16 70 456
16 72 347
16 73 254
16 74 293
16 77 318
16 78 250
16 80 306
16 83 292
16 85 478
16 86 309
16 87 322
16 88 267
16 89 370
16 93 290
16 98 447
16 99 396
17 1 483
17 7 272
17 12 463
17 19 407
17 20 426
17 24 278
17 25 285
17 26 498
17 27 411
17 30 345
17 32 322
17 34 322
17 35 337
17 37 253
17 38 366
17 39 265
17 40 268
17 41 407
17 43 406
17 45 412
17 47 308
17 49 479
17 51 433
17 52 287
17 55 251
17 56 287
17 57 448
17 58 475
17 59 378
17 63 468
17 64 466
17 66 335
17 67 446
17 68 490
17 69 420
17 70 259
17 72 397
17 73 432
17 74 360
17 77 317
17 79 259
17 80 323
17 81 434
17 82 360
17 83 269
17 84 498
17 85 298
17 86 351
17 88 330
17 91 283
17 93 365
17 95 368
17 99 307
18 1 264
18 2 454
18 3 283
18 6 419
18 8 480
18 9 361
18 10 392
18 11 286
18 13 486
18 14 359
18 15 319
18 20 411
18 26 262
18 28 324
18 29 366
18 32 305
18 34 384
18 35 283
18 39 444
18 40 453
18 42 273
18 43 432
18 44 425
18 45 458
18 46 355
18 47 490
18 50 466
18 51 445
18 54 344
18 55 423
18 60 374
18 63 421
18 64 496
18 66 427
18 68 271
18 72 320
18 74 310
18 75 293
18 77 330
18 78 317
18 79 263
18 80 452
18 84 287
18 85 486
18 86 473
18 88 391
18 90 315
18 91 481
18 92 378
18 93 422
18 94 380
18 95 335
18 96 330
19 1 275
19 5 469
19 11 326
19 14 291
19 15 419
19 17 407
19 20 304
19 21 277
19 22 348
19 24 274
19 25 470
19 28 300
19 35 311
19 37 261
19 38 425
19 39 304
19 40 343
19 42 317
19 44 356
19 47 375
19 48 488
19 54 494
19 56 386
19 60 395
19 61 284
19 62 476
19 65 309
19 72 326
19 74 500
19 78 356
19 79 434
19 81 445
19 85 316
19 87 494
19 88 474
19 90 467
19 96 280
19 97 323
20 2 253
20 3 363
20 7 349
20 8 271
20 9 477
20 12 406
20 13 341
20 14 275
20 17 426
20 18 411
20 19 304
20 21 416
20 22 348
20 24 303
20 25 386
20 26 405
20 32 281
20 33 341
20 34 325
20 37 399
20 41 354
20 43 254
20 49 313
20 51 340
20 52 294
20 53 414
20 54 458
20 55 289
20 57 304
20 58 474
20 61 361
20 63 492
20 64 402
20 65 434
20 67 498
20 68 272
20 69 283
20 70 366
20 73 498
20 75 296
20 76 406
20 78 304
20 79 431
20 80 294
20 85 398
20 88 266
20 91 259
20 95 360
20 96 363
20 97 287
21 3 299
21 4 255
21 5 341
21 7 488
21 9 395
21 10 421
21 11 289
21 13 460
21 14 430
21 19 277
21 20 416
21 22 463
21 24 275
21 25 430
21 28 267
21 30 278
21 31 393
21 36 283
21 40 361
21 43 323
21 48 412
21 49 342
21 51 296
21 54 333
21 55 434
21 56 325
21 57 326
21 60 491
21 62 483
21 63 500
21 64 453
21 65 340
21 66 368
21 69 448
21 70 476
21 71 260
21 72 314
21 74 277
21 77 260
21 79 315
21 81 379
21 83 443
21 86 278
21 89 272
21 91 492
21 93 380
21 94 435
21 98 336
21 99 322
22 1 452
22 3 344
22 4 332
22 5 273
22 6 458
22 9 432
22 11 299
22 13 398
22 14 270
22 16 388
22 19 348
22 20 348
22 21 463
22 23 335
22 24 353
22 25 450
22 27 295
22 31 395
22 32 466
22 33 429
22 35 364
22 36 416
22 43 349
22 45 436
22 48 296
22 49 423
22 53 344
22 55 483
22 57 440
22 58 276
22 60 261
22 64 292
22 66 347
22 68 357
22 69 429
22 74 334
22 77 308
22 79 282
22 80 442
22 81 491
22 84 277
22 85 469
22 86 468
22 89 349
22 90 263
22 93 469
22 94 318
22 95 373
22 97 397
22 98 454
23 4 449
23 5 368
23 6 255
23 8 430
23 9 338
23 10 432
23 14 258
23 22 335
23 24 499
23 26 493
23 27 257
23 28 357
23 29 327
23 30 448
23 32 347
23 33 430
23 34 355
23 41 462
23 43 402
23 45 401
23 48 448
23 49 457
23 50 331
23 51 281
23 53 342
23 57 427
23 58 477
23 60 407
23 61 386
23 62 427
23 64 427
23 65 450
23 66 298
23 68 345
23 72 258
23 76 379
23 78 274
23 83 429
23 87 278
23 89 329
23 99 366
24 2 452
24 3 338
24 5 487
24 8 390
24 9 390
24 10 412
24 14 495
24 15 483
24 17 278
24 19 274
24 20 303
24 21 275
24 22 353
24 23 499
24 25 334
24 26 348
24 30 298
24 32 279
24 35 291
24 36 477
24 37 374
24 38 295
24 42 298
24 43 401
24 44 472
24 47 467
24 48 312
24 50 413
24 51 280
24 53 448
24 55 408
24 56 466
24 57 456
24 58 341
24 61 282
24 62 307
24 63 496
24 64 488
24 65 461
24 66 279
24 67 410
24 68 290
24 69 303
24 70 390
24 71 402
24 74 387
24 75 439
24 78 428
24 80 486
24 81 487
24 82 459
24 84 315
24 86 288
24 87 489
24 88 426
24 89 473
24 93 434
24 94 343
24 96 409
24 98 449
24 99 290
25 3 312
25 4 267
25 7 339
25 12 463
25 16 500
25 17 285
25 19 470
25 20 386
25 21 430
25 22 450
25 24 334
25 27 305
25 28 267
25 32 426
25 33 486
25 34 331
25 35 480
25 39 270
25 41 262
25 49 438
25 50 438
25 52 367
25 53 491
25 57 371
25 62 259
25 63 295
25 64 366
25 76 254
25 77 272
25 79 485
25 81 351
25 85 435
25 86 379
25 87 398
25 88 288
25 91 389
25 92 499
25 95 266
25 97 382
25 98 356
26 1 480
26 3 488
26 5 254
26 6 268
26 7 255
26 9 261
26 11 356
26 12 450
26 14 354
26 16 299
26 17 498
26 18 262
26 20 405
26 23 493
26 24 348
26 29 432
26 31 321
26 34 481
26 35 355
26 36 452
26 37 460
26 39 328
26 40 431
26 41 435
26 42 316
26 46 356
26 48 470
26 49 361
26 51 364
26 52 271
26 53 445
26 54 306
26 55 293
26 62 344
26 65 399
26 67 361
26 68 334
26 74 388
26 76 270
26 77 302
26 78 401
26 79 381
26 80 361
26 81 450
26 85 317
26 86 496
26 90 447
26 92 469
26 95 452
26 98 371
26 99 254
27 1 349
27 2 497
27 3 323
27 4 479
27 7 261
27 10 253
27 14 269
27 15 492
27 17 411
27 22 295
27 23 257
27 25 305
27 28 457
27 30 284
27 31 389
27 33 412
27 34 313
27 36 496
27 39 354
27 40 300
27 42 465
27 43 408
27 45 498
27 46 403
27 49 288
27 50 319
27 51 275
27 55 390
27 56 475
27 58 385
27 59 381
27 60 333
27 63 357
27 69 411
27 71 418
27 74 277
27 80 366
27 84 364
27 85 395
27 88 490
27 89 486
27 93 369
27 94 369
27 95 275
27 97 290
27 99 346
28 1 405
28 3 270
28 7 492
28 9 495
28 13 277
28 14 340
28 15 426
28 16 252
28 18 324
28 19 300
28 21 267
28 23 357
28 25 267
28 27 457
28 30 492
28 31 471
28 34 250
28 38 403
28 39 327
28 40 263
28 41 296
28 42 386
28 43 321
28 44 322
28 45 255
28 46 310
28 47 387
28 52 311
28 53 500
28 54 339
28 55 471
28 56 434
28 58 375
28 59 254
28 66 279
28 67 410
28 68 308
28 72 483
28 73 405
28 74 488
28 77 443
28 78 369
28 79 391
28 83 269
28 85 259
28 86 261
28 87 425
28 89 451
28 91 383
28 92 435
28 94 388
28 95 400
28 96 495
28 97 347
28 98 284
29 1 366
29 3 349
29 6 432
29 9 480
29 10 321
29 11 359
29 12 406
29 13 401
29 18 366
29 23 327
29 26 432
29 30 452
29 31 305
29 32 424
29 38 410
29 42 420
29 43 417
29 48 392
29 50 305
29 54 387
29 57 457
29 59 397
29 61 418
29 62 304
29 65 401
29 67 271
29 68 462
29 70 471
29 71 494
29 72 284
29 75 485
29 77 321
29 78 356
29 79 336
29 80 486
29 81 495
29 82 306
29 83 450
29 84 329
29 86 348
29 88 438
29 89 256
29 90 369
29 94 498
29 98 264
30 1 250
30 3 455
30 4 278
30 5 427
30 7 306
30 9 325
30 11 361
30 13 477
30 15 487
30 16 329
30 17 345
30 21 278
30 23 448
30 24 298
30 27 284
30 28 492
30 29 452
30 33 287
30 37 459
30 39 442
30 40 481
30 41 494
30 46 432
30 47 491
30 48 323
30 49 391
30 52 351
30 54 487
30 55 348
30 58 421
30 59 328
30 60 346
30 61 281
30 62 489
30 63 405
30 68 375
30 70 328
30 73 376
30 74 333
30 76 348
30 78 323
30 84 362
30 87 460
30 92 400
30 94 276
30 98 463
31 3 426
31 5 272
31 6 422
31 8 328
31 9 414
31 10 400
31 11 461
31 12 461
31 15 263
31 21 393
31 22 395
31 26 321
31 27 389
31 28 471
31 29 305
31 32 371
31 34 370
31 36 422
31 40 394
31 41 380
31 43 404
31 45 390
31 46 420
31 47 280
31 49 317
31 50 410
31 52 460
31 55 489
31 56 325
31 57 467
31 58 494
31 59 415
31 60 458
31 63 357
31 65 408
31 68 437
31 69 365
31 71 276
31 74 306
31 75 475
31 77 438
31 78 461
31 79 275
31 81 309
31 82 388
31 83 449
31 84 398
31 85 445
31 86 376
31 92 302
31 93 458
31 94 365
31 95 325
31 98 401
31 99 457
32 1 252
32 2 323
32 7 277
32 8 412
32 9 296
32 10 333
32 13 391
32 14 400
32 16 377
32 17 322
32 18 305
32 20 281
32 22 466
32 23 347
32 24 279
32 25 426
32 29 424
32 31 371
32 35 401
32 36 298
32 40 337
32 49 404
32 52 362
32 55 260
32 56 447
32 59 257
32 60 361
32 61 301
32 62 442
32 68 264
32 70 255
32 71 381
32 73 427
32 75 395
32 76 286
32 78 397
32 80 306
32 89 397
32 91 301
32 92 347
32 93 293
32 95 299
32 97 409
32 98 311
33 1 412
33 2 485
33 3 257
33 6 263
33 8 366
33 9 293
33 10 412
33 11 422
33 12 325
33 14 452
33 16 352
33 20 341
33 22 429
33 23 430
33 25 486
33 27 412
33 30 287
33 34 447
33 39 383
33 40 291
33 43 262
33 44 399
33 49 289
33 50 297
33 52 352
33 53 410
33 56 342
33 59 463
33 60 481
33 61 356
33 62 487
33 65 415
33 66 364
33 67 327
33 68 471
33 70 386
33 72 264
33 73 429
33 75 345
33 76 479
33 80 327
33 81 467
33 82 360
33 83 389
33 84 359
33 85 392
33 86 397
33 89 374
33 90 344
33 95 422
33 98 293
34 1 428
34 4 460
34 5 500
34 6 380
34 7 493
34 8 335
34 14 436
34 16 423
34 17 322
34 18 384
34 20 325
34 23 355
34 25 331
34 26 481
34 27 313
34 28 250
34 31 370
34 33 447
34 37 367
34 41 284
34 44 392
34 45 309
34 46 272
34 47 358
34 49 323
34 50 387
34 52 497
34 53 446
34 54 402
34 55 327
34 56 425
34 58 423
34 59 455
34 60 275
34 61 472
34 65 419
34 68 410
34 71 410
34 73 258
34 74 475
34 75 404
34 81 382
34 83 325
34 85 344
34 89 470
34 90 458
34 92 273
34 94 311
34 95 454
34 99 401
35 3 312
35 4 364
35 5 255
35 11 352
35 17 337
35 18 283
35 19 311
35 22 364
35 24 291
35 25 480
35 26 355
35 32 401
35 37 461
35 39 355
35 41 454
35 43 413
35 47 467
35 48 252
35 49 304
35 52 387
35 53 282
35 61 478
35 63 459
35 66 332
35 70 410
35 71 355
35 74 370
35 75 391
35 77 356
35 81 400
35 82 387
35 84 372
35 85 474
35 86 350
35 87 409
35 88 308
35 89 328
35 90 367
35 92 259
35 94 419
35 96 253
35 99 295
36 6 417
36 7 340
36 9 477
36 11 401
36 13 301
36 15 402
36 16 288
36 21 283
36 22 416
36 24 477
36 26 452
36 27 496
36 31 422
36 32 298
36 37 421
36 38 317
36 39 277
36 40 318
36 41 407
36 43 340
36 44 419
36 47 409
36 49 466
36 50 454
36 52 373
36 53 276
36 54 443
36 57 274
36 58 360
36 59 300
36 60 336
36 61 353
36 62 452
36 63 391
36 67 401
36 68 436
36 69 495
36 70 371
36 72 330
36 73 412
36 76 303
36 77 373
36 78 465
36 79 320
36 80 364
36 81 374
36 82 252
36 84 412
36 85 386
36 87 255
36 89 383
36 92 384
36 93 283
36 94 492
36 97 455
37 1 347
37 3 362
37 9 453
37 10 355
37 13 333
37 14 356
37 16 256
37 17 253
37 19 261
37 20 399
37 24 374
37 26 460
37 30 459
37 34 367
37 35 461
37 36 421
37 42 266
37 44 285
37 46 387
37 47 428
37 48 377
37 49 385
37 50 441
37 52 454
37 53 424
37 54 478
37 55 472
37 58 264
37 59 390
37 60 405
37 64 315
37 66 395
37 69 276
37 70 370
37 71 475
37 72 396
37 74 353
37 80 358
37 82 383
37 89 392
37 91 337
37 92 343
37 93 437
37 95 313
37 96 256
38 1 448
38 3 264
38 4 266
38 5 404
38 7 484
38 8 500
38 17 366
38 19 425
38 24 295
38 28 403
38 29 410
38 36 317
38 39 275
38 41 394
38 42 260
38 44 281
38 48 253
38 49 257
38 51 300
38 52 496
38 53 481
38 54 393
38 55 251
38 56 326
38 57 308
38 58 303
38 64 385
38 65 470
38 68 268
38 69 321
38 78 345
38 79 468
38 81 300
38 82 257
38 86 354
38 89 289
38 90 296
38 93 392
38 95 401
38 96 446
39 1 279
39 2 375
39 4 314
39 7 292
39 8 357
39 9 484
39 10 490
39 15 252
39 16 475
39 17 265
39 18 444
39 19 304
39 25 270
39 26 328
39 27 354
39 28 327
39 30 442
39 33 383
39 35 355
39 36 277
39 38 275
39 40 443
39 42 490
39 45 400
39 46 345
39 48 431
39 50 425
39 55 401
39 56 264
39 57 269
39 58 256
39 59 276
39 60 273
39 61 367
39 63 307
39 64 365
39 66 393
39 68 347
39 69 435
39 70 288
39 71 355
39 73 454
39 74 499
39 77 454
39 79 354
39 80 493
39 84 304
39 87 329
39 88 384
39 91 411
39 92 328
39 94 435
39 95 282
39 96 384
40 3 435
40 4 324
40 5 270
40 6 445
40 7 318
40 9 284
40 15 410
40 17 268
40 18 453
40 19 343
40 21 361
40 26 431
40 27 300
40 28 263
40 30 481
40 31 394
40 32 337
40 33 291
40 36 318
40 39 443
40 41 271
40 42 476
40 44 323
40 45 387
40 46 423
40 48 287
40 50 324
40 51 296
40 53 324
40 54 312
40 58 337
40 59 492
40 63 466
40 65 384
40 66 457
40 68 323
40 69 329
40 71 448
40 72 342
40 73 475
40 74 315
40 75 372
40 76 427
40 77 304
40 79 449
40 81 380
40 82 301
40 84 328
40 85 317
40 87 480
40 88 343
40 89 484
40 91 371
40 93 493
40 94 299
40 98 275
40 99 255
41 3 486
41 5 312
41 8 274
41 9 430
41 10 464
41 12 426
41 14 299
41 16 344
41 17 407
41 20 354
41 23 462
41 25 262
41 26 435
41 28 296
41 30 494
41 31 380
41 34 284
41 35 454
41 36 407
41 38 394
41 40 271
41 42 421
41 43 314
41 44 346
41 45 472
41 46 428
41 48 407
41 50 425
41 51 373
41 52 450
41 53 404
41 58 309
41 59 455
41 60 369
41 62 491
41 65 352
41 68 458
41 69 308
41 70 439
41 73 337
41 74 333
41 75 440
41 76 465
41 77 369
41 78 474
41 80 341
41 81 466
41 84 473
41 85 312
41 86 365
41 87 272
41 89 256
41 90 393
41 93 381
41 94 359
41 96 302
42 1 441
42 4 461
42 5 428
42 9 294
42 10 390
42 12 270
42 14 447
42 16 256
42 18 273
42 19 317
42 24 298
42 26 316
42 27 465
42 28 386
42 29 420
42 37 266
42 38 260
42 39 490
42 40 476
42 41 421
42 46 436
42 47 496
42 48 463
42 50 263
42 51 364
42 53 423
42 54 456
42 56 432
42 57 259
42 58 360
42 61 408
42 63 444
42 64 357
42 65 457
42 69 427
42 74 460
42 75 304
42 76 393
42 82 461
42 83 286
42 86 306
42 87 266
42 89 259
42 90 398
42 91 286
42 92 277
42 93 474
42 94 470
42 98 462
42 99 388
43 1 367
43 2 482
43 6 447
43 7 378
43 8 417
43 9 318
43 11 343
43 13 258
43 14 276
43 15 314
43 17 406
43 18 432
43 20 254
43 21 323
43 22 349
43 23 402
43 24 401
43 27 408
43 28 321
43 29 417
43 31 404
43 33 262
43 35 413
43 36 340
43 41 314
43 44 441
43 46 275
43 47 364
43 48 310
43 50 453
43 52 269
43 53 300
43 54 484
43 55 286
43 59 338
43 61 432
43 66 294
43 68 464
43 69 417
43 71 335
43 72 286
43 73 271
43 78 252
43 79 290
43 80 365
43 81 489
43 83 375
43 84 445
43 85 412
43 86 487
43 87 284
43 88 484
43 89 376
43 92 472
43 95 410
43 96 277
43 97 377
43 99 304
44 2 412
44 4 488
44 5 425
44 6 386
44 7 339
44 8 285
44 11 356
44 13 416
44 16 325
44 18 425
44 19 356
44 24 472
44 28 322
44 33 399
44 34 392
44 36 419
44 37 285
44 38 281
44 40 323
44 41 346
44 43 441
44 46 396
44 48 348
44 50 485
44 52 485
44 56 500
44 57 429
44 59 302
44 61 250
44 63 384
44 67 318
44 69 443
44 70 327
44 71 441
44 72 258
44 74 385
44 75 397
44 78 366
44 79 269
44 80 318
44 81 277
44 82 460
44 83 476
44 85 257
44 86 407
44 88 282
44 89 257
44 91 322
44 92 289
44 95 436
44 96 473
44 97 333
45 2 441
45 4 353
45 5 285
45 6 497
45 7 328
45 9 279
45 14 392
45 17 412
45 18 458
45 22 436
45 23 401
45 27 498
45 28 255
45 31 390
45 34 309
45 39 400
45 40 387
45 41 472
45 46 421
45 47 358
45 48 270
45 49 444
45 50 416
45 51 278
45 53 480
45 54 329
45 55 445
45 56 456
45 58 376
45 60 359
45 61 395
45 62 253
45 63 495
45 64 272
45 66 324
45 67 303
45 68 407
45 69 331
45 70 376
45 73 324
45 75 292
45 76 340
45 80 462
45 81 431
45 84 425
45 87 348
45 90 500
45 91 314
45 92 325
45 96 348
45 98 284
45 99 445
46 1 370
46 2 484
46 3 383
46 4 438
46 5 384
46 6 415
46 10 256
46 11 260
46 12 262
46 15 353
46 18 355
46 26 356
46 27 403
46 28 310
46 30 432
46 31 420
46 34 272
46 37 387
46 39 345
46 40 423
46 41 428
46 42 436
46 43 275
46 44 396
46 45 421
46 49 433
46 53 493
46 54 289
46 56 359
46 58 291
46 59 384
46 61 382
46 62 383
46 63 390
46 65 331
46 69 367
46 71 417
46 73 321
46 79 470
46 82 402
46 84 341
46 85 470
46 86 321
46 88 428
46 92 452
46 93 257
46 94 354
46 96 375
46 97 472
47 4 454
47 7 310
47 8 492
47 9 417
47 10 253
47 14 286
47 15 302
47 17 308
47 18 490
47 19 375
47 24 467
47 28 387
47 30 491
47 31 280
47 34 358
47 35 467
47 36 409
47 37 428
47 42 496
47 43 364
47 45 358
47 54 450
47 55 300
47 57 306
47 59 415
47 60 274
47 64 411
47 65 478
47 73 279
47 74 254
47 77 466
47 78 427
47 82 330
47 85 369
47 87 375
47 89 415
47 92 454
47 93 421
47 94 316
47 96 386
47 98 416
47 99 465
48 4 483
48 7 483
48 8 309
48 9 353
48 10 405
48 11 350
48 12 314
48 13 261
48 19 488
48 21 412
48 22 296
48 23 448
48 24 312
48 26 470
48 29 392
48 30 323
48 35 252
48 37 377
48 38 253
48 39 431
48 40 287
48 41 407
48 42 463
48 43 310
48 44 348
48 45 270
48 49 487
48 50 464
48 52 411
48 55 305
48 56 279
48 57 440
48 64 380
48 65 495
48 67 311
48 68 397
48 69 415
48 70 358
48 72 387
48 75 441
48 76 454
48 80 258
48 82 353
48 85 421
48 86 368
48 87 472
48 88 320
48 89 487
48 91 349
48 94 491
48 95 394
48 97 318
48 98 456
49 1 363
49 2 450
49 6 493
49 16 500
49 17 479
49 20 313
49 21 342
49 22 423
49 23 457
49 25 438
49 26 361
49 27 288
49 30 391
49 31 317
49 32 404
49 33 289
49 34 323
49 35 304
49 36 466
49 37 385
49 38 257
49 45 444
49 46 433
49 48 487
49 50 307
49 51 364
49 52 294
49 55 303
49 57 483
49 59 460
49 61 250
49 63 494
49 66 448
49 68 283
49 69 252
49 71 386
49 73 475
49 74 463
49 75 453
49 76 351
49 77 479
49 80 379
49 83 275
49 84 441
49 85 466
49 86 310
49 87 499
49 88 275
49 93 397
49 97 404
49 98 469
49 99 424
50 1 258
50 3 295
50 4 273
50 5 342
50 6 454
50 9 391
50 10 282
50 11 434
50 13 346
50 15 493
50 16 380
50 18 466
50 23 331
50 24 413
50 25 438
50 27 319
50 29 305
50 31 410
50 33 297
50 34 387
50 36 454
50 37 441
50 39 425
50 40 324
50 41 425
50 42 263
50 43 453
50 44 485
50 45 416
50 48 464
50 49 307
50 51 326
50 58 352
50 60 356
50 61 258
50 62 252
50 63 388
50 64 372
50 66 484
50 68 367
50 71 377
50 73 302
50 75 293
50 77 255
50 79 286
50 82 493
50 84 378
50 88 304
50 89 497
50 90 267
50 91 254
50 92 469
50 95 264
50 97 407
50 99 262
51 1 345
51 2 261
51 5 269
51 8 352
51 9 440
51 10 445
51 12 394
51 13 273
51 17 433
51 18 445
51 20 340
51 21 296
51 23 281
51 24 280
51 26 364
51 27 275
51 38 300
51 40 296
51 41 373
51 42 364
51 45 278
51 49 364
51 50 326
51 52 256
51 53 435
51 54 350
51 55 390
51 56 489
51 57 325
51 58 463
51 61 361
51 66 302
51 72 338
51 74 353
51 76 446
51 77 316
51 83 472
51 84 375
51 85 296
51 86 481
51 93 309
51 95 494
51 96 485
52 1 270
52 2 353
52 4 404
52 5 416
52 8 447
52 9 358
52 10 401
52 12 494
52 14 256
52 15 382
52 16 339
52 17 287
52 20 294
52 25 367
52 26 271
52 28 311
52 30 351
52 31 460
52 32 362
52 33 352
52 34 497
52 35 387
52 36 373
52 37 454
52 38 496
52 41 450
52 43 269
52 44 485
52 48 411
52 49 294
52 51 256
52 54 449
52 65 349
52 66 286
52 69 439
52 73 318
52 74 311
52 77 256
52 78 485
52 80 471
52 81 445
52 86 284
52 87 283
52 88 340
52 89 357
52 91 370
52 92 336
52 93 425
52 96 415
52 98 432
52 99 404
53 2 315
53 3 437
53 4 277
53 5 351
53 7 264
53 12 261
53 20 414
53 22 344
53 23 342
53 24 448
53 25 491
53 26 445
53 28 500
53 33 410
53 34 446
53 35 282
53 36 276
53 37 424
53 38 481
53 40 324
53 41 404
53 42 423
53 43 300
53 45 480
53 46 493
53 51 435
53 54 328
53 55 287
53 59 402
53 60 425
53 62 451
53 63 425
53 65 286
53 69 271
53 71 417
53 75 416
53 79 400
53 80 384
53 81 474
53 82 492
53 83 274
53 84 258
53 85 274
53 86 449
53 91 259
53 92 262
53 93 427
53 94 366
53 99 290
54 1 482
54 2 271
54 3 344
54 5 417
54 6 360
54 7 425
54 8 483
54 9 495
54 12 431
54 15 287
54 18 344
54 19 494
54 20 458
54 21 333
54 26 306
54 28 339
54 29 387
54 30 487
54 34 402
54 36 443
54 37 478
54 38 393
54 40 312
54 42 456
54 43 484
54 45 329
54 46 289
54 47 450
54 51 350
54 52 449
54 53 328
54 56 389
54 57 385
54 59 385
54 62 377
54 64 462
54 67 377
54 68 261
54 69 331
54 70 305
54 71 448
54 72 467
54 75 353
54 76 486
54 77 393
54 80 360
54 81 372
54 83 492
54 84 368
54 87 369
54 88 463
54 89 439
54 90 257
54 93 352
54 96 336
54 97 468
54 98 483
54 99 282
55 2 278
55 5 309
55 10 256
55 12 297
55 13 287
55 16 344
55 17 251
55 18 423
55 20 289
55 21 434
55 22 483
55 24 408
55 26 293
55 27 390
55 28 471
55 30 348
55 31 489
55 32 260
55 34 327
55 37 472
55 38 251
55 39 401
55 43 286
55 45 445
55 47 300
55 48 305
55 49 303
55 51 390
55 53 287
55 56 357
55 58 496
55 60 327
55 61 336
55 67 491
55 68 296
55 73 451
55 76 291
55 78 430
55 79 309
55 80 476
55 82 426
55 83 300
55 84 319
55 87 331
55 90 352
55 92 314
55 93 433
55 96 489
55 99 442
56 1 272
56 3 274
56 4 319
56 5 266
56 6 319
56 11 289
56 13 264
56 14 488
56 17 287
56 19 386
56 21 325
56 24 466
56 27 475
56 28 434
56 31 325
56 32 447
56 33 342
56 34 425
56 38 326
56 39 264
56 42 432
56 44 500
56 45 456
56 46 359
56 48 279
56 51 489
56 54 389
56 55 357
56 57 288
56 59 287
56 62 303
56 64 322
56 67 299
56 69 472
56 70 308
56 74 252
56 78 446
56 80 345
56 83 444
56 84 489
56 85 449
56 87 346
56 90 471
56 91 262
56 92 404
56 93 494
56 94 376
56 95 481
56 96 262
57 1 335
57 4 311
57 5 372
57 6 361
57 8 399
57 9 370
57 12 480
57 13 358
57 16 251
57 17 448
57 20 304
57 21 326
57 22 440
57 23 427
57 24 456
57 25 371
57 29 457
57 31 467
57 36 274
57 38 308
57 39 269
57 42 259
57 44 429
57 47 306
57 48 440
57 49 483
57 51 325
57 54 385
57 56 288
57 65 280
57 67 465
57 69 410
57 71 303
57 74 332
57 75 356
57 76 352
57 79 383
57 80 435
57 81 257
57 82 494
57 85 424
57 88 284
57 89 287
57 90 478
57 91 352
57 94 301
57 95 342
57 97 405
57 98 374
58 1 291
58 9 493
58 10 330
58 13 288
58 14 406
58 15 305
58 17 475
58 20 474
58 22 276
58 23 477
58 24 341
58 27 385
58 28 375
58 30 421
58 31 494
58 34 423
58 36 360
58 37 264
58 38 303
58 39 256
58 40 337
58 41 309
58 42 360
58 45 376
58 46 291
58 50 352
58 51 463
58 55 496
58 59 347
58 60 459
58 61 368
58 62 290
58 64 279
58 71 494
58 72 473
58 73 311
58 77 351
58 78 490
58 81 445
58 82 419
58 84 376
58 86 275
58 91 338
58 96 450
58 97 361
58 98 362
59 1 445
59 3 286
59 4 500
59 9 255
59 10 386
59 11 399
59 13 473
59 15 354
59 17 378
59 27 381
59 28 254
59 29 397
59 30 328
59 31 415
59 32 257
59 33 463
59 34 455
59 36 300
59 37 390
59 39 276
59 40 492
59 41 455
59 43 338
59 44 302
59 46 384
59 47 415
59 49 460
59 53 402
59 54 385
59 56 287
59 58 347
59 60 427
59 61 253
59 62 433
59 63 445
59 64 353
59 69 283
59 70 322
59 71 448
59 72 434
59 74 490
59 76 281
59 78 454
59 82 283
59 83 480
59 87 413
59 93 310
59 94 364
59 97 297
59 98 324
60 1 445
60 4 265
60 6 328
60 8 462
60 10 445
60 12 483
60 16 316
60 18 374
60 19 395
60 21 491
60 22 261
60 23 407
60 27 333
60 30 346
60 31 458
60 32 361
60 33 481
60 34 275
60 36 336
60 37 405
60 39 273
60 41 369
60 45 359
60 47 274
60 50 356
60 53 425
60 55 327
60 58 459
60 59 427
60 64 453
60 67 433
60 68 298
60 69 409
60 70 367
60 71 373
60 73 496
60 74 319
60 76 408
60 77 253
60 82 424
60 84 299
60 85 326
60 86 356
60 89 441
60 90 318
60 92 490
60 98 332
61 3 387
61 4 349
61 7 270
61 8 496
61 11 404
61 12 470
61 13 402
61 14 319
61 16 351
61 19 284
61 20 361
61 23 386
61 24 282
61 29 418
61 30 281
61 32 301
61 33 356
61 34 472
61 35 478
61 36 353
61 39 367
61 42 408
61 43 432
61 44 250
61 45 395
61 46 382
61 49 250
61 50 258
61 51 361
61 55 336
61 58 368
61 59 253
61 63 483
61 64 262
61 65 478
61 68 492
61 69 468
61 71 484
61 72 377
61 77 388
61 79 260
61 80 402
61 81 417
61 82 486
61 86 351
61 88 466
61 92 385
61 94 300
61 97 446
62 2 355
62 5 361
62 8 486
62 11 436
62 12 456
62 14 435
62 15 440
62 16 301
62 19 476
62 21 483
62 23 427
62 24 307
62 25 259
62 26 344
62 29 304
62 30 489
62 32 442
62 33 487
62 36 452
62 41 491
62 45 253
62 46 383
62 50 252
62 53 451
62 54 377
62 56 303
62 58 290
62 59 433
62 63 462
62 64 415
62 65 369
62 66 379
62 69 331
62 70 486
62 71 442
62 74 291
62 75 300
62 77 490
62 79 463
62 83 369
62 84 356
62 85 440
62 86 338
62 88 396
62 90 339
62 94 327
62 96 278
62 97 468
62 98 395
62 99 346
63 1 413
63 2 361
63 3 474
63 4 433
63 6 478
63 9 309
63 12 476
63 16 306
63 17 468
63 18 421
63 20 492
63 21 500
63 24 496
63 25 295
63 27 357
63 30 405
63 31 357
63 35 459
63 36 391
63 39 307
63 40 466
63 42 444
63 44 384
63 45 495
63 46 390
63 49 494
63 50 388
63 53 425
63 59 445
63 61 483
63 62 462
63 64 439
63 66 468
63 69 383
63 71 387
63 73 362
63 76 319
63 77 273
63 80 289
63 81 407
63 83 447
63 84 335
63 93 491
63 95 338
63 96 291
63 98 450
63 99 442
64 6 466
64 7 434
64 10 317
64 11 416
64 13 416
64 14 331
64 15 412
64 16 344
64 17 466
64 18 496
64 20 402
64 21 453
64 22 292
64 23 427
64 24 488
64 25 366
64 37 315
64 38 385
64 39 365
64 42 357
64 45 272
64 47 411
64 48 380
64 50 372
64 54 462
64 56 322
64 58 279
64 59 353
64 60 453
64 61 262
64 62 415
64 63 439
64 66 349
64 67 492
64 68 456
64 70 327
64 71 311
64 73 328
64 75 300
64 77 489
64 80 480
64 81 479
64 82 265
64 84 322
64 85 413
64 86 430
64 87 305
64 93 345
64 94 411
64 96 342
64 97 500
65 2 426
65 3 359
65 6 277
65 7 313
65 8 315
65 11 419
65 12 352
65 16 489
65 19 309
65 20 434
65 21 340
65 23 450
65 24 461
65 26 399
65 29 401
65 31 408
65 33 415
65 34 419
65 38 470
65 40 384
65 41 352
65 42 457
65 46 331
65 47 478
65 48 495
65 52 349
65 53 286
65 57 280
65 61 478
65 62 369
65 66 389
65 67 288
65 68 374
65 69 382
65 70 411
65 72 419
65 74 470
65 75 359
65 76 460
65 79 359
65 81 462
65 82 318
65 84 455
65 85 264
65 86 365
65 87 373
65 89 325
65 90 330
65 92 390
65 94 464
65 97 342
66 2 493
66 3 307
66 6 295
66 8 268
66 9 435
66 10 379
66 12 320
66 13 290
66 14 312
66 15 388
66 17 335
66 18 427
66 21 368
66 22 347
66 23 298
66 24 279
66 28 279
66 33 364
66 35 332
66 37 395
66 39 393
66 40 457
66 43 294
66 45 324
66 49 448
66 50 484
66 51 302
66 52 286
66 62 379
66 63 468
66 64 349
66 65 389
66 67 433
66 68 284
66 69 424
66 70 265
66 71 460
66 73 421
66 76 446
66 79 427
66 81 366
66 83 421
66 84 495
66 85 444
66 89 412
66 90 380
66 94 471
66 96 303
66 97 430
66 98 412
66 99 410
67 1 263
67 2 306
67 5 386
67 7 360
67 8 285
67 14 308
67 15 387
67 16 405
67 17 446
67 20 498
67 24 410
67 26 361
67 28 410
67 29 271
67 33 327
67 36 401
67 44 318
67 45 303
67 48 311
67 54 377
67 55 491
67 56 299
67 57 465
67 60 433
67 64 492
67 65 288
67 66 433
67 69 378
67 70 265
67 71 447
67 72 261
67 73 292
67 75 294
67 76 452
67 77 471
67 79 378
67 80 443
67 81 402
67 84 429
67 85 427
67 87 434
67 88 435
67 89 403
67 90 493
67 92 465
67 94 258
67 95 339
67 96 385
67 98 251
68 1 313
68 3 418
68 5 492
68 8 444
68 9 466
68 10 335
68 14 421
68 16 430
68 17 490
68 18 271
68 20 272
68 22 357
68 23 345
68 24 290
68 26 334
68 28 308
68 29 462
68 30 375
68 31 437
68 32 264
68 33 471
68 34 410
68 36 436
68 38 268
68 39 347
68 40 323
68 41 458
68 43 464
68 45 407
68 48 397
68 49 283
68 50 367
68 54 261
68 55 296
68 60 298
68 61 492
68 64 456
68 65 374
68 66 284
68 71 272
68 73 336
68 76 494
68 77 428
68 79 314
68 80 258
68 85 476
68 86 304
68 87 437
68 92 483
68 94 450
68 95 272
68 96 307
68 98 447
68 99 343
69 3 460
69 5 266
69 6 419
69 8 323
69 11 375
69 14 490
69 15 250
69 16 460
69 17 420
69 20 283
69 21 448
69 22 429
69 24 303
69 27 411
69 31 365
69 36 495
69 37 276
69 38 321
69 39 435
69 40 329
69 41 308
69 42 427
69 43 417
69 44 443
69 45 331
69 46 367
69 48 415
69 49 252
69 52 439
69 53 271
69 54 331
69 56 472
69 57 410
69 59 283
69 60 409
69 61 468
69 62 331
69 63 383
69 65 382
69 66 424
69 67 378
69 70 305
69 71 475
69 75 372
69 77 364
69 82 437
69 83 252
69 84 343
69 85 371
69 86 466
69 90 322
69 91 476
69 93 456
69 94 435
69 95 435
69 97 433
69 99 278
70 1 343
70 3 407
70 6 256
70 7 408
70 10 475
70 12 362
70 13 393
70 14 329
70 16 456
70 17 259
70 20 366
70 21 476
70 24 390
70 29 471
70 30 328
70 32 255
70 33 386
70 35 410
70 36 371
70 37 370
70 39 288
70 41 439
70 44 327
70 45 376
70 48 358
70 54 305
70 56 308
70 59 322
70 60 367
70 62 486
70 64 327
70 65 411
70 66 265
70 67 265
70 69 305
70 71 490
70 72 394
70 75 305
70 77 442
70 78 261
70 79 437
70 80 267
70 81 433
70 83 414
70 85 438
70 86 359
70 87 426
70 88 401
70 89 355
70 90 427
70 92 392
70 94 379
70 95 415
70 96 265
70 97 346
70 98 337
71 2 384
71 3 484
71 4 283
71 6 441
71 8 407
71 11 320
71 13 485
71 14 454
71 21 260
71 24 402
71 27 418
71 29 494
71 31 276
71 32 381
71 34 410
71 35 355
71 37 475
71 39 355
71 40 448
71 43 335
71 44 441
71 46 417
71 49 386
71 50 377
71 53 417
71 54 448
71 57 303
71 58 494
71 59 448
71 60 373
71 61 484
71 62 442
71 63 387
71 64 311
71 66 460
71 67 447
71 68 272
71 69 475
71 70 490
71 72 356
71 73 448
71 75 476
71 77 437
71 79 455
71 81 282
71 82 483
71 85 351
71 86 370
71 87 320
71 89 399
71 93 485
71 95 414
72 2 373
72 3 431
72 4 256
72 8 444
72 9 402
72 11 264
72 12 482
72 13 434
72 16 347
72 17 397
72 18 320
72 19 326
72 21 314
72 23 258
72 28 483
72 29 284
72 33 264
72 36 330
72 37 396
72 40 342
72 43 286
72 44 258
72 48 387
72 51 338
72 54 467
72 58 473
72 59 434
72 61 377
72 65 419
72 67 261
72 70 394
72 71 356
72 73 447
72 74 456
72 77 374
72 80 363
72 81 310
72 85 428
72 86 335
72 87 375
72 89 352
72 90 475
72 92 463
72 93 300
72 94 365
72 95 454
72 96 395
72 97 498
72 98 438
72 99 434
73 1 377
73 3 383
73 4 412
73 5 347
73 13 429
73 15 336
73 16 254
73 17 432
73 20 498
73 28 405
73 30 376
73 32 427
73 33 429
73 34 258
73 36 412
73 39 454
73 40 475
73 41 337
73 43 271
73 45 324
73 46 321
73 47 279
73 49 475
73 50 302
73 52 318
73 55 451
73 58 311
73 60 496
73 63 362
73 64 328
73 66 421
73 67 292
73 68 336
73 71 448
73 72 447
73 74 351
73 76 442
73 77 350
73 78 388
73 79 331
73 82 251
73 83 272
73 84 395
73 85 345
73 87 413
73 90 477
73 91 495
73 92 424
73 94 466
73 96 281
73 98 378
73 99 311
74 4 354
74 6 300
74 8 438
74 9 457
74 15 452
74 16 293
74 17 360
74 18 310
74 19 500
74 21 277
74 22 334
74 24 387
74 26 388
74 27 277
74 28 488
74 30 333
74 31 306
74 34 475
74 35 370
74 37 353
74 39 499
74 40 315
74 41 333
74 42 460
74 44 385
74 47 254
74 49 463
74 51 353
74 52 311
74 56 252
74 57 332
74 59 490
74 60 319
74 62 291
74 65 470
74 72 456
74 73 351
74 77 498
74 80 394
74 81 381
74 83 346
74 84 352
74 85 299
74 86 486
74 88 437
74 89 288
74 91 292
74 93 458
74 94 358
74 95 426
74 96 397
74 98 376
74 99 483
75 3 381
75 4 383
75 5 299
75 6 389
75 7 417
75 8 351
75 11 404
75 12 398
75 13 427
75 14 312
75 18 293
75 20 296
75 24 439
75 29 485
75 31 475
75 32 395
75 33 345
75 34 404
75 35 391
75 40 372
75 41 440
75 42 304
75 44 397
75 45 292
75 48 441
75 49 453
75 50 293
75 53 416
75 54 353
75 57 356
75 62 300
75 64 300
75 65 359
75 67 294
75 69 372
75 70 305
75 71 476
75 76 263
75 77 308
75 78 419
75 81 420
75 87 335
75 89 350
75 90 250
75 91 334
75 94 415
75 95 422
75 96 330
76 2 412
76 6 306
76 7 419
76 9 397
76 15 300
76 20 406
76 23 379
76 25 254
76 26 270
76 30 348
76 32 286
76 33 479
76 36 303
76 40 427
76 41 465
76 42 393
76 45 340
76 48 454
76 49 351
76 51 446
76 54 486
76 55 291
76 57 352
76 59 281
76 60 408
76 63 319
76 65 460
76 66 446
76 67 452
76 68 494
76 73 442
76 75 263
76 77 373
76 79 355
76 80 415
76 82 495
76 84 482
76 87 402
76 88 487
76 89 407
76 90 442
76 92 434
76 93 255
76 96 469
76 97 411
76 99 468
77 1 393
77 2 373
77 3 399
77 4 392
77 7 395
77 10 356
77 11 416
77 14 366
77 15 352
77 16 318
77 17 317
77 18 330
77 21 260
77 22 308
77 25 272
77 26 302
77 28 443
77 29 321
77 31 438
77 35 356
77 36 373
77 39 454
77 40 304
77 41 369
77 47 466
77 49 479
77 50 255
77 51 316
77 52 256
77 54 393
77 58 351
77 60 253
77 61 388
77 62 490
77 63 273
77 64 489
77 67 471
77 68 428
77 69 364
77 70 442
77 71 437
77 72 374
77 73 350
77 74 498
77 75 308
77 76 373
77 79 460
77 80 489
77 82 369
77 83 428
77 84 258
77 87 336
77 88 343
77 91 467
77 93 306
77 94 376
77 95 254
77 98 406
78 3 396
78 5 321
78 7 355
78 10 372
78 11 360
78 14 410
78 15 285
78 16 250
78 18 317
78 19 356
78 20 304
78 23 274
78 24 428
78 26 401
78 28 369
78 29 356
78 30 323
78 31 461
78 32 397
78 36 465
78 38 345
78 41 474
78 43 252
78 44 366
78 47 427
78 52 485
78 55 430
78 56 446
78 58 490
78 59 454
78 70 261
78 73 388
78 75 419
78 79 497
78 81 345
78 83 382
78 90 387
78 94 483
78 95 421
78 96 388
78 97 263
78 98 306
79 5 278
79 6 323
79 7 423
79 9 372
79 10 339
79 12 482
79 15 320
79 17 259
79 18 263
79 19 434
79 20 431
79 21 315
79 22 282
79 25 485
79 26 381
79 28 391
79 29 336
79 31 275
79 36 320
79 38 468
79 39 354
79 40 449
79 43 290
79 44 269
79 46 470
79 50 286
79 53 400
79 55 309
79 57 383
79 61 260
79 62 463
79 65 359
79 66 427
79 67 378
79 68 314
79 70 437
79 71 455
79 73 331
79 76 355
79 77 460
79 78 497
79 80 464
79 81 364
79 83 405
79 84 398
79 85 277
79 86 376
79 87 277
79 88 305
79 91 500
79 94 436
80 5 298
80 6 401
80 7 283
80 8 343
80 9 316
80 11 481
80 16 306
80 17 323
80 18 452
80 20 294
80 22 442
80 24 486
80 26 361
80 27 366
80 29 486
80 32 306
80 33 327
80 36 364
80 37 358
80 39 493
80 41 341
80 43 365
80 44 318
80 45 462
80 48 258
80 49 379
80 52 471
80 53 384
80 54 360
80 55 476
80 56 345
80 57 435
80 61 402
80 63 289
80 64 480
80 67 443
80 68 258
80 70 267
80 72 363
80 74 394
80 76 415
80 77 489
80 79 464
80 82 324
80 83 304
80 85 295
80 86 500
80 87 367
80 88 419
80 91 278
80 92 403
80 93 415
80 96 495
80 97 297
80 98 468
81 3 393
81 8 401
81 9 253
81 10 258
81 11 421
81 12 468
81 14 449
81 17 434
81 19 445
81 21 379
81 22 491
81 24 487
81 25 351
81 26 450
81 29 495
81 31 309
81 33 467
81 34 382
81 35 400
81 36 374
81 38 300
81 40 380
81 41 466
81 43 489
81 44 277
81 45 431
81 52 445
81 53 474
81 54 372
81 57 257
81 58 445
81 61 417
81 63 407
81 64 479
81 65 462
81 66 366
81 67 402
81 70 433
81 71 282
81 72 310
81 74 381
81 75 420
81 78 345
81 79 364
81 83 438
81 86 448
81 88 376
81 89 459
81 90 411
81 91 464
81 92 475
81 93 447
81 94 447
81 95 415
81 96 407
81 97 460
81 99 482
82 1 337
82 3 304
82 6 429
82 14 443
82 15 306
82 17 360
82 24 459
82 29 306
82 31 388
82 33 360
82 35 387
82 36 252
82 37 383
82 38 257
82 40 301
82 42 461
82 44 460
82 46 402
82 47 330
82 48 353
82 50 493
82 53 492
82 55 426
82 57 494
82 58 419
82 59 283
82 60 424
82 61 486
82 64 265
82 65 318
82 69 437
82 71 483
82 73 251
82 76 495
82 77 369
82 80 324
82 86 333
82 87 427
82 88 254
82 91 421
82 93 446
82 94 494
82 95 307
82 98 372
83 1 410
83 2 253
83 4 475
83 5 310
83 7 288
83 8 358
83 10 448
83 11 483
83 12 383
83 16 292
83 17 269
83 21 443
83 23 429
83 28 269
83 29 450
83 31 449
83 33 389
83 34 325
83 42 286
83 43 375
83 44 476
83 49 275
83 51 472
83 53 274
83 54 492
83 55 300
83 56 444
83 59 480
83 62 369
83 63 447
83 66 421
83 69 252
83 70 414
83 73 272
83 74 346
83 77 428
83 78 382
83 79 405
83 80 304
83 81 438
83 86 355
83 87 465
83 88 424
83 89 441
83 91 337
83 93 334
83 94 277
83 96 296
83 98 264
83 99 251
84 3 445
84 7 336
84 9 415
84 10 441
84 13 308
84 14 438
84 15 468
84 17 498
84 18 287
84 22 277
84 24 315
84 27 364
84 29 329
84 30 362
84 31 398
84 33 359
84 35 372
84 36 412
84 39 304
84 40 328
84 41 473
84 43 445
84 45 425
84 46 341
84 49 441
84 50 378
84 51 375
84 53 258
84 54 368
84 55 319
84 56 489
84 58 376
84 60 299
84 62 356
84 63 335
84 64 322
84 65 455
84 66 495
84 67 429
84 69 343
84 73 395
84 74 352
84 76 482
84 77 258
84 79 398
84 85 478
84 86 470
84 91 473
84 95 351
84 96 309
84 97 488
84 98 251
85 1 263
85 2 321
85 3 489
85 4 284
85 6 349
85 7 341
85 10 385
85 11 326
85 12 399
85 16 478
85 17 298
85 18 486
85 19 316
85 20 398
85 22 469
85 25 435
85 26 317
85 27 395
85 28 259
85 31 445
85 33 392
85 34 344
85 35 474
85 36 386
85 40 317
85 41 312
85 43 412
85 44 257
85 46 470
85 47 369
85 48 421
85 49 466
85 51 296
85 53 274
85 56 449
85 57 424
85 60 326
85 62 440
85 64 413
85 65 264
85 66 444
85 67 427
85 68 476
85 69 371
85 70 438
85 71 351
85 72 428
85 73 345
85 74 299
85 79 277
85 80 295
85 84 478
85 87 311
85 89 354
85 92 316
85 93 412
85 95 381
85 96 317
86 1 402
86 2 435
86 3 339
86 6 366
86 7 315
86 8 394
86 9 353
86 10 334
86 15 463
86 16 309
86 17 351
86 18 473
86 21 278
86 22 468
86 24 288
86 25 379
86 26 496
86 28 261
86 29 348
86 31 376
86 33 397
86 35 350
86 38 354
86 41 365
86 42 306
86 43 487
86 44 407
86 46 321
86 48 368
86 49 310
86 51 481
86 52 284
86 53 449
86 58 275
86 60 356
86 61 351
86 62 338
86 64 430
86 65 365
86 68 304
86 69 466
86 70 359
86 71 370
86 72 335
86 74 486
86 79 376
86 80 500
86 81 448
86 82 333
86 83 355
86 84 470
86 87 492
86 88 306
86 89 303
86 91 337
86 93 438
86 95 497
86 97 287
86 98 325
87 2 496
87 4 323
87 5 460
87 7 405
87 9 492
87 10 362
87 13 396
87 14 484
87 15 368
87 16 322
87 19 494
87 23 278
87 24 489
87 25 398
87 28 425
87 30 460
87 35 409
87 36 255
87 39 329
87 40 480
87 41 272
87 42 266
87 43 284
87 45 348
87 47 375
87 48 472
87 49 499
87 52 283
87 54 369
87 55 331
87 56 346
87 59 413
87 64 305
87 65 373
87 67 434
87 68 437
87 70 426
87 71 320
87 72 375
87 73 413
87 75 335
87 76 402
87 77 336
87 79 277
87 80 367
87 82 427
87 83 465
87 85 311
87 86 492
87 88 358
87 89 361
87 90 332
88 4 465
88 6 401
88 7 434
88 12 473
88 15 308
88 16 267
88 17 330
88 18 391
88 19 474
88 20 266
88 24 426
88 25 288
88 27 490
88 29 438
88 35 308
88 39 384
88 40 343
88 43 484
88 44 282
88 46 428
88 48 320
88 49 275
88 50 304
88 52 340
88 54 463
88 57 284
88 61 466
88 62 396
88 67 435
88 70 401
88 74 437
88 76 487
88 77 343
88 79 305
88 80 419
88 81 376
88 82 254
88 83 424
88 86 306
88 87 358
88 90 425
88 91 325
88 93 364
88 94 338
89 4 494
89 5 414
89 8 496
89 13 467
89 14 346
89 15 492
89 16 370
89 21 272
89 22 349
89 23 329
89 24 473
89 27 486
89 28 451
89 29 256
89 32 397
89 33 374
89 34 470
89 35 328
89 36 383
89 37 392
89 38 289
89 40 484
89 41 256
89 42 259
89 43 376
89 44 257
89 47 415
89 48 487
89 50 497
89 52 357
89 54 439
89 57 287
89 60 441
89 65 325
89 66 412
89 67 403
89 70 355
89 71 399
89 72 352
89 74 288
89 75 350
89 76 407
89 81 459
89 83 441
89 85 354
89 86 303
89 87 361
89 91 343
89 92 453
89 94 477
89 96 367
89 98 297
90 2 498
90 6 405
90 8 452
90 9 342
90 10 275
90 13 420
90 18 315
90 19 467
90 22 263
90 26 447
90 29 369
90 33 344
90 34 458
90 35 367
90 38 296
90 41 393
90 42 398
90 45 500
90 50 267
90 54 257
90 55 352
90 56 471
90 57 478
90 60 318
90 62 339
90 65 330
90 66 380
90 67 493
90 69 322
90 70 427
90 72 475
90 73 477
90 75 250
90 76 442
90 78 387
90 81 411
90 87 332
90 88 425
90 92 330
91 1 272
91 3 390
91 5 487
91 8 437
91 9 364
91 10 280
91 13 270
91 17 283
91 18 481
91 20 259
91 21 492
91 25 389
91 28 383
91 32 301
91 37 337
91 39 411
91 40 371
91 42 286
91 44 322
91 45 314
91 48 349
91 50 254
91 52 370
91 53 259
91 56 262
91 57 352
91 58 338
91 69 476
91 73 495
91 74 292
91 75 334
91 77 467
91 79 500
91 80 278
91 81 464
91 82 421
91 83 337
91 84 473
91 86 337
91 88 325
91 89 343
91 93 399
91 94 332
91 95 341
91 96 257
91 98 400
91 99 271
92 1 260
92 10 457
92 13 351
92 14 425
92 18 378
92 25 499
92 26 469
92 28 435
92 30 400
92 31 302
92 32 347
92 34 273
92 35 259
92 36 384
92 37 343
92 39 328
92 42 277
92 43 472
92 44 289
92 45 325
92 46 452
92 47 454
92 50 469
92 52 336
92 53 262
92 55 314
92 56 404
92 60 490
92 61 385
92 65 390
92 67 465
92 68 483
92 70 392
92 72 463
92 73 424
92 76 434
92 80 403
92 81 475
92 85 316
92 89 453
92 90 330
92 93 456
92 94 336
92 97 482
92 98 377
93 3 426
93 8 497
93 9 397
93 11 309
93 13 464
93 15 268
93 16 290
93 17 365
93 18 422
93 21 380
93 22 469
93 24 434
93 27 369
93 31 458
93 32 293
93 36 283
93 37 437
93 38 392
93 40 493
93 41 381
93 42 474
93 46 257
93 47 421
93 49 397
93 51 309
93 52 425
93 53 427
93 54 352
93 55 433
93 56 494
93 59 310
93 63 491
93 64 345
93 69 456
93 71 485
93 72 300
93 74 458
93 76 255
93 77 306
93 80 415
93 81 447
93 82 446
93 83 334
93 85 412
93 86 438
93 88 364
93 91 399
93 92 456
93 95 332
93 97 477
93 99 257
94 4 334
94 5 431
94 6 422
94 7 406
94 8 261
94 10 310
94 12 344
94 14 265
94 15 443
94 18 380
94 21 435
94 22 318
94 24 343
94 27 369
94 28 388
94 29 498
94 30 276
94 31 365
94 34 311
94 35 419
94 36 492
94 39 435
94 40 299
94 41 359
94 42 470
94 46 354
94 47 316
94 48 491
94 53 366
94 56 376
94 57 301
94 59 364
94 61 300
94 62 327
94 64 411
94 65 464
94 66 471
94 67 258
94 68 450
94 69 435
94 70 379
94 72 365
94 73 466
94 74 358
94 75 415
94 77 376
94 78 483
94 79 436
94 81 447
94 82 494
94 83 277
94 88 338
94 89 477
94 91 332
94 92 336
94 95 496
94 97 456
94 98 394
94 99 362
95 2 474
95 3 425
95 4 327
95 5 314
95 6 429
95 8 439
95 9 390
95 10 435
95 14 450
95 15 363
95 17 368
95 18 335
95 20 360
95 22 373
95 25 266
95 26 452
95 27 275
95 28 400
95 31 325
95 32 299
95 33 422
95 34 454
95 37 313
95 38 401
95 39 282
95 43 410
95 44 436
95 48 394
95 50 264
95 51 494
95 56 481
95 57 342
95 63 338
95 67 339
95 68 272
95 69 435
95 70 415
95 71 414
95 72 454
95 74 426
95 75 422
95 77 254
95 78 421
95 81 415
95 82 307
95 84 351
95 85 381
95 86 497
95 91 341
95 93 332
95 94 496
95 98 468
96 3 379
96 4 256
96 7 401
96 10 294
96 12 261
96 14 315
96 15 390
96 18 330
96 19 280
96 20 363
96 24 409
96 28 495
96 35 253
96 37 256
96 38 446
96 39 384
96 41 302
96 43 277
96 44 473
96 45 348
96 46 375
96 47 386
96 51 485
96 52 415
96 54 336
96 55 489
96 56 262
96 58 450
96 62 278
96 63 291
96 64 342
96 66 303
96 67 385
96 68 307
96 70 265
96 72 395
96 73 281
96 74 397
96 75 330
96 76 469
96 78 388
96 80 495
96 81 407
96 83 296
96 84 309
96 85 317
96 89 367
96 91 257
97 1 311
97 2 317
97 4 281
97 5 447
97 7 274
97 11 368
97 13 318
97 14 302
97 19 323
97 20 287
97 22 397
97 25 382
97 27 290
97 28 347
97 32 409
97 36 455
97 43 377
97 44 333
97 46 472
97 48 318
97 49 404
97 50 407
97 54 468
97 57 405
97 58 361
97 59 297
97 61 446
97 62 468
97 64 500
97 65 342
97 66 430
97 69 433
97 70 346
97 72 498
97 76 411
97 78 263
97 80 297
97 81 460
97 84 488
97 86 287
97 92 482
97 93 477
97 94 456
97 99 461
98 1 364
98 2 479
98 7 486
98 10 458
98 12 295
98 13 490
98 14 395
98 15 412
98 16 447
98 21 336
98 22 454
98 24 449
98 25 356
98 26 371
98 28 284
98 29 264
98 30 463
98 31 401
98 32 311
98 33 293
98 40 275
98 42 462
98 45 284
98 47 416
98 48 456
98 49 469
98 52 432
98 54 483
98 57 374
98 58 362
98 59 324
98 60 332
98 62 395
98 63 450
98 66 412
98 67 251
98 68 447
98 70 337
98 72 438
98 73 378
98 74 376
98 77 406
98 78 306
98 80 468
98 82 372
98 83 264
98 84 251
98 86 325
98 89 297
98 91 400
98 92 377
98 94 394
98 95 468
2 t 276
6 t 460
7 t 476
10 t 417
11 t 412
12 t 416
14 t 445
15 t 314
16 t 396
17 t 307
21 t 322
23 t 366
24 t 290
26 t 254
27 t 346
31 t 457
34 t 401
35 t 295
40 t 255
42 t 388
43 t 304
45 t 445
47 t 465
49 t 424
50 t 262
52 t 404
53 t 290
54 t 282
55 t 442
62 t 346
63 t 442
66 t 410
68 t 343
69 t 278
72 t 434
73 t 311
74 t 483
76 t 468
81 t 482
83 t 251
91 t 271
93 t 257
94 t 362
97 t 461
