s 1 288
s 2 382
s 3 484
s 4 353
s 5 277
s 6 289
s 7 432
s 8 473
s 9 362
s 10 393
s 11 271
s 12 370
s 13 371
s 14 320
s 15 499
s 16 407
s 17 485
s 18 488
s 19 279
s 20 473
s 21 289
s 22 274
s 23 311
s 24 286
s 25 495
s 26 433
s 27 498
s 28 489
s 29 415
s 30 499
s 31 339
s 32 303
s 33 290
s 34 457
s 35 479
s 36 302
s 37 462
s 38 475
s 39 255
s 40 298
s 41 282
s 42 457
s 43 415
s 44 411
s 45 444
s 46 361
s 47 334
s 48 471
s 49 434
s 50 294
s 51 471
s 52 379
s 53 420
s 54 491
s 55 344
s 56 491
s 57 432
s 58 374
s 59 306
s 60 335
s 61 465
s 62 327
s 63 308
s 64 269
s 65 274
s 66 384
s 67 368
s 68 359
s 69 365
s 70 335
s 71 358
s 72 275
s 73 475
s 74 432
s 75 318
s 76 453
s 77 281
s 78 414
s 79 496
s 80 459
s 81 258
s 82 416
s 83 384
s 84 486
s 85 488
s 86 294
s 87 494
s 88 441
s 89 296
s 90 487
s 91 322
s 92 445
s 93 423
s 94 306
s 95 375
s 96 463
s 97 267
s 98 387
s 99 366
1 2 401
1 3 385
1 4 291
1 5 396
1 6 439
1 7 394
1 8 366
1 9 349
1 10 494
1 11 417
1 12 464
1 13 345
1 14 282
1 15 264
1 16 396
1 17 280
1 18 451
1 19 414
1 20 466
1 21 487
1 22 261
1 23 262
1 24 398
1 25 332
1 26 384
1 27 378
1 28 294
1 29 331
1 30 464
1 31 462
1 32 295
1 33 406
1 34 460
1 35 256
1 36 470
1 37 255
1 38 478
1 39 264
1 40 498
1 41 320
1 42 381
1 43 493
1 44 351
1 45 295
1 46 291
1 47 445
1 48 294
1 49 258
1 50 440
1 51 275
1 52 436
1 53 468
1 54 453
1 55 251
1 56 321
1 57 394
1 58 428
1 59 307
1 60 306
1 61 274
1 62 302
1 63 362
1 64 330
1 65 334
1 66 484
1 67 421
1 68 321
1 69 469
1 70 363
1 71 408
1 72 355
1 73 345
1 74 356
1 75 483
1 76 297
1 77 323
1 78 381
1 79 427
1 80 271
1 81 433
1 82 287
1 83 364
1 84 487
1 85 253
1 86 267
1 87 293
1 88 460
1 89 312
1 90 460
1 91 369
1 92 300
1 93 394
1 94 345
1 95 292
1 96 454
1 97 410
1 98 347
1 99 309
2 1 401
2 3 389
2 4 366
2 5 260
2 6 337
2 7 315
2 8 345
2 9 446
2 10 449
2 11 252
2 12 493
2 13 412
2 14 321
2 15 438
2 16 287
2 17 397
2 18 353
2 19 393
2 20 339
2 21 496
2 22 308
2 23 379
2 24 250
2 25 361
2 26 317
2 27 340
2 28 499
2 29 469
2 30 301
2 31 312
2 32 346
2 33 308
2 34 469
2 35 399
2 36 427
2 37 427
2 38 323
2 39 350
2 40 348
2 41 495
2 42 401
2 43 360
2 44 383
2 45 316
2 46 258
2 47 378
2 48 291
2 49 266
2 50 411
2 51 250
2 52 424
2 53 304
2 54 419
2 55 448
2 56 383
2 57 378
2 58 268
2 59 421
2 60 312
2 61 474
2 62 290
2 63 363
2 64 337
2 65 469
2 66 446
2 67 360
2 68 420
2 69 442
2 70 466
2 71 353
2 72 327
2 73 441
2 74 299
2 75 445
2 76 399
2 77 429
2 78 455
2 79 455
2 80 436
2 81 305
2 82 431
2 83 363
2 84 320
2 85 315
2 86 319
2 87 275
2 88 359
2 89 339
2 90 290
2 91 484
2 92 438
2 93 270
2 94 359
2 95 421
2 96 438
2 97 316
2 98 499
2 99 424
3 1 385
3 2 389
3 4 428
3 5 420
3 6 256
3 7 471
3 8 325
3 9 350
3 10 307
3 11 494
3 12 416
3 13 283
3 14 475
3 15 316
3 16 346
3 17 470
3 18 257
3 19 498
3 20 491
3 21 487
3 22 469
3 23 258
3 24 318
3 25 257
3 26 452
3 27 413
3 28 411
3 29 324
3 30 382
3 31 255
3 32 374
3 33 449
3 34 312
3 35 408
3 36 423
3 37 252
3 38 442
3 39 443
3 40 488
3 41 494
3 42 431
3 43 342
3 44 385
3 45 374
3 46 273
3 47 282
3 48 315
3 49 497
3 50 284
3 51 400
3 52 369
3 53 290
3 54 292
3 55 315
3 56 394
3 57 322
3 58 332
3 59 468
3 60 483
3 61 303
3 62 337
3 63 361
3 64 387
3 65 375
3 66 429
3 67 478
3 68 274
3 69 448
3 70 327
3 71 268
3 72 332
3 73 265
3 74 273
3 75 284
3 76 389
3 77 432
3 78 352
3 79 478
3 80 417
3 81 279
3 82 366
3 83 349
3 84 340
3 85 442
3 86 404
3 87 429
3 88 397
3 89 403
3 90 296
3 91 380
3 92 488
3 93 413
3 94 336
3 95 339
3 96 381
3 97 320
3 98 362
3 99 257
4 1 291
4 2 366
4 3 428
4 5 374
4 6 328
4 7 495
4 8 439
4 9 481
4 10 258
4 11 379
4 12 338
4 13 273
4 14 445
4 15 402
4 16 398
4 17 413
4 18 275
4 19 470
4 20 488
4 21 331
4 22 369
4 23 370
4 24 429
4 25 428
4 26 266
4 27 295
4 28 271
4 29 326
4 30 387
4 31 392
4 32 385
4 33 301
4 34 359
4 35 364
4 36 491
4 37 392
4 38 367
4 39 279
4 40 313
4 41 377
4 42 489
4 43 301
4 44 367
4 45 440
4 46 355
4 47 499
4 48 308
4 49 418
4 50 353
4 51 332
4 52 436
4 53 453
4 54 357
4 55 334
4 56 390
4 57 418
4 58 483
4 59 434
4 60 354
4 61 333
4 62 344
4 63 497
4 64 270
4 65 310
4 66 421
4 67 371
4 68 481
4 69 321
4 70 392
4 71 362
4 72 426
4 73 346
4 74 286
4 75 463
4 76 412
4 77 262
4 78 436
4 79 458
4 80 436
4 81 376
4 82 446
4 83 476
4 84 359
4 85 288
4 86 363
4 87 487
4 88 347
4 89 291
4 90 297
4 91 433
4 92 455
4 93 451
4 94 419
4 95 412
4 96 494
4 97 443
4 98 432
4 99 369
5 1 396
5 2 260
5 3 420
5 4 374
5 6 467
5 7 484
5 8 499
5 9 400
5 10 391
5 11 324
5 12 269
5 13 357
5 14 462
5 15 409
5 16 251
5 17 442
5 18 490
5 19 345
5 20 252
5 21 364
5 22 460
5 23 429
5 24 393
5 25 255
5 26 432
5 27 291
5 28 386
5 29 362
5 30 436
5 31 420
5 32 466
5 33 299
5 34 297
5 35 439
5 36 466
5 37 486
5 38 466
5 39 430
5 40 392
5 41 301
5 42 411
5 43 435
5 44 304
5 45 287
5 46 475
5 47 421
5 48 260
5 49 345
5 50 367
5 51 466
5 52 438
5 53 408
5 54 417
5 55 350
5 56 413
5 57 251
5 58 257
5 59 313
5 60 374
5 61 401
5 62 336
5 63 330
5 64 457
5 65 386
5 66 345
5 67 481
5 68 281
5 69 432
5 70 365
5 71 305
5 72 291
5 73 473
5 74 259
5 75 478
5 76 403
5 77 334
5 78 347
5 79 330
5 80 452
5 81 437
5 82 358
5 83 442
5 84 382
5 85 307
5 86 301
5 87 345
5 88 390
5 89 276
5 90 486
5 91 466
5 92 311
5 93 477
5 94 463
5 95 257
5 96 394
5 97 356
5 98 466
5 99 441
6 1 439
6 2 337
6 3 256
6 4 328
6 5 467
6 7 290
6 8 449
6 9 416
6 10 258
6 11 473
6 12 384
6 13 314
6 14 394
6 15 373
6 16 408
6 17 391
6 18 267
6 19 333
6 20 340
6 21 414
6 22 370
6 23 485
6 24 483
6 25 393
6 26 295
6 27 432
6 28 463
6 29 320
6 30 449
6 31 482
6 32 382
6 33 305
6 34 318
6 35 483
6 36 319
6 37 492
6 38 398
6 39 303
6 40 452
6 41 290
6 42 281
6 43 379
6 44 426
6 45 369
6 46 332
6 47 353
6 48 362
6 49 431
6 50 306
6 51 416
6 52 264
6 53 429
6 54 350
6 55 279
6 56 349
6 57 346
6 58 496
6 59 428
6 60 321
6 61 317
6 62 474
6 63 337
6 64 397
6 65 433
6 66 434
6 67 255
6 68 391
6 69 409
6 70 276
6 71 389
6 72 254
6 73 347
6 74 292
6 75 277
6 76 280
6 77 441
6 78 376
6 79 387
6 80 361
6 81 485
6 82 418
6 83 328
6 84 407
6 85 376
6 86 373
6 87 469
6 88 306
6 89 303
6 90 264
6 91 417
6 92 258
6 93 485
6 94 489
6 95 274
6 96 439
6 97 269
6 98 330
6 99 455
7 1 394
7 2 315
7 3 471
7 4 495
7 5 484
7 6 290
7 8 301
7 9 300
7 10 464
7 11 252
7 12 358
7 13 284
7 14 485
7 15 390
7 16 319
7 17 401
7 18 372
7 19 393
7 20 435
7 21 309
7 22 415
7 23 417
7 24 454
7 25 407
7 26 428
7 27 397
7 28 445
7 29 316
7 30 349
7 31 261
7 32 270
7 33 270
7 34 402
7 35 357
7 36 290
7 37 462
7 38 499
7 39 492
7 40 401
7 41 333
7 42 420
7 43 308
7 44 397
7 45 492
7 46 256
7 47 305
7 48 466
7 49 376
7 50 361
7 51 250
7 52 366
7 53 403
7 54 260
7 55 282
7 56 390
7 57 314
7 58 264
7 59 381
7 60 399
7 61 450
7 62 306
7 63 431
7 64 351
7 65 279
7 66 476
7 67 366
7 68 288
7 69 380
7 70 381
7 71 290
7 72 337
7 73 366
7 74 373
7 75 321
7 76 322
7 77 481
7 78 426
7 79 488
7 80 265
7 81 271
7 82 419
7 83 384
7 84 374
7 85 371
7 86 480
7 87 384
7 88 418
7 89 435
7 90 492
7 91 485
7 92 426
7 93 262
7 94 309
7 95 280
7 96 324
7 97 307
7 98 402
7 99 493
8 1 366
8 2 345
8 3 325
8 4 439
8 5 499
8 6 449
8 7 301
8 9 473
8 10 416
8 11 468
8 12 392
8 13 313
8 14 473
8 15 467
8 16 420
8 17 494
8 18 452
8 19 417
8 20 448
8 21 413
8 22 368
8 23 344
8 24 356
8 25 449
8 26 328
8 27 258
8 28 496
8 29 355
8 30 365
8 31 350
8 32 387
8 33 256
8 34 407
8 35 417
8 36 373
8 37 467
8 38 482
8 39 373
8 40 299
8 41 435
8 42 267
8 43 488
8 44 323
8 45 390
8 46 456
8 47 484
8 48 329
8 49 463
8 50 434
8 51 380
8 52 262
8 53 451
8 54 444
8 55 458
8 56 257
8 57 418
8 58 325
8 59 328
8 60 492
8 61 461
8 62 254
8 63 485
8 64 276
8 65 470
8 66 291
8 67 342
8 68 414
8 69 284
8 70 284
8 71 442
8 72 374
8 73 447
8 74 280
8 75 250
8 76 290
8 77 311
8 78 347
8 79 459
8 80 460
8 81 385
8 82 324
8 83 442
8 84 250
8 85 264
8 86 315
8 87 367
8 88 297
8 89 356
8 90 325
8 91 415
8 92 484
8 93 368
8 94 389
8 95 464
8 96 382
8 97 407
8 98 366
8 99 493
9 1 349
9 2 446
9 3 350
9 4 481
9 5 400
9 6 416
9 7 300
9 8 473
9 10 308
9 11 287
9 12 371
9 13 460
9 14 260
9 15 288
9 16 340
9 17 485
9 18 378
9 19 299
9 20 389
9 21 431
9 22 335
9 23 345
9 24 425
9 25 317
9 26 433
9 27 274
9 28 416
9 29 332
9 30 391
9 31 349
9 32 338
9 33 405
9 34 286
9 35 382
9 36 301
9 37 307
9 38 348
9 39 477
9 40 340
9 41 258
9 42 443
9 43 461
9 44 394
9 45 286
9 46 268
9 47 355
9 48 256
9 49 299
9 50 327
9 51 264
9 52 319
9 53 269
9 54 264
9 55 345
9 56 259
9 57 289
9 58 288
9 59 299
9 60 426
9 61 489
9 62 430
9 63 282
9 64 335
9 65 278
9 66 353
9 67 441
9 68 363
9 69 313
9 70 454
9 71 438
9 72 341
9 73 392
9 74 275
9 75 500
9 76 491
9 77 335
9 78 381
9 79 273
9 80 322
9 81 465
9 82 389
9 83 480
9 84 452
9 85 274
9 86 286
9 87 279
9 88 323
9 89 262
9 90 396
9 91 408
9 92 488
9 93 289
9 94 367
9 95 489
9 96 405
9 97 493
9 98 364
9 99 325
10 1 494
10 2 449
10 3 307
10 4 258
10 5 391
10 6 258
10 7 464
10 8 416
10 9 308
10 11 335
10 12 454
10 13 267
10 14 322
10 15 314
10 16 375
10 17 483
10 18 358
10 19 286
10 20 400
10 21 271
10 22 296
10 23 294
10 24 320
10 25 492
10 26 407
10 27 375
10 28 275
10 29 354
10 30 460
10 31 368
10 32 407
10 33 460
10 34 274
10 35 489
10 36 482
10 37 303
10 38 306
10 39 356
10 40 324
10 41 278
10 42 274
10 43 395
10 44 330
10 45 290
10 46 271
10 47 423
10 48 437
10 49 262
10 50 440
10 51 312
10 52 289
10 53 427
10 54 408
10 55 448
10 56 308
10 57 375
10 58 498
10 59 373
10 60 451
10 61 481
10 62 412
10 63 489
10 64 456
10 65 329
10 66 266
10 67 473
10 68 325
10 69 325
10 70 416
10 71 455
10 72 422
10 73 284
10 74 480
10 75 253
10 76 440
10 77 416
10 78 272
10 79 390
10 80 393
10 81 338
10 82 293
10 83 299
10 84 277
10 85 459
10 86 310
10 87 277
10 88 456
10 89 466
10 90 286
10 91 405
10 92 392
10 93 318
10 94 438
10 95 308
10 96 406
10 97 399
10 98 415
10 99 320
11 1 417
11 2 252
11 3 494
11 4 379
11 5 324
11 6 473
11 7 252
11 8 468
11 9 287
11 10 335
11 12 450
11 13 329
11 14 277
11 15 475
11 16 493
11 17 409
11 18 421
11 19 383
11 20 313
11 21 362
11 22 417
11 23 449
11 24 493
11 25 362
11 26 307
11 27 462
11 28 271
11 29 442
11 30 321
11 31 405
11 32 279
11 33 346
11 34 490
11 35 389
11 36 329
11 37 500
11 38 492
11 39 284
11 40 426
11 41 398
11 42 420
11 43 435
11 44 395
11 45 431
11 46 428
11 47 315
11 48 455
11 49 275
11 50 456
11 51 315
11 52 282
11 53 304
11 54 387
11 55 371
11 56 396
11 57 456
11 58 311
11 59 412
11 60 312
11 61 494
11 62 345
11 63 269
11 64 465
11 65 273
11 66 480
11 67 454
11 68 347
11 69 491
11 70 396
11 71 353
11 72 358
11 73 481
11 74 352
11 75 497
11 76 303
11 77 477
11 78 415
11 79 447
11 80 283
11 81 384
11 82 500
11 83 437
11 84 301
11 85 416
11 86 268
11 87 413
11 88 306
11 89 407
11 90 279
11 91 358
11 92 288
11 93 278
11 94 303
11 95 318
11 96 466
11 97 366
11 98 326
11 99 257
12 1 464
12 2 493
12 3 416
12 4 338
12 5 269
12 6 384
12 7 358
12 8 392
12 9 371
12 10 454
12 11 450
12 13 384
12 14 381
12 15 368
12 16 326
12 17 366
12 18 395
12 19 470
12 20 488
12 21 346
12 22 388
12 23 297
12 24 283
12 25 267
12 26 304
12 27 334
12 28 482
12 29 333
12 30 487
12 31 340
12 32 339
12 33 458
12 34 493
12 35 329
12 36 448
12 37 284
12 38 435
12 39 467
12 40 369
12 41 375
12 42 271
12 43 270
12 44 467
12 45 428
12 46 432
12 47 321
12 48 378
12 49 308
12 50 456
12 51 333
12 52 333
12 53 483
12 54 356
12 55 276
12 56 332
12 57 328
12 58 387
12 59 451
12 60 453
12 61 428
12 62 323
12 63 328
12 64 361
12 65 267
12 66 340
12 67 375
12 68 398
12 69 413
12 70 408
12 71 478
12 72 279
12 73 402
12 74 429
12 75 450
12 76 479
12 77 342
12 78 462
12 79 291
12 80 278
12 81 492
12 82 349
12 83 361
12 84 323
12 85 285
12 86 378
12 87 388
12 88 381
12 89 431
12 90 378
12 91 260
12 92 492
12 93 350
12 94 404
12 95 362
12 96 283
12 97 414
12 98 420
12 99 332
13 1 345
13 2 412
13 3 283
13 4 273
13 5 357
13 6 314
13 7 284
13 8 313
13 9 460
13 10 267
13 11 329
13 12 384
13 14 381
13 15 260
13 16 485
13 17 294
13 18 289
13 19 250
13 20 331
13 21 443
13 22 382
13 23 350
13 24 329
13 25 388
13 26 279
13 27 412
13 28 489
13 29 496
13 30 464
13 31 457
13 32 326
13 33 459
13 34 418
13 35 326
13 36 443
13 37 345
13 38 430
13 39 464
13 40 279
13 41 355
13 42 447
13 43 382
13 44 444
13 45 353
13 46 452
13 47 460
13 48 278
13 49 255
13 50 486
13 51 480
13 52 432
13 53 307
13 54 269
13 55 388
13 56 402
13 57 439
13 58 380
13 59 255
13 60 320
13 61 298
13 62 285
13 63 357
13 64 419
13 65 309
13 66 262
13 67 367
13 68 456
13 69 395
13 70 290
13 71 301
13 72 390
13 73 332
13 74 479
13 75 499
13 76 449
13 77 487
13 78 308
13 79 360
13 80 412
13 81 431
13 82 433
13 83 258
13 84 368
13 85 497
13 86 292
13 87 421
13 88 434
13 89 330
13 90 364
13 91 304
13 92 380
13 93 428
13 94 471
13 95 476
13 96 473
13 97 408
13 98 311
13 99 468
14 1 282
14 2 321
14 3 475
14 4 445
14 5 462
14 6 394
14 7 485
14 8 473
14 9 260
14 10 322
14 11 277
14 12 381
14 13 381
14 15 451
14 16 484
14 17 397
14 18 445
14 19 321
14 20 488
14 21 305
14 22 439
14 23 492
14 24 488
14 25 384
14 26 399
14 27 354
14 28 415
14 29 431
14 30 354
14 31 266
14 32 281
14 33 263
14 34 404
14 35 297
14 36 434
14 37 274
14 38 307
14 39 355
14 40 270
14 41 304
14 42 457
14 43 385
14 44 388
14 45 308
14 46 284
14 47 405
14 48 355
14 49 261
14 50 469
14 51 426
14 52 253
14 53 394
14 54 281
14 55 406
14 56 432
14 57 287
14 58 252
14 59 254
14 60 294
14 61 381
14 62 274
14 63 296
14 64 474
14 65 374
14 66 426
14 67 375
14 68 410
14 69 483
14 70 443
14 71 457
14 72 474
14 73 251
14 74 416
14 75 439
14 76 339
14 77 342
14 78 266
14 79 251
14 80 420
14 81 256
14 82 498
14 83 368
14 84 358
14 85 261
14 86 280
14 87 265
14 88 303
14 89 387
14 90 315
14 91 315
14 92 278
14 93 391
14 94 319
14 95 260
14 96 416
14 97 386
14 98 267
14 99 491
15 1 264
15 2 438
15 3 316
15 4 402
15 5 409
15 6 373
15 7 390
15 8 467
15 9 288
15 10 314
15 11 475
15 12 368
15 13 260
15 14 451
15 16 470
15 17 441
15 18 488
15 19 433
15 20 250
15 21 252
15 22 283
15 23 410
15 24 346
15 25 389
15 26 304
15 27 325
15 28 262
15 29 379
15 30 471
15 31 301
15 32 321
15 33 468
15 34 327
15 35 315
15 36 299
15 37 352
15 38 391
15 39 276
15 40 276
15 41 498
15 42 355
15 43 283
15 44 330
15 45 326
15 46 324
15 47 446
15 48 323
15 49 334
15 50 327
15 51 382
15 52 390
15 53 305
15 54 443
15 55 374
15 56 458
15 57 311
15 58 267
15 59 443
15 60 477
15 61 367
15 62 313
15 63 262
15 64 381
15 65 295
15 66 302
15 67 290
15 68 256
15 69 486
15 70 349
15 71 381
15 72 444
15 73 260
15 74 498
15 75 365
15 76 370
15 77 273
15 78 252
15 79 402
15 80 415
15 81 429
15 82 309
15 83 271
15 84 500
15 85 413
15 86 464
15 87 311
15 88 428
15 89 295
15 90 365
15 91 342
15 92 335
15 93 404
15 94 267
15 95 399
15 96 484
15 97 435
15 98 485
15 99 439
16 1 396
16 2 287
16 3 346
16 4 398
16 5 251
16 6 408
16 7 319
16 8 420
16 9 340
16 10 375
16 11 493
16 12 326
16 13 485
16 14 484
16 15 470
16 17 283
16 18 498
16 19 415
16 20 394
16 21 485
16 22 264
16 23 321
16 24 350
16 25 413
16 26 402
16 27 425
16 28 436
16 29 329
16 30 250
16 31 370
16 32 264
16 33 301
16 34 435
16 35 257
16 36 356
16 37 396
16 38 479
16 39 353
16 40 301
16 41 287
16 42 484
16 43 497
16 44 285
16 45 267
16 46 286
16 47 251
16 48 260
16 49 386
16 50 390
16 51 439
16 52 287
16 53 304
16 54 389
16 55 498
16 56 439
16 57 424
16 58 491
16 59 354
16 60 493
16 61 416
16 62 329
16 63 496
16 64 366
16 65 490
16 66 363
16 67 387
16 68 330
16 69 370
16 70 281
16 71 367
16 72 336
16 73 468
16 74 250
16 75 471
16 76 324
16 77 421
16 78 445
16 79 382
16 80 376
16 81 315
16 82 346
16 83 354
16 84 348
16 85 478
16 86 413
16 87 377
16 88 359
16 89 433
16 90 375
16 91 300
16 92 460
16 93 488
16 94 470
16 95 401
16 96 443
16 97 263
16 98 257
16 99 351
17 1 280
17 2 397
17 3 470
17 4 413
17 5 442
17 6 391
17 7 401
17 8 494
17 9 485
17 10 483
17 11 409
17 12 366
17 13 294
17 14 397
17 15 441
17 16 283
17 18 437
17 19 291
17 20 478
17 21 415
17 22 304
17 23 478
17 24 305
17 25 268
17 26 416
17 27 283
17 28 317
17 29 267
17 30 499
17 31 453
17 32 347
17 33 423
17 34 264
17 35 440
17 36 387
17 37 383
17 38 404
17 39 406
17 40 488
17 41 409
17 42 324
17 43 339
17 44 277
17 45 298
17 46 320
17 47 422
17 48 413
17 49 481
17 50 285
17 51 292
17 52 346
17 53 433
17 54 466
17 55 297
17 56 288
17 57 258
17 58 409
17 59 449
17 60 286
17 61 308
17 62 334
17 63 486
17 64 303
17 65 310
17 66 469
17 67 493
17 68 351
17 69 413
17 70 260
17 71 470
17 72 413
17 73 296
17 74 446
17 75 272
17 76 453
17 77 443
17 78 368
17 79 378
17 80 319
17 81 480
17 82 343
17 83 257
17 84 391
17 85 315
17 86 335
17 87 485
17 88 263
17 89 466
17 90 379
17 91 420
17 92 452
17 93 268
17 94 282
17 95 251
17 96 468
17 97 306
17 98 366
17 99 480
18 1 451
18 2 353
18 3 257
18 4 275
18 5 490
18 6 267
18 7 372
18 8 452
18 9 378
18 10 358
18 11 421
18 12 395
18 13 289
18 14 445
18 15 488
18 16 498
18 17 437
18 19 491
18 20 486
18 21 437
18 22 477
18 23 341
18 24 266
18 25 418
18 26 338
18 27 276
18 28 256
18 29 293
18 30 305
18 31 399
18 32 461
18 33 458
18 34 466
18 35 491
18 36 390
18 37 355
18 38 494
18 39 423
18 40 386
18 41 438
18 42 275
18 43 287
18 44 315
18 45 443
18 46 493
18 47 497
18 48 257
18 49 452
18 50 266
18 51 274
18 52 408
18 53 363
18 54 351
18 55 455
18 56 425
18 57 423
18 58 264
18 59 436
18 60 431
18 61 486
18 62 389
18 63 374
18 64 313
18 65 429
18 66 353
18 67 449
18 68 406
18 69 492
18 70 458
18 71 475
18 72 277
18 73 435
18 74 497
18 75 256
18 76 271
18 77 279
18 78 342
18 79 474
18 80 396
18 81 278
18 82 272
18 83 278
18 84 348
18 85 344
18 86 467
18 87 367
18 88 497
18 89 351
18 90 467
18 91 415
18 92 420
18 93 497
18 94 326
18 95 331
18 96 251
18 97 406
18 98 288
18 99 464
19 1 414
19 2 393
19 3 498
19 4 470
19 5 345
19 6 333
19 7 393
19 8 417
19 9 299
19 10 286
19 11 383
19 12 470
19 13 250
19 14 321
19 15 433
19 16 415
19 17 291
19 18 491
19 20 374
19 21 337
19 22 362
19 23 293
19 24 467
19 25 429
19 26 442
19 27 272
19 28 367
19 29 302
19 30 406
19 31 395
19 32 444
19 33 402
19 34 484
19 35 490
19 36 329
19 37 368
19 38 312
19 39 422
19 40 465
19 41 425
19 42 430
19 43 407
19 44 340
19 45 341
19 46 449
19 47 477
19 48 323
19 49 467
19 50 282
19 51 259
19 52 395
19 53 443
19 54 361
19 55 493
19 56 272
19 57 263
19 58 488
19 59 432
19 60 444
19 61 332
19 62 394
19 63 500
19 64 354
19 65 443
19 66 345
19 67 305
19 68 252
19 69 404
19 70 497
19 71 403
19 72 412
19 73 459
19 74 323
19 75 414
19 76 390
19 77 350
19 78 450
19 79 289
19 80 402
19 81 384
19 82 269
19 83 435
19 84 349
19 85 360
19 86 353
19 87 333
19 88 378
19 89 329
19 90 298
19 91 354
19 92 354
19 93 337
19 94 344
19 95 355
19 96 466
19 97 443
19 98 316
19 99 495
20 1 466
20 2 339
20 3 491
20 4 488
20 5 252
20 6 340
20 7 435
20 8 448
20 9 389
20 10 400
20 11 313
20 12 488
20 13 331
20 14 488
20 15 250
20 16 394
20 17 478
20 18 486
20 19 374
20 21 441
20 22 285
20 23 472
20 24 443
20 25 255
20 26 369
20 27 341
20 28 378
20 29 492
20 30 359
20 31 435
20 32 354
20 33 464
20 34 324
20 35 269
20 36 478
20 37 393
20 38 271
20 39 398
20 40 299
20 41 360
20 42 425
20 43 404
20 44 347
20 45 255
20 46 431
20 47 263
20 48 373
20 49 352
20 50 329
20 51 419
20 52 490
20 53 436
20 54 407
20 55 289
20 56 258
20 57 368
20 58 331
20 59 394
20 60 373
20 61 263
20 62 445
20 63 258
20 64 288
20 65 470
20 66 499
20 67 297
20 68 262
20 69 303
20 70 395
20 71 381
20 72 442
20 73 253
20 74 328
20 75 465
20 76 424
20 77 398
20 78 495
20 79 320
20 80 322
20 81 457
20 82 429
20 83 276
20 84 464
20 85 412
20 86 384
20 87 333
20 88 474
20 89 400
20 90 425
20 91 357
20 92 322
20 93 339
20 94 487
20 95 499
20 96 276
20 97 337
20 98 289
20 99 415
21 1 487
21 2 496
21 3 487
21 4 331
21 5 364
21 6 414
21 7 309
21 8 413
21 9 431
21 10 271
21 11 362
21 12 346
21 13 443
21 14 305
21 15 252
21 16 485
21 17 415
21 18 437
21 19 337
21 20 441
21 22 381
21 23 383
21 24 363
21 25 343
21 26 463
21 27 277
21 28 453
21 29 403
21 30 277
21 31 379
21 32 469
21 33 304
21 34 386
21 35 294
21 36 397
21 37 269
21 38 402
21 39 479
21 40 398
21 41 259
21 42 459
21 43 497
21 44 431
21 45 352
21 46 404
21 47 387
21 48 487
21 49 466
21 50 453
21 51 403
21 52 282
21 53 332
21 54 332
21 55 351
21 56 303
21 57 365
21 58 500
21 59 441
21 60 336
21 61 413
21 62 422
21 63 457
21 64 380
21 65 398
21 66 414
21 67 257
21 68 393
21 69 353
21 70 355
21 71 482
21 72 318
21 73 355
21 74 360
21 75 394
21 76 495
21 77 326
21 78 297
21 79 427
21 80 253
21 81 287
21 82 461
21 83 406
21 84 455
21 85 348
21 86 311
21 87 349
21 88 334
21 89 304
21 90 401
21 91 339
21 92 406
21 93 454
21 94 408
21 95 256
21 96 301
21 97 286
21 98 348
21 99 308
22 1 261
22 2 308
22 3 469
22 4 369
22 5 460
22 6 370
22 7 415
22 8 368
22 9 335
22 10 296
22 11 417
22 12 388
22 13 382
22 14 439
22 15 283
22 16 264
22 17 304
22 18 477
22 19 362
22 20 285
22 21 381
22 23 347
22 24 270
22 25 299
22 26 422
22 27 372
22 28 289
22 29 486
22 30 297
22 31 496
22 32 424
22 33 424
22 34 461
22 35 419
22 36 282
22 37 351
22 38 276
22 39 385
22 40 271
22 41 348
22 42 289
22 43 455
22 44 396
22 45 387
22 46 443
22 47 326
22 48 455
22 49 342
22 50 355
22 51 362
22 52 438
22 53 464
22 54 383
22 55 420
22 56 270
22 57 429
22 58 340
22 59 366
22 60 485
22 61 368
22 62 496
22 63 420
22 64 343
22 65 288
22 66 342
22 67 445
22 68 276
22 69 412
22 70 445
22 71 267
22 72 431
22 73 353
22 74 284
22 75 274
22 76 337
22 77 328
22 78 394
22 79 314
22 80 416
22 81 344
22 82 390
22 83 295
22 84 489
22 85 272
22 86 438
22 87 484
22 88 300
22 89 447
22 90 424
22 91 495
22 92 420
22 93 492
22 94 272
22 95 301
22 96 417
22 97 307
22 98 390
22 99 455
23 1 262
23 2 379
23 3 258
23 4 370
23 5 429
23 6 485
23 7 417
23 8 344
23 9 345
23 10 294
23 11 449
23 12 297
23 13 350
23 14 492
23 15 410
23 16 321
23 17 478
23 18 341
23 19 293
23 20 472
23 21 383
23 22 347
23 24 400
23 25 390
23 26 265
23 27 301
23 28 485
23 29 268
23 30 409
23 31 333
23 32 428
23 33 415
23 34 479
23 35 406
23 36 417
23 37 429
23 38 349
23 39 491
23 40 410
23 41 320
23 42 408
23 43 430
23 44 276
23 45 322
23 46 455
23 47 461
23 48 382
23 49 460
23 50 373
23 51 427
23 52 369
23 53 423
23 54 383
23 55 251
23 56 268
23 57 355
23 58 279
23 59 261
23 60 314
23 61 494
23 62 288
23 63 266
23 64 362
23 65 366
23 66 288
23 67 380
23 68 414
23 69 282
23 70 388
23 71 278
23 72 343
23 73 270
23 74 416
23 75 494
23 76 304
23 77 380
23 78 297
23 79 375
23 80 400
23 81 315
23 82 365
23 83 354
23 84 423
23 85 464
23 86 413
23 87 286
23 88 449
23 89 432
23 90 405
23 91 400
23 92 340
23 93 376
23 94 393
23 95 300
23 96 286
23 97 490
23 98 266
23 99 255
24 1 398
24 2 250
24 3 318
24 4 429
24 5 393
24 6 483
24 7 454
24 8 356
24 9 425
24 10 320
24 11 493
24 12 283
24 13 329
24 14 488
24 15 346
24 16 350
24 17 305
24 18 266
24 19 467
24 20 443
24 21 363
24 22 270
24 23 400
24 25 288
24 26 262
24 27 449
24 28 449
24 29 359
24 30 493
24 31 280
24 32 399
24 33 498
24 34 287
24 35 356
24 36 394
24 37 489
24 38 303
24 39 453
24 40 252
24 41 457
24 42 282
24 43 358
24 44 295
24 45 381
24 46 487
24 47 395
24 48 445
24 49 426
24 50 325
24 51 353
24 52 406
24 53 499
24 54 262
24 55 420
24 56 457
24 57 331
24 58 292
24 59 352
24 60 317
24 61 302
24 62 388
24 63 387
24 64 346
24 65 422
24 66 251
24 67 259
24 68 394
24 69 411
24 70 418
24 71 307
24 72 375
24 73 320
24 74 271
24 75 298
24 76 410
24 77 450
24 78 463
24 79 414
24 80 317
24 81 391
24 82 310
24 83 294
24 84 352
24 85 281
24 86 268
24 87 490
24 88 479
24 89 291
24 90 421
24 91 379
24 92 427
24 93 314
24 94 408
24 95 304
24 96 367
24 97 266
24 98 295
24 99 370
25 1 332
25 2 361
25 3 257
25 4 428
25 5 255
25 6 393
25 7 407
25 8 449
25 9 317
25 10 492
25 11 362
25 12 267
25 13 388
25 14 384
25 15 389
25 16 413
25 17 268
25 18 418
25 19 429
25 20 255
25 21 343
25 22 299
25 23 390
25 24 288
25 26 445
25 27 406
25 28 446
25 29 346
25 30 358
25 31 272
25 32 273
25 33 414
25 34 431
25 35 270
25 36 253
25 37 329
25 38 378
25 39 304
25 40 431
25 41 307
25 42 419
25 43 264
25 44 350
25 45 414
25 46 471
25 47 345
25 48 462
25 49 442
25 50 263
25 51 452
25 52 357
25 53 400
25 54 352
25 55 395
25 56 371
25 57 365
25 58 318
25 59 336
25 60 427
25 61 279
25 62 330
25 63 442
25 64 439
25 65 448
25 66 430
25 67 434
25 68 377
25 69 424
25 70 455
25 71 371
25 72 422
25 73 452
25 74 489
25 75 292
25 76 417
25 77 303
25 78 324
25 79 449
25 80 299
25 81 436
25 82 308
25 83 346
25 84 281
25 85 295
25 86 367
25 87 368
25 88 371
25 89 310
25 90 488
25 91 300
25 92 479
25 93 348
25 94 279
25 95 478
25 96 349
25 97 353
25 98 421
25 99 274
26 1 384
26 2 317
26 3 452
26 4 266
26 5 432
26 6 295
26 7 428
26 8 328
26 9 433
26 10 407
26 11 307
26 12 304
26 13 279
26 14 399
26 15 304
26 16 402
26 17 416
26 18 338
26 19 442
26 20 369
26 21 463
26 22 422
26 23 265
26 24 262
26 25 445
26 27 309
26 28 319
26 29 281
26 30 305
26 31 428
26 32 444
26 33 268
26 34 440
26 35 297
26 36 406
26 37 493
26 38 376
26 39 334
26 40 431
26 41 364
26 42 410
26 43 387
26 44 472
26 45 340
26 46 283
26 47 466
26 48 363
26 49 279
26 50 268
26 51 420
26 52 477
26 53 445
26 54 356
26 55 402
26 56 303
26 57 403
26 58 293
26 59 295
26 60 332
26 61 397
26 62 415
26 63 450
26 64 324
26 65 430
26 66 478
26 67 355
26 68 452
26 69 378
26 70 306
26 71 289
26 72 484
26 73 321
26 74 254
26 75 284
26 76 465
26 77 285
26 78 468
26 79 476
26 80 424
26 81 277
26 82 325
26 83 376
26 84 407
26 85 437
26 86 416
26 87 468
26 88 323
26 89 346
26 90 350
26 91 335
26 92 410
26 93 268
26 94 411
26 95 386
26 96 497
26 97 315
26 98 486
26 99 473
27 1 378
27 2 340
27 3 413
27 4 295
27 5 291
27 6 432
27 7 397
27 8 258
27 9 274
27 10 375
27 11 462
27 12 334
27 13 412
27 14 354
27 15 325
27 16 425
27 17 283
27 18 276
27 19 272
27 20 341
27 21 277
27 22 372
27 23 301
27 24 449
27 25 406
27 26 309
27 28 306
27 29 314
27 30 288
27 31 460
27 32 482
27 33 409
27 34 288
27 35 268
27 36 373
27 37 446
27 38 353
27 39 371
27 40 402
27 41 364
27 42 372
27 43 374
27 44 370
27 45 334
27 46 387
27 47 410
27 48 425
27 49 431
27 50 440
27 51 254
27 52 500
27 53 442
27 54 455
27 55 423
27 56 367
27 57 455
27 58 279
27 59 298
27 60 307
27 61 317
27 62 461
27 63 387
27 64 339
27 65 435
27 66 473
27 67 496
27 68 485
27 69 315
27 70 335
27 71 438
27 72 313
27 73 464
27 74 432
27 75 493
27 76 327
27 77 258
27 78 454
27 79 348
27 80 344
27 81 298
27 82 313
27 83 279
27 84 374
27 85 294
27 86 400
27 87 464
27 88 297
27 89 448
27 90 377
27 91 352
27 92 297
27 93 367
27 94 373
27 95 424
27 96 427
27 97 250
27 98 369
27 99 379
28 1 294
28 2 499
28 3 411
28 4 271
28 5 386
28 6 463
28 7 445
28 8 496
28 9 416
28 10 275
28 11 271
28 12 482
28 13 489
28 14 415
28 15 262
28 16 436
28 17 317
28 18 256
28 19 367
28 20 378
28 21 453
28 22 289
28 23 485
28 24 449
28 25 446
28 26 319
28 27 306
28 29 456
28 30 493
28 31 442
28 32 324
28 33 296
28 34 301
28 35 290
28 36 355
28 37 292
28 38 297
28 39 423
28 40 451
28 41 362
28 42 478
28 43 493
28 44 436
28 45 322
28 46 429
28 47 291
28 48 414
28 49 276
28 50 470
28 51 461
28 52 409
28 53 330
28 54 450
28 55 265
28 56 463
28 57 298
28 58 297
28 59 346
28 60 426
28 61 409
28 62 291
28 63 292
28 64 306
28 65 342
28 66 471
28 67 369
28 68 380
28 69 470
28 70 343
28 71 446
28 72 467
28 73 274
28 74 328
28 75 497
28 76 453
28 77 492
28 78 300
28 79 373
28 80 294
28 81 350
28 82 271
28 83 491
28 84 289
28 85 258
28 86 262
28 87 257
28 88 496
28 89 321
28 90 289
28 91 342
28 92 256
28 93 417
28 94 255
28 95 434
28 96 374
28 97 448
28 98 469
28 99 423
29 1 331
29 2 469
29 3 324
29 4 326
29 5 362
29 6 320
29 7 316
29 8 355
29 9 332
29 10 354
29 11 442
29 12 333
29 13 496
29 14 431
29 15 379
29 16 329
29 17 267
29 18 293
29 19 302
29 20 492
29 21 403
29 22 486
29 23 268
29 24 359
29 25 346
29 26 281
29 27 314
29 28 456
29 30 373
29 31 295
29 32 471
29 33 272
29 34 428
29 35 392
29 36 295
29 37 343
29 38 442
29 39 464
29 40 362
29 41 333
29 42 357
29 43 457
29 44 430
29 45 458
29 46 497
29 47 327
29 48 492
29 49 313
29 50 463
29 51 489
29 52 356
29 53 389
29 54 307
29 55 449
29 56 426
29 57 278
29 58 427
29 59 341
29 60 481
29 61 356
29 62 436
29 63 294
29 64 484
29 65 432
29 66 458
29 67 254
29 68 481
29 69 390
29 70 305
29 71 301
29 72 317
29 73 269
29 74 278
29 75 265
29 76 464
29 77 342
29 78 328
29 79 366
29 80 371
29 81 362
29 82 436
29 83 379
29 84 459
29 85 399
29 86 393
29 87 281
29 88 443
29 89 291
29 90 330
29 91 458
29 92 427
29 93 360
29 94 472
29 95 401
29 96 418
29 97 390
29 98 311
29 99 360
30 1 464
30 2 301
30 3 382
30 4 387
30 5 436
30 6 449
30 7 349
30 8 365
30 9 391
30 10 460
30 11 321
30 12 487
30 13 464
30 14 354
30 15 471
30 16 250
30 17 499
30 18 305
30 19 406
30 20 359
30 21 277
30 22 297
30 23 409
30 24 493
30 25 358
30 26 305
30 27 288
30 28 493
30 29 373
30 31 344
30 32 382
30 33 376
30 34 263
30 35 453
30 36 317
30 37 340
30 38 486
30 39 259
30 40 332
30 41 449
30 42 385
30 43 453
30 44 371
30 45 275
30 46 434
30 47 383
30 48 458
30 49 396
30 50 363
30 51 288
30 52 467
30 53 464
30 54 296
30 55 278
30 56 355
30 57 375
30 58 339
30 59 489
30 60 439
30 61 457
30 62 382
30 63 462
30 64 273
30 65 482
30 66 419
30 67 261
30 68 302
30 69 380
30 70 368
30 71 368
30 72 381
30 73 255
30 74 405
30 75 391
30 76 471
30 77 492
30 78 373
30 79 316
30 80 371
30 81 262
30 82 323
30 83 291
30 84 499
30 85 266
30 86 272
30 87 316
30 88 253
30 89 318
30 90 478
30 91 490
30 92 322
30 93 338
30 94 318
30 95 309
30 96 336
30 97 275
30 98 443
30 99 278
31 1 462
31 2 312
31 3 255
31 4 392
31 5 420
31 6 482
31 7 261
31 8 350
31 9 349
31 10 368
31 11 405
31 12 340
31 13 457
31 14 266
31 15 301
31 16 370
31 17 453
31 18 399
31 19 395
31 20 435
31 21 379
31 22 496
31 23 333
31 24 280
31 25 272
31 26 428
31 27 460
31 28 442
31 29 295
31 30 344
31 32 331
31 33 499
31 34 300
31 35 301
31 36 456
31 37 460
31 38 344
31 39 326
31 40 454
31 41 338
31 42 367
31 43 378
31 44 355
31 45 425
31 46 331
31 47 398
31 48 354
31 49 383
31 50 397
31 51 272
31 52 277
31 53 294
31 54 360
31 55 427
31 56 269
31 57 353
31 58 320
31 59 458
31 60 391
31 61 262
31 62 439
31 63 391
31 64 253
31 65 261
31 66 473
31 67 254
31 68 260
31 69 260
31 70 287
31 71 401
31 72 461
31 73 419
31 74 286
31 75 362
31 76 411
31 77 472
31 78 454
31 79 338
31 80 365
31 81 316
31 82 443
31 83 370
31 84 347
31 85 311
31 86 343
31 87 319
31 88 462
31 89 266
31 90 463
31 91 363
31 92 408
31 93 277
31 94 297
31 95 295
31 96 450
31 97 287
31 98 318
31 99 328
32 1 295
32 2 346
32 3 374
32 4 385
32 5 466
32 6 382
32 7 270
32 8 387
32 9 338
32 10 407
32 11 279
32 12 339
32 13 326
32 14 281
32 15 321
32 16 264
32 17 347
32 18 461
32 19 444
32 20 354
32 21 469
32 22 424
32 23 428
32 24 399
32 25 273
32 26 444
32 27 482
32 28 324
32 29 471
32 30 382
32 31 331
32 33 442
32 34 307
32 35 319
32 36 315
32 37 469
32 38 282
32 39 270
32 40 373
32 41 411
32 42 308
32 43 312
32 44 358
32 45 279
32 46 431
32 47 443
32 48 427
32 49 284
32 50 348
32 51 277
32 52 473
32 53 465
32 54 278
32 55 375
32 56 261
32 57 351
32 58 403
32 59 349
32 60 374
32 61 437
32 62 413
32 63 466
32 64 377
32 65 351
32 66 260
32 67 402
32 68 394
32 69 472
32 70 324
32 71 436
32 72 414
32 73 296
32 74 315
32 75 485
32 76 357
32 77 450
32 78 454
32 79 301
32 80 348
32 81 439
32 82 389
32 83 360
32 84 352
32 85 405
32 86 284
32 87 496
32 88 465
32 89 325
32 90 276
32 91 304
32 92 335
32 93 279
32 94 281
32 95 343
32 96 344
32 97 290
32 98 493
32 99 402
33 1 406
33 2 308
33 3 449
33 4 301
33 5 299
33 6 305
33 7 270
33 8 256
33 9 405
33 10 460
33 11 346
33 12 458
33 13 459
33 14 263
33 15 468
33 16 301
33 17 423
33 18 458
33 19 402
33 20 464
33 21 304
33 22 424
33 23 415
33 24 498
33 25 414
33 26 268
33 27 409
33 28 296
33 29 272
33 30 376
33 31 499
33 32 442
33 34 300
33 35 337
33 36 260
33 37 401
33 38 432
33 39 432
33 40 251
33 41 388
33 42 281
33 43 492
33 44 467
33 45 297
33 46 380
33 47 276
33 48 292
33 49 473
33 50 250
33 51 370
33 52 397
33 53 446
33 54 447
33 55 407
33 56 342
33 57 408
33 58 278
33 59 339
33 60 398
33 61 418
33 62 404
33 63 354
33 64 285
33 65 460
33 66 354
33 67 417
33 68 343
33 69 397
33 70 271
33 71 453
33 72 391
33 73 299
33 74 408
33 75 264
33 76 446
33 77 323
33 78 319
33 79 318
33 80 302
33 81 376
33 82 424
33 83 357
33 84 489
33 85 401
33 86 277
33 87 460
33 88 433
33 89 343
33 90 400
33 91 250
33 92 352
33 93 336
33 94 428
33 95 347
33 96 413
33 97 332
33 98 285
33 99 280
34 1 460
34 2 469
34 3 312
34 4 359
34 5 297
34 6 318
34 7 402
34 8 407
34 9 286
34 10 274
34 11 490
34 12 493
34 13 418
34 14 404
34 15 327
34 16 435
34 17 264
34 18 466
34 19 484
34 20 324
34 21 386
34 22 461
34 23 479
34 24 287
34 25 431
34 26 440
34 27 288
34 28 301
34 29 428
34 30 263
34 31 300
34 32 307
34 33 300
34 35 315
34 36 368
34 37 493
34 38 315
34 39 359
34 40 273
34 41 276
34 42 442
34 43 479
34 44 456
34 45 282
34 46 290
34 47 316
34 48 386
34 49 337
34 50 258
34 51 364
34 52 449
34 53 273
34 54 453
34 55 339
34 56 453
34 57 428
34 58 431
34 59 320
34 60 262
34 61 430
34 62 342
34 63 273
34 64 259
34 65 402
34 66 307
34 67 446
34 68 480
34 69 370
34 70 413
34 71 379
34 72 458
34 73 375
34 74 348
34 75 416
34 76 455
34 77 255
34 78 384
34 79 319
34 80 351
34 81 382
34 82 337
34 83 390
34 84 335
34 85 438
34 86 332
34 87 486
34 88 468
34 89 324
34 90 258
34 91 433
34 92 429
34 93 326
34 94 436
34 95 290
34 96 422
34 97 398
34 98 293
34 99 352
35 1 256
35 2 399
35 3 408
35 4 364
35 5 439
35 6 483
35 7 357
35 8 417
35 9 382
35 10 489
35 11 389
35 12 329
35 13 326
35 14 297
35 15 315
35 16 257
35 17 440
35 18 491
35 19 490
35 20 269
35 21 294
35 22 419
35 23 406
35 24 356
35 25 270
35 26 297
35 27 268
35 28 290
35 29 392
35 30 453
35 31 301
35 32 319
35 33 337
35 34 315
35 36 434
35 37 318
35 38 272
35 39 283
35 40 314
35 41 287
35 42 322
35 43 254
35 44 398
35 45 384
35 46 394
35 47 300
35 48 292
35 49 322
35 50 362
35 51 263
35 52 425
35 53 445
35 54 446
35 55 265
35 56 251
35 57 478
35 58 335
35 59 343
35 60 383
35 61 316
35 62 410
35 63 420
35 64 376
35 65 262
35 66 292
35 67 467
35 68 430
35 69 419
35 70 308
35 71 435
35 72 469
35 73 353
35 74 268
35 75 393
35 76 439
35 77 417
35 78 492
35 79 350
35 80 404
35 81 393
35 82 360
35 83 351
35 84 254
35 85 256
35 86 331
35 87 481
35 88 282
35 89 403
35 90 425
35 91 480
35 92 334
35 93 450
35 94 331
35 95 250
35 96 445
35 97 432
35 98 272
35 99 296
36 1 470
36 2 427
36 3 423
36 4 491
36 5 466
36 6 319
36 7 290
36 8 373
36 9 301
36 10 482
36 11 329
36 12 448
36 13 443
36 14 434
36 15 299
36 16 356
36 17 387
36 18 390
36 19 329
36 20 478
36 21 397
36 22 282
36 23 417
36 24 394
36 25 253
36 26 406
36 27 373
36 28 355
36 29 295
36 30 317
36 31 456
36 32 315
36 33 260
36 34 368
36 35 434
36 37 314
36 38 323
36 39 288
36 40 417
36 41 476
36 42 281
36 43 391
36 44 367
36 45 254
36 46 401
36 47 361
36 48 304
36 49 423
36 50 465
36 51 401
36 52 358
36 53 428
36 54 432
36 55 446
36 56 333
36 57 473
36 58 491
36 59 482
36 60 444
36 61 310
36 62 306
36 63 494
36 64 319
36 65 271
36 66 316
36 67 452
36 68 316
36 69 375
36 70 327
36 71 416
36 72 252
36 73 349
36 74 405
36 75 401
36 76 463
36 77 309
36 78 273
36 79 471
36 80 303
36 81 458
36 82 400
36 83 494
36 84 257
36 85 333
36 86 261
36 87 255
36 88 306
36 89 360
36 90 272
36 91 335
36 92 461
36 93 403
36 94 495
36 95 361
36 96 465
36 97 274
36 98 375
36 99 454
37 1 255
37 2 427
37 3 252
37 4 392
37 5 486
37 6 492
37 7 462
37 8 467
37 9 307
37 10 303
37 11 500
37 12 284
37 13 345
37 14 274
37 15 352
37 16 396
37 17 383
37 18 355
37 19 368
37 20 393
37 21 269
37 22 351
37 23 429
37 24 489
37 25 329
37 26 493
37 27 446
37 28 292
37 29 343
37 30 340
37 31 460
37 32 469
37 33 401
37 34 493
37 35 318
37 36 314
37 38 289
37 39 262
37 40 429
37 41 442
37 42 391
37 43 427
37 44 317
37 45 352
37 46 309
37 47 316
37 48 386
37 49 344
37 50 295
37 51 269
37 52 477
37 53 339
37 54 492
37 55 414
37 56 387
37 57 383
37 58 495
37 59 436
37 60 359
37 61 367
37 62 407
37 63 412
37 64 384
37 65 300
37 66 279
37 67 262
37 68 492
37 69 443
37 70 283
37 71 304
37 72 253
37 73 319
37 74 487
37 75 253
37 76 358
37 77 460
37 78 472
37 79 367
37 80 497
37 81 449
37 82 495
37 83 379
37 84 395
37 85 313
37 86 360
37 87 497
37 88 314
37 89 429
37 90 382
37 91 347
37 92 454
37 93 260
37 94 276
37 95 312
37 96 412
37 97 298
37 98 394
37 99 252
38 1 478
38 2 323
38 3 442
38 4 367
38 5 466
38 6 398
38 7 499
38 8 482
38 9 348
38 10 306
38 11 492
38 12 435
38 13 430
38 14 307
38 15 391
38 16 479
38 17 404
38 18 494
38 19 312
38 20 271
38 21 402
38 22 276
38 23 349
38 24 303
38 25 378
38 26 376
38 27 353
38 28 297
38 29 442
38 30 486
38 31 344
38 32 282
38 33 432
38 34 315
38 35 272
38 36 323
38 37 289
38 39 294
38 40 333
38 41 300
38 42 266
38 43 473
38 44 399
38 45 364
38 46 437
38 47 393
38 48 341
38 49 331
38 50 414
38 51 255
38 52 406
38 53 296
38 54 308
38 55 336
38 56 310
38 57 495
38 58 359
38 59 488
38 60 367
38 61 374
38 62 302
38 63 287
38 64 497
38 65 411
38 66 308
38 67 491
38 68 416
38 69 250
38 70 347
38 71 323
38 72 430
38 73 284
38 74 300
38 75 442
38 76 352
38 77 412
38 78 315
38 79 401
38 80 447
38 81 471
38 82 457
38 83 345
38 84 455
38 85 403
38 86 412
38 87 420
38 88 429
38 89 284
38 90 495
38 91 431
38 92 468
38 93 414
38 94 286
38 95 257
38 96 370
38 97 473
38 98 273
38 99 431
39 1 264
39 2 350
39 3 443
39 4 279
39 5 430
39 6 303
39 7 492
39 8 373
39 9 477
39 10 356
39 11 284
39 12 467
39 13 464
39 14 355
39 15 276
39 16 353
39 17 406
39 18 423
39 19 422
39 20 398
39 21 479
39 22 385
39 23 491
39 24 453
39 25 304
39 26 334
39 27 371
39 28 423
39 29 464
39 30 259
39 31 326
39 32 270
39 33 432
39 34 359
39 35 283
39 36 288
39 37 262
39 38 294
39 40 482
39 41 391
39 42 413
39 43 460
39 44 309
39 45 493
39 46 297
39 47 357
39 48 444
39 49 353
39 50 428
39 51 283
39 52 333
39 53 418
39 54 279
39 55 305
39 56 279
39 57 328
39 58 391
39 59 345
39 60 348
39 61 305
39 62 477
39 63 327
39 64 429
39 65 333
39 66 419
39 67 493
39 68 487
39 69 373
39 70 404
39 71 284
39 72 320
39 73 480
39 74 395
39 75 389
39 76 456
39 77 386
39 78 298
39 79 485
39 80 288
39 81 437
39 82 290
39 83 353
39 84 264
39 85 442
39 86 407
39 87 376
39 88 344
39 89 496
39 90 472
39 91 361
39 92 477
39 93 342
39 94 276
39 95 485
39 96 419
39 97 498
39 98 496
39 99 360
40 1 498
40 2 348
40 3 488
40 4 313
40 5 392
40 6 452
40 7 401
40 8 299
40 9 340
40 10 324
40 11 426
40 12 369
40 13 279
40 14 270
40 15 276
40 16 301
40 17 488
40 18 386
40 19 465
40 20 299
40 21 398
40 22 271
40 23 410
40 24 252
40 25 431
40 26 431
40 27 402
40 28 451
40 29 362
40 30 332
40 31 454
40 32 373
40 33 251
40 34 273
40 35 314
40 36 417
40 37 429
40 38 333
40 39 482
40 41 422
40 42 443
40 43 450
40 44 251
40 45 364
40 46 477
40 47 251
40 48 262
40 49 328
40 50 487
40 51 354
40 52 299
40 53 259
40 54 378
40 55 463
40 56 304
40 57 406
40 58 463
40 59 390
40 60 408
40 61 483
40 62 341
40 63 255
40 64 421
40 65 285
40 66 281
40 67 371
40 68 292
40 69 495
40 70 431
40 71 482
40 72 470
40 73 470
40 74 254
40 75 400
40 76 268
40 77 278
40 78 283
40 79 255
40 80 337
40 81 354
40 82 264
40 83 470
40 84 380
40 85 392
40 86 420
40 87 320
40 88 353
40 89 453
40 90 270
40 91 469
40 92 363
40 93 363
40 94 325
40 95 363
40 96 356
40 97 360
40 98 461
40 99 293
41 1 320
41 2 495
41 3 494
41 4 377
41 5 301
41 6 290
41 7 333
41 8 435
41 9 258
41 10 278
41 11 398
41 12 375
41 13 355
41 14 304
41 15 498
41 16 287
41 17 409
41 18 438
41 19 425
41 20 360
41 21 259
41 22 348
41 23 320
41 24 457
41 25 307
41 26 364
41 27 364
41 28 362
41 29 333
41 30 449
41 31 338
41 32 411
41 33 388
41 34 276
41 35 287
41 36 476
41 37 442
41 38 300
41 39 391
41 40 422
41 42 384
41 43 385
41 44 339
41 45 375
41 46 492
41 47 441
41 48 360
41 49 373
41 50 346
41 51 299
41 52 480
41 53 307
41 54 428
41 55 250
41 56 436
41 57 293
41 58 385
41 59 492
41 60 444
41 61 278
41 62 305
41 63 436
41 64 410
41 65 421
41 66 488
41 67 440
41 68 312
41 69 382
41 70 427
41 71 385
41 72 353
41 73 421
41 74 291
41 75 333
41 76 265
41 77 344
41 78 412
41 79 481
41 80 370
41 81 348
41 82 269
41 83 394
41 84 295
41 85 291
41 86 474
41 87 449
41 88 463
41 89 396
41 90 317
41 91 311
41 92 274
41 93 422
41 94 472
41 95 393
41 96 383
41 97 352
41 98 467
41 99 297
42 1 381
42 2 401
42 3 431
42 4 489
42 5 411
42 6 281
42 7 420
42 8 267
42 9 443
42 10 274
42 11 420
42 12 271
42 13 447
42 14 457
42 15 355
42 16 484
42 17 324
42 18 275
42 19 430
42 20 425
42 21 459
42 22 289
42 23 408
42 24 282
42 25 419
42 26 410
42 27 372
42 28 478
42 29 357
42 30 385
42 31 367
42 32 308
42 33 281
42 34 442
42 35 322
42 36 281
42 37 391
42 38 266
42 39 413
42 40 443
42 41 384
42 43 373
42 44 471
42 45 440
42 46 276
42 47 444
42 48 269
42 49 485
42 50 495
42 51 382
42 52 486
42 53 477
42 54 443
42 55 340
42 56 273
42 57 371
42 58 369
42 59 464
42 60 268
42 61 408
42 62 461
42 63 405
42 64 353
42 65 282
42 66 302
42 67 336
42 68 287
42 69 334
42 70 267
42 71 264
42 72 372
42 73 496
42 74 305
42 75 391
42 76 468
42 77 440
42 78 326
42 79 369
42 80 266
42 81 414
42 82 255
42 83 287
42 84 274
42 85 253
42 86 399
42 87 289
42 88 329
42 89 343
42 90 268
42 91 270
42 92 264
42 93 456
42 94 435
42 95 367
42 96 354
42 97 345
42 98 294
42 99 259
43 1 493
43 2 360
43 3 342
43 4 301
43 5 435
43 6 379
43 7 308
43 8 488
43 9 461
43 10 395
43 11 435
43 12 270
43 13 382
43 14 385
43 15 283
43 16 497
43 17 339
43 18 287
43 19 407
43 20 404
43 21 497
43 22 455
43 23 430
43 24 358
43 25 264
43 26 387
43 27 374
43 28 493
43 29 457
43 30 453
43 31 378
43 32 312
43 33 492
43 34 479
43 35 254
43 36 391
43 37 427
43 38 473
43 39 460
43 40 450
43 41 385
43 42 373
43 44 332
43 45 368
43 46 318
43 47 380
43 48 251
43 49 264
43 50 324
43 51 449
43 52 391
43 53 475
43 54 480
43 55 444
43 56 411
43 57 427
43 58 310
43 59 442
43 60 463
43 61 269
43 62 396
43 63 288
43 64 396
43 65 250
43 66 315
43 67 464
43 68 396
43 69 495
43 70 262
43 71 460
43 72 320
43 73 334
43 74 344
43 75 398
43 76 462
43 77 418
43 78 370
43 79 401
43 80 304
43 81 305
43 82 363
43 83 476
43 84 453
43 85 294
43 86 378
43 87 401
43 88 348
43 89 320
43 90 408
43 91 420
43 92 423
43 93 314
43 94 295
43 95 367
43 96 349
43 97 469
43 98 408
43 99 307
44 1 351
44 2 383
44 3 385
44 4 367
44 5 304
44 6 426
44 7 397
44 8 323
44 9 394
44 10 330
44 11 395
44 12 467
44 13 444
44 14 388
44 15 330
44 16 285
44 17 277
44 18 315
44 19 340
44 20 347
44 21 431
44 22 396
44 23 276
44 24 295
44 25 350
44 26 472
44 27 370
44 28 436
44 29 430
44 30 371
44 31 355
44 32 358
44 33 467
44 34 456
44 35 398
44 36 367
44 37 317
44 38 399
44 39 309
44 40 251
44 41 339
44 42 471
44 43 332
44 45 406
44 46 398
44 47 370
44 48 307
44 49 333
44 50 304
44 51 425
44 52 299
44 53 286
44 54 308
44 55 379
44 56 320
44 57 480
44 58 439
44 59 362
44 60 488
44 61 341
44 62 389
44 63 414
44 64 378
44 65 401
44 66 391
44 67 464
44 68 366
44 69 437
44 70 400
44 71 409
44 72 350
44 73 373
44 74 432
44 75 470
44 76 313
44 77 290
44 78 309
44 79 394
44 80 260
44 81 337
44 82 305
44 83 475
44 84 342
44 85 440
44 86 441
44 87 422
44 88 341
44 89 499
44 90 270
44 91 270
44 92 324
44 93 263
44 94 382
44 95 418
44 96 431
44 97 372
44 98 302
44 99 495
45 1 295
45 2 316
45 3 374
45 4 440
45 5 287
45 6 369
45 7 492
45 8 390
45 9 286
45 10 290
45 11 431
45 12 428
45 13 353
45 14 308
45 15 326
45 16 267
45 17 298
45 18 443
45 19 341
45 20 255
45 21 352
45 22 387
45 23 322
45 24 381
45 25 414
45 26 340
45 27 334
45 28 322
45 29 458
45 30 275
45 31 425
45 32 279
45 33 297
45 34 282
45 35 384
45 36 254
45 37 352
45 38 364
45 39 493
45 40 364
45 41 375
45 42 440
45 43 368
45 44 406
45 46 331
45 47 357
45 48 370
45 49 408
45 50 359
45 51 355
45 52 434
45 53 351
45 54 422
45 55 331
45 56 476
45 57 330
45 58 325
45 59 475
45 60 391
45 61 488
45 62 494
45 63 454
45 64 424
45 65 422
45 66 264
45 67 334
45 68 277
45 69 406
45 70 484
45 71 443
45 72 336
45 73 437
45 74 424
45 75 387
45 76 400
45 77 395
45 78 439
45 79 472
45 80 292
45 81 411
45 82 272
45 83 310
45 84 311
45 85 282
45 86 484
45 87 278
45 88 449
45 89 461
45 90 449
45 91 357
45 92 494
45 93 321
45 94 444
45 95 361
45 96 331
45 97 431
45 98 293
45 99 471
46 1 291
46 2 258
46 3 273
46 4 355
46 5 475
46 6 332
46 7 256
46 8 456
46 9 268
46 10 271
46 11 428
46 12 432
46 13 452
46 14 284
46 15 324
46 16 286
46 17 320
46 18 493
46 19 449
46 20 431
46 21 404
46 22 443
46 23 455
46 24 487
46 25 471
46 26 283
46 27 387
46 28 429
46 29 497
46 30 434
46 31 331
46 32 431
46 33 380
46 34 290
46 35 394
46 36 401
46 37 309
46 38 437
46 39 297
46 40 477
46 41 492
46 42 276
46 43 318
46 44 398
46 45 331
46 47 399
46 48 284
46 49 341
46 50 312
46 51 292
46 52 311
46 53 321
46 54 436
46 55 456
46 56 423
46 57 413
46 58 250
46 59 389
46 60 463
46 61 486
46 62 297
46 63 302
46 64 295
46 65 375
46 66 261
46 67 386
46 68 306
46 69 429
46 70 436
46 71 455
46 72 311
46 73 346
46 74 435
46 75 499
46 76 270
46 77 470
46 78 265
46 79 271
46 80 345
46 81 388
46 82 296
46 83 270
46 84 295
46 85 356
46 86 322
46 87 490
46 88 462
46 89 273
46 90 464
46 91 426
46 92 314
46 93 328
46 94 320
46 95 400
46 96 466
46 97 312
46 98 341
46 99 439
47 1 445
47 2 378
47 3 282
47 4 499
47 5 421
47 6 353
47 7 305
47 8 484
47 9 355
47 10 423
47 11 315
47 12 321
47 13 460
47 14 405
47 15 446
47 16 251
47 17 422
47 18 497
47 19 477
47 20 263
47 21 387
47 22 326
47 23 461
47 24 395
47 25 345
47 26 466
47 27 410
47 28 291
47 29 327
47 30 383
47 31 398
47 32 443
47 33 276
47 34 316
47 35 300
47 36 361
47 37 316
47 38 393
47 39 357
47 40 251
47 41 441
47 42 444
47 43 380
47 44 370
47 45 357
47 46 399
47 48 293
47 49 328
47 50 411
47 51 393
47 52 338
47 53 381
47 54 453
47 55 355
47 56 352
47 57 331
47 58 281
47 59 331
47 60 357
47 61 481
47 62 337
47 63 327
47 64 282
47 65 467
47 66 395
47 67 273
47 68 303
47 69 388
47 70 322
47 71 327
47 72 295
47 73 394
47 74 290
47 75 391
47 76 311
47 77 461
47 78 354
47 79 343
47 80 393
47 81 445
47 82 304
47 83 267
47 84 403
47 85 485
47 86 359
47 87 451
47 88 425
47 89 392
47 90 463
47 91 394
47 92 387
47 93 311
47 94 406
47 95 448
47 96 264
47 97 498
47 98 353
47 99 284
48 1 294
48 2 291
48 3 315
48 4 308
48 5 260
48 6 362
48 7 466
48 8 329
48 9 256
48 10 437
48 11 455
48 12 378
48 13 278
48 14 355
48 15 323
48 16 260
48 17 413
48 18 257
48 19 323
48 20 373
48 21 487
48 22 455
48 23 382
48 24 445
48 25 462
48 26 363
48 27 425
48 28 414
48 29 492
48 30 458
48 31 354
48 32 427
48 33 292
48 34 386
48 35 292
48 36 304
48 37 386
48 38 341
48 39 444
48 40 262
48 41 360
48 42 269
48 43 251
48 44 307
48 45 370
48 46 284
48 47 293
48 49 275
48 50 491
48 51 417
48 52 499
48 53 286
48 54 284
48 55 331
48 56 336
48 57 305
48 58 434
48 59 466
48 60 418
48 61 281
48 62 340
48 63 468
48 64 465
48 65 335
48 66 332
48 67 328
48 68 449
48 69 305
48 70 274
48 71 344
48 72 406
48 73 460
48 74 498
48 75 362
48 76 302
48 77 266
48 78 478
48 79 344
48 80 282
48 81 378
48 82 317
48 83 499
48 84 453
48 85 278
48 86 500
48 87 276
48 88 466
48 89 251
48 90 293
48 91 325
48 92 264
48 93 406
48 94 498
48 95 357
48 96 286
48 97 324
48 98 432
48 99 278
49 1 258
49 2 266
49 3 497
49 4 418
49 5 345
49 6 431
49 7 376
49 8 463
49 9 299
49 10 262
49 11 275
49 12 308
49 13 255
49 14 261
49 15 334
49 16 386
49 17 481
49 18 452
49 19 467
49 20 352
49 21 466
49 22 342
49 23 460
49 24 426
49 25 442
49 26 279
49 27 431
49 28 276
49 29 313
49 30 396
49 31 383
49 32 284
49 33 473
49 34 337
49 35 322
49 36 423
49 37 344
49 38 331
49 39 353
49 40 328
49 41 373
49 42 485
49 43 264
49 44 333
49 45 408
49 46 341
49 47 328
49 48 275
49 50 413
49 51 425
49 52 296
49 53 299
49 54 418
49 55 343
49 56 401
49 57 425
49 58 283
49 59 396
49 60 281
49 61 385
49 62 328
49 63 275
49 64 331
49 65 311
49 66 499
49 67 499
49 68 276
49 69 330
49 70 339
49 71 455
49 72 484
49 73 297
49 74 492
49 75 327
49 76 404
49 77 302
49 78 446
49 79 327
49 80 350
49 81 293
49 82 354
49 83 465
49 84 278
49 85 258
49 86 298
49 87 329
49 88 379
49 89 325
49 90 276
49 91 304
49 92 306
49 93 262
49 94 489
49 95 298
49 96 314
49 97 440
49 98 301
49 99 279
50 1 440
50 2 411
50 3 284
50 4 353
50 5 367
50 6 306
50 7 361
50 8 434
50 9 327
50 10 440
50 11 456
50 12 456
50 13 486
50 14 469
50 15 327
50 16 390
50 17 285
50 18 266
50 19 282
50 20 329
50 21 453
50 22 355
50 23 373
50 24 325
50 25 263
50 26 268
50 27 440
50 28 470
50 29 463
50 30 363
50 31 397
50 32 348
50 33 250
50 34 258
50 35 362
50 36 465
50 37 295
50 38 414
50 39 428
50 40 487
50 41 346
50 42 495
50 43 324
50 44 304
50 45 359
50 46 312
50 47 411
50 48 491
50 49 413
50 51 354
50 52 283
50 53 363
50 54 317
50 55 394
50 56 373
50 57 480
50 58 285
50 59 271
50 60 380
50 61 278
50 62 305
50 63 353
50 64 430
50 65 350
50 66 392
50 67 415
50 68 330
50 69 479
50 70 463
50 71 385
50 72 295
50 73 328
50 74 440
50 75 480
50 76 439
50 77 251
50 78 413
50 79 490
50 80 474
50 81 327
50 82 377
50 83 320
50 84 461
50 85 441
50 86 476
50 87 365
50 88 456
50 89 450
50 90 277
50 91 301
50 92 262
50 93 344
50 94 278
50 95 365
50 96 498
50 97 308
50 98 314
50 99 498
51 1 275
51 2 250
51 3 400
51 4 332
51 5 466
51 6 416
51 7 250
51 8 380
51 9 264
51 10 312
51 11 315
51 12 333
51 13 480
51 14 426
51 15 382
51 16 439
51 17 292
51 18 274
51 19 259
51 20 419
51 21 403
51 22 362
51 23 427
51 24 353
51 25 452
51 26 420
51 27 254
51 28 461
51 29 489
51 30 288
51 31 272
51 32 277
51 33 370
51 34 364
51 35 263
51 36 401
51 37 269
51 38 255
51 39 283
51 40 354
51 41 299
51 42 382
51 43 449
51 44 425
51 45 355
51 46 292
51 47 393
51 48 417
51 49 425
51 50 354
51 52 273
51 53 314
51 54 448
51 55 319
51 56 317
51 57 382
51 58 487
51 59 400
51 60 327
51 61 478
51 62 336
51 63 442
51 64 427
51 65 278
51 66 489
51 67 269
51 68 292
51 69 288
51 70 432
51 71 250
51 72 333
51 73 332
51 74 497
51 75 396
51 76 475
51 77 298
51 78 261
51 79 416
51 80 471
51 81 433
51 82 371
51 83 270
51 84 324
51 85 356
51 86 439
51 87 351
51 88 454
51 89 336
51 90 317
51 91 426
51 92 368
51 93 321
51 94 375
51 95 382
51 96 479
51 97 285
51 98 380
51 99 342
52 1 436
52 2 424
52 3 369
52 4 436
52 5 438
52 6 264
52 7 366
52 8 262
52 9 319
52 10 289
52 11 282
52 12 333
52 13 432
52 14 253
52 15 390
52 16 287
52 17 346
52 18 408
52 19 395
52 20 490
52 21 282
52 22 438
52 23 369
52 24 406
52 25 357
52 26 477
52 27 500
52 28 409
52 29 356
52 30 467
52 31 277
52 32 473
52 33 397
52 34 449
52 35 425
52 36 358
52 37 477
52 38 406
52 39 333
52 40 299
52 41 480
52 42 486
52 43 391
52 44 299
52 45 434
52 46 311
52 47 338
52 48 499
52 49 296
52 50 283
52 51 273
52 53 356
52 54 398
52 55 347
52 56 491
52 57 402
52 58 335
52 59 276
52 60 483
52 61 469
52 62 344
52 63 407
52 64 338
52 65 317
52 66 389
52 67 257
52 68 325
52 69 473
52 70 420
52 71 386
52 72 429
52 73 371
52 74 470
52 75 454
52 76 291
52 77 352
52 78 447
52 79 451
52 80 342
52 81 288
52 82 462
52 83 356
52 84 405
52 85 421
52 86 278
52 87 331
52 88 491
52 89 257
52 90 354
52 91 466
52 92 354
52 93 332
52 94 273
52 95 322
52 96 261
52 97 328
52 98 310
52 99 400
53 1 468
53 2 304
53 3 290
53 4 453
53 5 408
53 6 429
53 7 403
53 8 451
53 9 269
53 10 427
53 11 304
53 12 483
53 13 307
53 14 394
53 15 305
53 16 304
53 17 433
53 18 363
53 19 443
53 20 436
53 21 332
53 22 464
53 23 423
53 24 499
53 25 400
53 26 445
53 27 442
53 28 330
53 29 389
53 30 464
53 31 294
53 32 465
53 33 446
53 34 273
53 35 445
53 36 428
53 37 339
53 38 296
53 39 418
53 40 259
53 41 307
53 42 477
53 43 475
53 44 286
53 45 351
53 46 321
53 47 381
53 48 286
53 49 299
53 50 363
53 51 314
53 52 356
53 54 304
53 55 485
53 56 443
53 57 457
53 58 451
53 59 325
53 60 401
53 61 310
53 62 463
53 63 436
53 64 391
53 65 366
53 66 268
53 67 298
53 68 476
53 69 399
53 70 341
53 71 398
53 72 281
53 73 403
53 74 326
53 75 420
53 76 454
53 77 298
53 78 420
53 79 315
53 80 388
53 81 482
53 82 297
53 83 299
53 84 296
53 85 337
53 86 463
53 87 256
53 88 452
53 89 251
53 90 370
53 91 473
53 92 339
53 93 423
53 94 350
53 95 320
53 96 349
53 97 262
53 98 418
53 99 320
54 1 453
54 2 419
54 3 292
54 4 357
54 5 417
54 6 350
54 7 260
54 8 444
54 9 264
54 10 408
54 11 387
54 12 356
54 13 269
54 14 281
54 15 443
54 16 389
54 17 466
54 18 351
54 19 361
54 20 407
54 21 332
54 22 383
54 23 383
54 24 262
54 25 352
54 26 356
54 27 455
54 28 450
54 29 307
54 30 296
54 31 360
54 32 278
54 33 447
54 34 453
54 35 446
54 36 432
54 37 492
54 38 308
54 39 279
54 40 378
54 41 428
54 42 443
54 43 480
54 44 308
54 45 422
54 46 436
54 47 453
54 48 284
54 49 418
54 50 317
54 51 448
54 52 398
54 53 304
54 55 358
54 56 326
54 57 425
54 58 496
54 59 341
54 60 417
54 61 426
54 62 416
54 63 391
54 64 386
54 65 474
54 66 383
54 67 396
54 68 381
54 69 334
54 70 286
54 71 390
54 72 311
54 73 420
54 74 456
54 75 313
54 76 420
54 77 274
54 78 435
54 79 307
54 80 332
54 81 251
54 82 319
54 83 480
54 84 365
54 85 290
54 86 483
54 87 381
54 88 323
54 89 388
54 90 260
54 91 476
54 92 260
54 93 353
54 94 261
54 95 462
54 96 402
54 97 259
54 98 316
54 99 370
55 1 251
55 2 448
55 3 315
55 4 334
55 5 350
55 6 279
55 7 282
55 8 458
55 9 345
55 10 448
55 11 371
55 12 276
55 13 388
55 14 406
55 15 374
55 16 498
55 17 297
55 18 455
55 19 493
55 20 289
55 21 351
55 22 420
55 23 251
55 24 420
55 25 395
55 26 402
55 27 423
55 28 265
55 29 449
55 30 278
55 31 427
55 32 375
55 33 407
55 34 339
55 35 265
55 36 446
55 37 414
55 38 336
55 39 305
55 40 463
55 41 250
55 42 340
55 43 444
55 44 379
55 45 331
55 46 456
55 47 355
55 48 331
55 49 343
55 50 394
55 51 319
55 52 347
55 53 485
55 54 358
55 56 460
55 57 401
55 58 390
55 59 295
55 60 378
55 61 324
55 62 256
55 63 424
55 64 374
55 65 404
55 66 388
55 67 348
55 68 408
55 69 337
55 70 282
55 71 263
55 72 295
55 73 358
55 74 251
55 75 298
55 76 485
55 77 424
55 78 392
55 79 266
55 80 437
55 81 493
55 82 467
55 83 442
55 84 373
55 85 299
55 86 358
55 87 304
55 88 397
55 89 445
55 90 304
55 91 453
55 92 344
55 93 270
55 94 435
55 95 284
55 96 468
55 97 453
55 98 484
55 99 383
56 1 321
56 2 383
56 3 394
56 4 390
56 5 413
56 6 349
56 7 390
56 8 257
56 9 259
56 10 308
56 11 396
56 12 332
56 13 402
56 14 432
56 15 458
56 16 439
56 17 288
56 18 425
56 19 272
56 20 258
56 21 303
56 22 270
56 23 268
56 24 457
56 25 371
56 26 303
56 27 367
56 28 463
56 29 426
56 30 355
56 31 269
56 32 261
56 33 342
56 34 453
56 35 251
56 36 333
56 37 387
56 38 310
56 39 279
56 40 304
56 41 436
56 42 273
56 43 411
56 44 320
56 45 476
56 46 423
56 47 352
56 48 336
56 49 401
56 50 373
56 51 317
56 52 491
56 53 443
56 54 326
56 55 460
56 57 327
56 58 380
56 59 273
56 60 255
56 61 435
56 62 321
56 63 341
56 64 359
56 65 411
56 66 261
56 67 265
56 68 355
56 69 350
56 70 267
56 71 466
56 72 409
56 73 483
56 74 263
56 75 453
56 76 306
56 77 371
56 78 497
56 79 274
56 80 403
56 81 490
56 82 444
56 83 285
56 84 463
56 85 468
56 86 496
56 87 329
56 88 308
56 89 348
56 90 444
56 91 487
56 92 321
56 93 475
56 94 421
56 95 310
56 96 354
56 97 266
56 98 431
56 99 464
57 1 394
57 2 378
57 3 322
57 4 418
57 5 251
57 6 346
57 7 314
57 8 418
57 9 289
57 10 375
57 11 456
57 12 328
57 13 439
57 14 287
57 15 311
57 16 424
57 17 258
57 18 423
57 19 263
57 20 368
57 21 365
57 22 429
57 23 355
57 24 331
57 25 365
57 26 403
57 27 455
57 28 298
57 29 278
57 30 375
57 31 353
57 32 351
57 33 408
57 34 428
57 35 478
57 36 473
57 37 383
57 38 495
57 39 328
57 40 406
57 41 293
57 42 371
57 43 427
57 44 480
57 45 330
57 46 413
57 47 331
57 48 305
57 49 425
57 50 480
57 51 382
57 52 402
57 53 457
57 54 425
57 55 401
57 56 327
57 58 417
57 59 489
57 60 270
57 61 487
57 62 434
57 63 357
57 64 294
57 65 285
57 66 500
57 67 488
57 68 378
57 69 253
57 70 273
57 71 351
57 72 331
57 73 349
57 74 385
57 75 294
57 76 383
57 77 252
57 78 441
57 79 255
57 80 332
57 81 291
57 82 269
57 83 449
57 84 282
57 85 290
57 86 317
57 87 318
57 88 353
57 89 277
57 90 391
57 91 490
57 92 353
57 93 291
57 94 310
57 95 433
57 96 437
57 97 365
57 98 375
57 99 312
58 1 428
58 2 268
58 3 332
58 4 483
58 5 257
58 6 496
58 7 264
58 8 325
58 9 288
58 10 498
58 11 311
58 12 387
58 13 380
58 14 252
58 15 267
58 16 491
58 17 409
58 18 264
58 19 488
58 20 331
58 21 500
58 22 340
58 23 279
58 24 292
58 25 318
58 26 293
58 27 279
58 28 297
58 29 427
58 30 339
58 31 320
58 32 403
58 33 278
58 34 431
58 35 335
58 36 491
58 37 495
58 38 359
58 39 391
58 40 463
58 41 385
58 42 369
58 43 310
58 44 439
58 45 325
58 46 250
58 47 281
58 48 434
58 49 283
58 50 285
58 51 487
58 52 335
58 53 451
58 54 496
58 55 390
58 56 380
58 57 417
58 59 473
58 60 336
58 61 363
58 62 488
58 63 286
58 64 462
58 65 447
58 66 423
58 67 399
58 68 374
58 69 372
58 70 351
58 71 433
58 72 378
58 73 418
58 74 456
58 75 365
58 76 285
58 77 448
58 78 259
58 79 368
58 80 272
58 81 262
58 82 426
58 83 393
58 84 301
58 85 479
58 86 409
58 87 452
58 88 453
58 89 432
58 90 377
58 91 426
58 92 461
58 93 402
58 94 493
58 95 338
58 96 304
58 97 262
58 98 450
58 99 368
59 1 307
59 2 421
59 3 468
59 4 434
59 5 313
59 6 428
59 7 381
59 8 328
59 9 299
59 10 373
59 11 412
59 12 451
59 13 255
59 14 254
59 15 443
59 16 354
59 17 449
59 18 436
59 19 432
59 20 394
59 21 441
59 22 366
59 23 261
59 24 352
59 25 336
59 26 295
59 27 298
59 28 346
59 29 341
59 30 489
59 31 458
59 32 349
59 33 339
59 34 320
59 35 343
59 36 482
59 37 436
59 38 488
59 39 345
59 40 390
59 41 492
59 42 464
59 43 442
59 44 362
59 45 475
59 46 389
59 47 331
59 48 466
59 49 396
59 50 271
59 51 400
59 52 276
59 53 325
59 54 341
59 55 295
59 56 273
59 57 489
59 58 473
59 60 463
59 61 295
59 62 290
59 63 375
59 64 492
59 65 349
59 66 369
59 67 458
59 68 485
59 69 304
59 70 313
59 71 390
59 72 268
59 73 350
59 74 328
59 75 451
59 76 259
59 77 256
59 78 427
59 79 374
59 80 351
59 81 433
59 82 354
59 83 468
59 84 456
59 85 426
59 86 489
59 87 433
59 88 326
59 89 292
59 90 429
59 91 413
59 92 351
59 93 393
59 94 355
59 95 274
59 96 439
59 97 296
59 98 356
59 99 324
60 1 306
60 2 312
60 3 483
60 4 354
60 5 374
60 6 321
60 7 399
60 8 492
60 9 426
60 10 451
60 11 312
60 12 453
60 13 320
60 14 294
60 15 477
60 16 493
60 17 286
60 18 431
60 19 444
60 20 373
60 21 336
60 22 485
60 23 314
60 24 317
60 25 427
60 26 332
60 27 307
60 28 426
60 29 481
60 30 439
60 31 391
60 32 374
60 33 398
60 34 262
60 35 383
60 36 444
60 37 359
60 38 367
60 39 348
60 40 408
60 41 444
60 42 268
60 43 463
60 44 488
60 45 391
60 46 463
60 47 357
60 48 418
60 49 281
60 50 380
60 51 327
60 52 483
60 53 401
60 54 417
60 55 378
60 56 255
60 57 270
60 58 336
60 59 463
60 61 380
60 62 426
60 63 381
60 64 456
60 65 497
60 66 451
60 67 389
60 68 281
60 69 363
60 70 480
60 71 277
60 72 258
60 73 363
60 74 333
60 75 395
60 76 346
60 77 410
60 78 306
60 79 492
60 80 462
60 81 295
60 82 378
60 83 500
60 84 293
60 85 384
60 86 357
60 87 376
60 88 301
60 89 306
60 90 351
60 91 320
60 92 474
60 93 460
60 94 331
60 95 343
60 96 383
60 97 310
60 98 494
60 99 391
61 1 274
61 2 474
61 3 303
61 4 333
61 5 401
61 6 317
61 7 450
61 8 461
61 9 489
61 10 481
61 11 494
61 12 428
61 13 298
61 14 381
61 15 367
61 16 416
61 17 308
61 18 486
61 19 332
61 20 263
61 21 413
61 22 368
61 23 494
61 24 302
61 25 279
61 26 397
61 27 317
61 28 409
61 29 356
61 30 457
61 31 262
61 32 437
61 33 418
61 34 430
61 35 316
61 36 310
61 37 367
61 38 374
61 39 305
61 40 483
61 41 278
61 42 408
61 43 269
61 44 341
61 45 488
61 46 486
61 47 481
61 48 281
61 49 385
61 50 278
61 51 478
61 52 469
61 53 310
61 54 426
61 55 324
61 56 435
61 57 487
61 58 363
61 59 295
61 60 380
61 62 372
61 63 354
61 64 347
61 65 306
61 66 351
61 67 410
61 68 329
61 69 318
61 70 387
61 71 380
61 72 478
61 73 374
61 74 429
61 75 303
61 76 445
61 77 417
61 78 435
61 79 479
61 80 286
61 81 464
61 82 384
61 83 466
61 84 478
61 85 476
61 86 458
61 87 356
61 88 452
61 89 277
61 90 335
61 91 439
61 92 306
61 93 313
61 94 466
61 95 350
61 96 297
61 97 372
61 98 404
61 99 250
62 1 302
62 2 290
62 3 337
62 4 344
62 5 336
62 6 474
62 7 306
62 8 254
62 9 430
62 10 412
62 11 345
62 12 323
62 13 285
62 14 274
62 15 313
62 16 329
62 17 334
62 18 389
62 19 394
62 20 445
62 21 422
62 22 496
62 23 288
62 24 388
62 25 330
62 26 415
62 27 461
62 28 291
62 29 436
62 30 382
62 31 439
62 32 413
62 33 404
62 34 342
62 35 410
62 36 306
62 37 407
62 38 302
62 39 477
62 40 341
62 41 305
62 42 461
62 43 396
62 44 389
62 45 494
62 46 297
62 47 337
62 48 340
62 49 328
62 50 305
62 51 336
62 52 344
62 53 463
62 54 416
62 55 256
62 56 321
62 57 434
62 58 488
62 59 290
62 60 426
62 61 372
62 63 451
62 64 340
62 65 419
62 66 442
62 67 309
62 68 410
62 69 272
62 70 374
62 71 436
62 72 487
62 73 308
62 74 425
62 75 485
62 76 340
62 77 300
62 78 402
62 79 476
62 80 331
62 81 456
62 82 356
62 83 442
62 84 335
62 85 368
62 86 421
62 87 318
62 88 487
62 89 279
62 90 481
62 91 461
62 92 379
62 93 460
62 94 450
62 95 397
62 96 281
62 97 321
62 98 497
62 99 294
63 1 362
63 2 363
63 3 361
63 4 497
63 5 330
63 6 337
63 7 431
63 8 485
63 9 282
63 10 489
63 11 269
63 12 328
63 13 357
63 14 296
63 15 262
63 16 496
63 17 486
63 18 374
63 19 500
63 20 258
63 21 457
63 22 420
63 23 266
63 24 387
63 25 442
63 26 450
63 27 387
63 28 292
63 29 294
63 30 462
63 31 391
63 32 466
63 33 354
63 34 273
63 35 420
63 36 494
63 37 412
63 38 287
63 39 327
63 40 255
63 41 436
63 42 405
63 43 288
63 44 414
63 45 454
63 46 302
63 47 327
63 48 468
63 49 275
63 50 353
63 51 442
63 52 407
63 53 436
63 54 391
63 55 424
63 56 341
63 57 357
63 58 286
63 59 375
63 60 381
63 61 354
63 62 451
63 64 463
63 65 252
63 66 414
63 67 300
63 68 353
63 69 308
63 70 283
63 71 424
63 72 273
63 73 285
63 74 458
63 75 377
63 76 316
63 77 416
63 78 431
63 79 490
63 80 338
63 81 310
63 82 463
63 83 315
63 84 292
63 85 346
63 86 401
63 87 395
63 88 402
63 89 473
63 90 363
63 91 475
63 92 316
63 93 374
63 94 366
63 95 269
63 96 373
63 97 449
63 98 324
63 99 429
64 1 330
64 2 337
64 3 387
64 4 270
64 5 457
64 6 397
64 7 351
64 8 276
64 9 335
64 10 456
64 11 465
64 12 361
64 13 419
64 14 474
64 15 381
64 16 366
64 17 303
64 18 313
64 19 354
64 20 288
64 21 380
64 22 343
64 23 362
64 24 346
64 25 439
64 26 324
64 27 339
64 28 306
64 29 484
64 30 273
64 31 253
64 32 377
64 33 285
64 34 259
64 35 376
64 36 319
64 37 384
64 38 497
64 39 429
64 40 421
64 41 410
64 42 353
64 43 396
64 44 378
64 45 424
64 46 295
64 47 282
64 48 465
64 49 331
64 50 430
64 51 427
64 52 338
64 53 391
64 54 386
64 55 374
64 56 359
64 57 294
64 58 462
64 59 492
64 60 456
64 61 347
64 62 340
64 63 463
64 65 369
64 66 414
64 67 460
64 68 312
64 69 494
64 70 283
64 71 273
64 72 360
64 73 378
64 74 346
64 75 395
64 76 376
64 77 421
64 78 328
64 79 276
64 80 396
64 81 413
64 82 305
64 83 445
64 84 393
64 85 410
64 86 472
64 87 307
64 88 422
64 89 380
64 90 288
64 91 344
64 92 323
64 93 385
64 94 373
64 95 334
64 96 432
64 97 386
64 98 287
64 99 262
65 1 334
65 2 469
65 3 375
65 4 310
65 5 386
65 6 433
65 7 279
65 8 470
65 9 278
65 10 329
65 11 273
65 12 267
65 13 309
65 14 374
65 15 295
65 16 490
65 17 310
65 18 429
65 19 443
65 20 470
65 21 398
65 22 288
65 23 366
65 24 422
65 25 448
65 26 430
65 27 435
65 28 342
65 29 432
65 30 482
65 31 261
65 32 351
65 33 460
65 34 402
65 35 262
65 36 271
65 37 300
65 38 411
65 39 333
65 40 285
65 41 421
65 42 282
65 43 250
65 44 401
65 45 422
65 46 375
65 47 467
65 48 335
65 49 311
65 50 350
65 51 278
65 52 317
65 53 366
65 54 474
65 55 404
65 56 411
65 57 285
65 58 447
65 59 349
65 60 497
65 61 306
65 62 419
65 63 252
65 64 369
65 66 389
65 67 291
65 68 319
65 69 407
65 70 268
65 71 462
65 72 344
65 73 321
65 74 342
65 75 255
65 76 254
65 77 352
65 78 462
65 79 497
65 80 425
65 81 305
65 82 336
65 83 258
65 84 298
65 85 384
65 86 437
65 87 250
65 88 422
65 89 252
65 90 483
65 91 448
65 92 330
65 93 432
65 94 406
65 95 318
65 96 290
65 97 255
65 98 313
65 99 384
66 1 484
66 2 446
66 3 429
66 4 421
66 5 345
66 6 434
66 7 476
66 8 291
66 9 353
66 10 266
66 11 480
66 12 340
66 13 262
66 14 426
66 15 302
66 16 363
66 17 469
66 18 353
66 19 345
66 20 499
66 21 414
66 22 342
66 23 288
66 24 251
66 25 430
66 26 478
66 27 473
66 28 471
66 29 458
66 30 419
66 31 473
66 32 260
66 33 354
66 34 307
66 35 292
66 36 316
66 37 279
66 38 308
66 39 419
66 40 281
66 41 488
66 42 302
66 43 315
66 44 391
66 45 264
66 46 261
66 47 395
66 48 332
66 49 499
66 50 392
66 51 489
66 52 389
66 53 268
66 54 383
66 55 388
66 56 261
66 57 500
66 58 423
66 59 369
66 60 451
66 61 351
66 62 442
66 63 414
66 64 414
66 65 389
66 67 469
66 68 444
66 69 290
66 70 350
66 71 407
66 72 271
66 73 474
66 74 333
66 75 410
66 76 273
66 77 408
66 78 325
66 79 342
66 80 253
66 81 415
66 82 335
66 83 325
66 84 361
66 85 416
66 86 347
66 87 366
66 88 429
66 89 400
66 90 489
66 91 378
66 92 382
66 93 416
66 94 427
66 95 294
66 96 281
66 97 415
66 98 482
66 99 394
67 1 421
67 2 360
67 3 478
67 4 371
67 5 481
67 6 255
67 7 366
67 8 342
67 9 441
67 10 473
67 11 454
67 12 375
67 13 367
67 14 375
67 15 290
67 16 387
67 17 493
67 18 449
67 19 305
67 20 297
67 21 257
67 22 445
67 23 380
67 24 259
67 25 434
67 26 355
67 27 496
67 28 369
67 29 254
67 30 261
67 31 254
67 32 402
67 33 417
67 34 446
67 35 467
67 36 452
67 37 262
67 38 491
67 39 493
67 40 371
67 41 440
67 42 336
67 43 464
67 44 464
67 45 334
67 46 386
67 47 273
67 48 328
67 49 499
67 50 415
67 51 269
67 52 257
67 53 298
67 54 396
67 55 348
67 56 265
67 57 488
67 58 399
67 59 458
67 60 389
67 61 410
67 62 309
67 63 300
67 64 460
67 65 291
67 66 469
67 68 351
67 69 424
67 70 312
67 71 490
67 72 356
67 73 364
67 74 258
67 75 257
67 76 335
67 77 368
67 78 318
67 79 276
67 80 320
67 81 282
67 82 434
67 83 253
67 84 384
67 85 467
67 86 454
67 87 331
67 88 321
67 89 328
67 90 262
67 91 354
67 92 428
67 93 360
67 94 327
67 95 423
67 96 401
67 97 346
67 98 366
67 99 258
68 1 321
68 2 420
68 3 274
68 4 481
68 5 281
68 6 391
68 7 288
68 8 414
68 9 363
68 10 325
68 11 347
68 12 398
68 13 456
68 14 410
68 15 256
68 16 330
68 17 351
68 18 406
68 19 252
68 20 262
68 21 393
68 22 276
68 23 414
68 24 394
68 25 377
68 26 452
68 27 485
68 28 380
68 29 481
68 30 302
68 31 260
68 32 394
68 33 343
68 34 480
68 35 430
68 36 316
68 37 492
68 38 416
68 39 487
68 40 292
68 41 312
68 42 287
68 43 396
68 44 366
68 45 277
68 46 306
68 47 303
68 48 449
68 49 276
68 50 330
68 51 292
68 52 325
68 53 476
68 54 381
68 55 408
68 56 355
68 57 378
68 58 374
68 59 485
68 60 281
68 61 329
68 62 410
68 63 353
68 64 312
68 65 319
68 66 444
68 67 351
68 69 464
68 70 401
68 71 431
68 72 261
68 73 345
68 74 257
68 75 414
68 76 364
68 77 396
68 78 390
68 79 421
68 80 327
68 81 319
68 82 256
68 83 326
68 84 267
68 85 451
68 86 301
68 87 409
68 88 344
68 89 330
68 90 263
68 91 477
68 92 320
68 93 362
68 94 272
68 95 335
68 96 467
68 97 387
68 98 414
68 99 288
69 1 469
69 2 442
69 3 448
69 4 321
69 5 432
69 6 409
69 7 380
69 8 284
69 9 313
69 10 325
69 11 491
69 12 413
69 13 395
69 14 483
69 15 486
69 16 370
69 17 413
69 18 492
69 19 404
69 20 303
69 21 353
69 22 412
69 23 282
69 24 411
69 25 424
69 26 378
69 27 315
69 28 470
69 29 390
69 30 380
69 31 260
69 32 472
69 33 397
69 34 370
69 35 419
69 36 375
69 37 443
69 38 250
69 39 373
69 40 495
69 41 382
69 42 334
69 43 495
69 44 437
69 45 406
69 46 429
69 47 388
69 48 305
69 49 330
69 50 479
69 51 288
69 52 473
69 53 399
69 54 334
69 55 337
69 56 350
69 57 253
69 58 372
69 59 304
69 60 363
69 61 318
69 62 272
69 63 308
69 64 494
69 65 407
69 66 290
69 67 424
69 68 464
69 70 364
69 71 384
69 72 300
69 73 365
69 74 375
69 75 436
69 76 400
69 77 265
69 78 251
69 79 286
69 80 420
69 81 452
69 82 258
69 83 345
69 84 273
69 85 313
69 86 451
69 87 389
69 88 419
69 89 412
69 90 370
69 91 330
69 92 336
69 93 488
69 94 383
69 95 365
69 96 410
69 97 286
69 98 333
69 99 320
70 1 363
70 2 466
70 3 327
70 4 392
70 5 365
70 6 276
70 7 381
70 8 284
70 9 454
70 10 416
70 11 396
70 12 408
70 13 290
70 14 443
70 15 349
70 16 281
70 17 260
70 18 458
70 19 497
70 20 395
70 21 355
70 22 445
70 23 388
70 24 418
70 25 455
70 26 306
70 27 335
70 28 343
70 29 305
70 30 368
70 31 287
70 32 324
70 33 271
70 34 413
70 35 308
70 36 327
70 37 283
70 38 347
70 39 404
70 40 431
70 41 427
70 42 267
70 43 262
70 44 400
70 45 484
70 46 436
70 47 322
70 48 274
70 49 339
70 50 463
70 51 432
70 52 420
70 53 341
70 54 286
70 55 282
70 56 267
70 57 273
70 58 351
70 59 313
70 60 480
70 61 387
70 62 374
70 63 283
70 64 283
70 65 268
70 66 350
70 67 312
70 68 401
70 69 364
70 71 496
70 72 270
70 73 338
70 74 335
70 75 409
70 76 347
70 77 427
70 78 435
70 79 301
70 80 475
70 81 492
70 82 380
70 83 350
70 84 399
70 85 493
70 86 411
70 87 257
70 88 483
70 89 497
70 90 283
70 91 344
70 92 354
70 93 450
70 94 483
70 95 420
70 96 475
70 97 427
70 98 271
70 99 261
71 1 408
71 2 353
71 3 268
71 4 362
71 5 305
71 6 389
71 7 290
71 8 442
71 9 438
71 10 455
71 11 353
71 12 478
71 13 301
71 14 457
71 15 381
71 16 367
71 17 470
71 18 475
71 19 403
71 20 381
71 21 482
71 22 267
71 23 278
71 24 307
71 25 371
71 26 289
71 27 438
71 28 446
71 29 301
71 30 368
71 31 401
71 32 436
71 33 453
71 34 379
71 35 435
71 36 416
71 37 304
71 38 323
71 39 284
71 40 482
71 41 385
71 42 264
71 43 460
71 44 409
71 45 443
71 46 455
71 47 327
71 48 344
71 49 455
71 50 385
71 51 250
71 52 386
71 53 398
71 54 390
71 55 263
71 56 466
71 57 351
71 58 433
71 59 390
71 60 277
71 61 380
71 62 436
71 63 424
71 64 273
71 65 462
71 66 407
71 67 490
71 68 431
71 69 384
71 70 496
71 72 267
71 73 449
71 74 485
71 75 385
71 76 392
71 77 299
71 78 487
71 79 276
71 80 304
71 81 434
71 82 353
71 83 467
71 84 337
71 85 319
71 86 352
71 87 493
71 88 371
71 89 452
71 90 324
71 91 499
71 92 441
71 93 498
71 94 424
71 95 476
71 96 389
71 97 354
71 98 499
71 99 420
72 1 355
72 2 327
72 3 332
72 4 426
72 5 291
72 6 254
72 7 337
72 8 374
72 9 341
72 10 422
72 11 358
72 12 279
72 13 390
72 14 474
72 15 444
72 16 336
72 17 413
72 18 277
72 19 412
72 20 442
72 21 318
72 22 431
72 23 343
72 24 375
72 25 422
72 26 484
72 27 313
72 28 467
72 29 317
72 30 381
72 31 461
72 32 414
72 33 391
72 34 458
72 35 469
72 36 252
72 37 253
72 38 430
72 39 320
72 40 470
72 41 353
72 42 372
72 43 320
72 44 350
72 45 336
72 46 311
72 47 295
72 48 406
72 49 484
72 50 295
72 51 333
72 52 429
72 53 281
72 54 311
72 55 295
72 56 409
72 57 331
72 58 378
72 59 268
72 60 258
72 61 478
72 62 487
72 63 273
72 64 360
72 65 344
72 66 271
72 67 356
72 68 261
72 69 300
72 70 270
72 71 267
72 73 420
72 74 420
72 75 467
72 76 467
72 77 301
72 78 297
72 79 422
72 80 285
72 81 310
72 82 455
72 83 417
72 84 342
72 85 283
72 86 255
72 87 355
72 88 341
72 89 337
72 90 490
72 91 291
72 92 493
72 93 354
72 94 369
72 95 450
72 96 380
72 97 498
72 98 337
72 99 435
73 1 345
73 2 441
73 3 265
73 4 346
73 5 473
73 6 347
73 7 366
73 8 447
73 9 392
73 10 284
73 11 481
73 12 402
73 13 332
73 14 251
73 15 260
73 16 468
73 17 296
73 18 435
73 19 459
73 20 253
73 21 355
73 22 353
73 23 270
73 24 320
73 25 452
73 26 321
73 27 464
73 28 274
73 29 269
73 30 255
73 31 419
73 32 296
73 33 299
73 34 375
73 35 353
73 36 349
73 37 319
73 38 284
73 39 480
73 40 470
73 41 421
73 42 496
73 43 334
73 44 373
73 45 437
73 46 346
73 47 394
73 48 460
73 49 297
73 50 328
73 51 332
73 52 371
73 53 403
73 54 420
73 55 358
73 56 483
73 57 349
73 58 418
73 59 350
73 60 363
73 61 374
73 62 308
73 63 285
73 64 378
73 65 321
73 66 474
73 67 364
73 68 345
73 69 365
73 70 338
73 71 449
73 72 420
73 74 366
73 75 405
73 76 401
73 77 369
73 78 495
73 79 265
73 80 303
73 81 296
73 82 291
73 83 400
73 84 418
73 85 433
73 86 482
73 87 324
73 88 337
73 89 443
73 90 367
73 91 369
73 92 394
73 93 420
73 94 417
73 95 293
73 96 467
73 97 490
73 98 360
73 99 448
74 1 356
74 2 299
74 3 273
74 4 286
74 5 259
74 6 292
74 7 373
74 8 280
74 9 275
74 10 480
74 11 352
74 12 429
74 13 479
74 14 416
74 15 498
74 16 250
74 17 446
74 18 497
74 19 323
74 20 328
74 21 360
74 22 284
74 23 416
74 24 271
74 25 489
74 26 254
74 27 432
74 28 328
74 29 278
74 30 405
74 31 286
74 32 315
74 33 408
74 34 348
74 35 268
74 36 405
74 37 487
74 38 300
74 39 395
74 40 254
74 41 291
74 42 305
74 43 344
74 44 432
74 45 424
74 46 435
74 47 290
74 48 498
74 49 492
74 50 440
74 51 497
74 52 470
74 53 326
74 54 456
74 55 251
74 56 263
74 57 385
74 58 456
74 59 328
74 60 333
74 61 429
74 62 425
74 63 458
74 64 346
74 65 342
74 66 333
74 67 258
74 68 257
74 69 375
74 70 335
74 71 485
74 72 420
74 73 366
74 75 266
74 76 327
74 77 424
74 78 335
74 79 289
74 80 431
74 81 421
74 82 429
74 83 484
74 84 295
74 85 477
74 86 432
74 87 351
74 88 398
74 89 254
74 90 434
74 91 360
74 92 277
74 93 292
74 94 348
74 95 440
74 96 311
74 97 380
74 98 281
74 99 378
75 1 483
75 2 445
75 3 284
75 4 463
75 5 478
75 6 277
75 7 321
75 8 250
75 9 500
75 10 253
75 11 497
75 12 450
75 13 499
75 14 439
75 15 365
75 16 471
75 17 272
75 18 256
75 19 414
75 20 465
75 21 394
75 22 274
75 23 494
75 24 298
75 25 292
75 26 284
75 27 493
75 28 497
75 29 265
75 30 391
75 31 362
75 32 485
75 33 264
75 34 416
75 35 393
75 36 401
75 37 253
75 38 442
75 39 389
75 40 400
75 41 333
75 42 391
75 43 398
75 44 470
75 45 387
75 46 499
75 47 391
75 48 362
75 49 327
75 50 480
75 51 396
75 52 454
75 53 420
75 54 313
75 55 298
75 56 453
75 57 294
75 58 365
75 59 451
75 60 395
75 61 303
75 62 485
75 63 377
75 64 395
75 65 255
75 66 410
75 67 257
75 68 414
75 69 436
75 70 409
75 71 385
75 72 467
75 73 405
75 74 266
75 76 308
75 77 425
75 78 414
75 79 292
75 80 345
75 81 368
75 82 407
75 83 324
75 84 435
75 85 264
75 86 370
75 87 283
75 88 480
75 89 338
75 90 368
75 91 425
75 92 340
75 93 452
75 94 261
75 95 475
75 96 492
75 97 312
75 98 375
75 99 399
76 1 297
76 2 399
76 3 389
76 4 412
76 5 403
76 6 280
76 7 322
76 8 290
76 9 491
76 10 440
76 11 303
76 12 479
76 13 449
76 14 339
76 15 370
76 16 324
76 17 453
76 18 271
76 19 390
76 20 424
76 21 495
76 22 337
76 23 304
76 24 410
76 25 417
76 26 465
76 27 327
76 28 453
76 29 464
76 30 471
76 31 411
76 32 357
76 33 446
76 34 455
76 35 439
76 36 463
76 37 358
76 38 352
76 39 456
76 40 268
76 41 265
76 42 468
76 43 462
76 44 313
76 45 400
76 46 270
76 47 311
76 48 302
76 49 404
76 50 439
76 51 475
76 52 291
76 53 454
76 54 420
76 55 485
76 56 306
76 57 383
76 58 285
76 59 259
76 60 346
76 61 445
76 62 340
76 63 316
76 64 376
76 65 254
76 66 273
76 67 335
76 68 364
76 69 400
76 70 347
76 71 392
76 72 467
76 73 401
76 74 327
76 75 308
76 77 450
76 78 314
76 79 257
76 80 485
76 81 390
76 82 429
76 83 281
76 84 391
76 85 497
76 86 454
76 87 390
76 88 404
76 89 498
76 90 268
76 91 467
76 92 422
76 93 363
76 94 287
76 95 352
76 96 302
76 97 406
76 98 408
76 99 300
77 1 323
77 2 429
77 3 432
77 4 262
77 5 334
77 6 441
77 7 481
77 8 311
77 9 335
77 10 416
77 11 477
77 12 342
77 13 487
77 14 342
77 15 273
77 16 421
77 17 443
77 18 279
77 19 350
77 20 398
77 21 326
77 22 328
77 23 380
77 24 450
77 25 303
77 26 285
77 27 258
77 28 492
77 29 342
77 30 492
77 31 472
77 32 450
77 33 323
77 34 255
77 35 417
77 36 309
77 37 460
77 38 412
77 39 386
77 40 278
77 41 344
77 42 440
77 43 418
77 44 290
77 45 395
77 46 470
77 47 461
77 48 266
77 49 302
77 50 251
77 51 298
77 52 352
77 53 298
77 54 274
77 55 424
77 56 371
77 57 252
77 58 448
77 59 256
77 60 410
77 61 417
77 62 300
77 63 416
77 64 421
77 65 352
77 66 408
77 67 368
77 68 396
77 69 265
77 70 427
77 71 299
77 72 301
77 73 369
77 74 424
77 75 425
77 76 450
77 78 371
77 79 338
77 80 399
77 81 275
77 82 371
77 83 280
77 84 259
77 85 485
77 86 463
77 87 289
77 88 264
77 89 326
77 90 262
77 91 426
77 92 478
77 93 442
77 94 493
77 95 391
77 96 311
77 97 467
77 98 337
77 99 458
78 1 381
78 2 455
78 3 352
78 4 436
78 5 347
78 6 376
78 7 426
78 8 347
78 9 381
78 10 272
78 11 415
78 12 462
78 13 308
78 14 266
78 15 252
78 16 445
78 17 368
78 18 342
78 19 450
78 20 495
78 21 297
78 22 394
78 23 297
78 24 463
78 25 324
78 26 468
78 27 454
78 28 300
78 29 328
78 30 373
78 31 454
78 32 454
78 33 319
78 34 384
78 35 492
78 36 273
78 37 472
78 38 315
78 39 298
78 40 283
78 41 412
78 42 326
78 43 370
78 44 309
78 45 439
78 46 265
78 47 354
78 48 478
78 49 446
78 50 413
78 51 261
78 52 447
78 53 420
78 54 435
78 55 392
78 56 497
78 57 441
78 58 259
78 59 427
78 60 306
78 61 435
78 62 402
78 63 431
78 64 328
78 65 462
78 66 325
78 67 318
78 68 390
78 69 251
78 70 435
78 71 487
78 72 297
78 73 495
78 74 335
78 75 414
78 76 314
78 77 371
78 79 307
78 80 429
78 81 334
78 82 394
78 83 468
78 84 417
78 85 276
78 86 275
78 87 372
78 88 357
78 89 265
78 90 469
78 91 353
78 92 395
78 93 500
78 94 497
78 95 253
78 96 362
78 97 318
78 98 349
78 99 306
79 1 427
79 2 455
79 3 478
79 4 458
79 5 330
79 6 387
79 7 488
79 8 459
79 9 273
79 10 390
79 11 447
79 12 291
79 13 360
79 14 251
79 15 402
79 16 382
79 17 378
79 18 474
79 19 289
79 20 320
79 21 427
79 22 314
79 23 375
79 24 414
79 25 449
79 26 476
79 27 348
79 28 373
79 29 366
79 30 316
79 31 338
79 32 301
79 33 318
79 34 319
79 35 350
79 36 471
79 37 367
79 38 401
79 39 485
79 40 255
79 41 481
79 42 369
79 43 401
79 44 394
79 45 472
79 46 271
79 47 343
79 48 344
79 49 327
79 50 490
79 51 416
79 52 451
79 53 315
79 54 307
79 55 266
79 56 274
79 57 255
79 58 368
79 59 374
79 60 492
79 61 479
79 62 476
79 63 490
79 64 276
79 65 497
79 66 342
79 67 276
79 68 421
79 69 286
79 70 301
79 71 276
79 72 422
79 73 265
79 74 289
79 75 292
79 76 257
79 77 338
79 78 307
79 80 468
79 81 494
79 82 273
79 83 409
79 84 284
79 85 320
79 86 466
79 87 273
79 88 410
79 89 296
79 90 343
79 91 307
79 92 384
79 93 458
79 94 485
79 95 436
79 96 351
79 97 415
79 98 405
79 99 384
80 1 271
80 2 436
80 3 417
80 4 436
80 5 452
80 6 361
80 7 265
80 8 460
80 9 322
80 10 393
80 11 283
80 12 278
80 13 412
80 14 420
80 15 415
80 16 376
80 17 319
80 18 396
80 19 402
80 20 322
80 21 253
80 22 416
80 23 400
80 24 317
80 25 299
80 26 424
80 27 344
80 28 294
80 29 371
80 30 371
80 31 365
80 32 348
80 33 302
80 34 351
80 35 404
80 36 303
80 37 497
80 38 447
80 39 288
80 40 337
80 41 370
80 42 266
80 43 304
80 44 260
80 45 292
80 46 345
80 47 393
80 48 282
80 49 350
80 50 474
80 51 471
80 52 342
80 53 388
80 54 332
80 55 437
80 56 403
80 57 332
80 58 272
80 59 351
80 60 462
80 61 286
80 62 331
80 63 338
80 64 396
80 65 425
80 66 253
80 67 320
80 68 327
80 69 420
80 70 475
80 71 304
80 72 285
80 73 303
80 74 431
80 75 345
80 76 485
80 77 399
80 78 429
80 79 468
80 81 351
80 82 348
80 83 460
80 84 271
80 85 250
80 86 390
80 87 369
80 88 414
80 89 391
80 90 418
80 91 344
80 92 465
80 93 448
80 94 449
80 95 398
80 96 491
80 97 480
80 98 458
80 99 318
81 1 433
81 2 305
81 3 279
81 4 376
81 5 437
81 6 485
81 7 271
81 8 385
81 9 465
81 10 338
81 11 384
81 12 492
81 13 431
81 14 256
81 15 429
81 16 315
81 17 480
81 18 278
81 19 384
81 20 457
81 21 287
81 22 344
81 23 315
81 24 391
81 25 436
81 26 277
81 27 298
81 28 350
81 29 362
81 30 262
81 31 316
81 32 439
81 33 376
81 34 382
81 35 393
81 36 458
81 37 449
81 38 471
81 39 437
81 40 354
81 41 348
81 42 414
81 43 305
81 44 337
81 45 411
81 46 388
81 47 445
81 48 378
81 49 293
81 50 327
81 51 433
81 52 288
81 53 482
81 54 251
81 55 493
81 56 490
81 57 291
81 58 262
81 59 433
81 60 295
81 61 464
81 62 456
81 63 310
81 64 413
81 65 305
81 66 415
81 67 282
81 68 319
81 69 452
81 70 492
81 71 434
81 72 310
81 73 296
81 74 421
81 75 368
81 76 390
81 77 275
81 78 334
81 79 494
81 80 351
81 82 265
81 83 407
81 84 433
81 85 413
81 86 359
81 87 397
81 88 255
81 89 337
81 90 297
81 91 459
81 92 399
81 93 308
81 94 342
81 95 355
81 96 367
81 97 392
81 98 410
81 99 373
82 1 287
82 2 431
82 3 366
82 4 446
82 5 358
82 6 418
82 7 419
82 8 324
82 9 389
82 10 293
82 11 500
82 12 349
82 13 433
82 14 498
82 15 309
82 16 346
82 17 343
82 18 272
82 19 269
82 20 429
82 21 461
82 22 390
82 23 365
82 24 310
82 25 308
82 26 325
82 27 313
82 28 271
82 29 436
82 30 323
82 31 443
82 32 389
82 33 424
82 34 337
82 35 360
82 36 400
82 37 495
82 38 457
82 39 290
82 40 264
82 41 269
82 42 255
82 43 363
82 44 305
82 45 272
82 46 296
82 47 304
82 48 317
82 49 354
82 50 377
82 51 371
82 52 462
82 53 297
82 54 319
82 55 467
82 56 444
82 57 269
82 58 426
82 59 354
82 60 378
82 61 384
82 62 356
82 63 463
82 64 305
82 65 336
82 66 335
82 67 434
82 68 256
82 69 258
82 70 380
82 71 353
82 72 455
82 73 291
82 74 429
82 75 407
82 76 429
82 77 371
82 78 394
82 79 273
82 80 348
82 81 265
82 83 423
82 84 489
82 85 446
82 86 473
82 87 420
82 88 356
82 89 466
82 90 279
82 91 333
82 92 474
82 93 452
82 94 280
82 95 287
82 96 363
82 97 294
82 98 481
82 99 497
83 1 364
83 2 363
83 3 349
83 4 476
83 5 442
83 6 328
83 7 384
83 8 442
83 9 480
83 10 299
83 11 437
83 12 361
83 13 258
83 14 368
83 15 271
83 16 354
83 17 257
83 18 278
83 19 435
83 20 276
83 21 406
83 22 295
83 23 354
83 24 294
83 25 346
83 26 376
83 27 279
83 28 491
83 29 379
83 30 291
83 31 370
83 32 360
83 33 357
83 34 390
83 35 351
83 36 494
83 37 379
83 38 345
83 39 353
83 40 470
83 41 394
83 42 287
83 43 476
83 44 475
83 45 310
83 46 270
83 47 267
83 48 499
83 49 465
83 50 320
83 51 270
83 52 356
83 53 299
83 54 480
83 55 442
83 56 285
83 57 449
83 58 393
83 59 468
83 60 500
83 61 466
83 62 442
83 63 315
83 64 445
83 65 258
83 66 325
83 67 253
83 68 326
83 69 345
83 70 350
83 71 467
83 72 417
83 73 400
83 74 484
83 75 324
83 76 281
83 77 280
83 78 468
83 79 409
83 80 460
83 81 407
83 82 423
83 84 407
83 85 458
83 86 450
83 87 492
83 88 262
83 89 485
83 90 326
83 91 410
83 92 409
83 93 327
83 94 476
83 95 262
83 96 448
83 97 415
83 98 355
83 99 358
84 1 487
84 2 320
84 3 340
84 4 359
84 5 382
84 6 407
84 7 374
84 8 250
84 9 452
84 10 277
84 11 301
84 12 323
84 13 368
84 14 358
84 15 500
84 16 348
84 17 391
84 18 348
84 19 349
84 20 464
84 21 455
84 22 489
84 23 423
84 24 352
84 25 281
84 26 407
84 27 374
84 28 289
84 29 459
84 30 499
84 31 347
84 32 352
84 33 489
84 34 335
84 35 254
84 36 257
84 37 395
84 38 455
84 39 264
84 40 380
84 41 295
84 42 274
84 43 453
84 44 342
84 45 311
84 46 295
84 47 403
84 48 453
84 49 278
84 50 461
84 51 324
84 52 405
84 53 296
84 54 365
84 55 373
84 56 463
84 57 282
84 58 301
84 59 456
84 60 293
84 61 478
84 62 335
84 63 292
84 64 393
84 65 298
84 66 361
84 67 384
84 68 267
84 69 273
84 70 399
84 71 337
84 72 342
84 73 418
84 74 295
84 75 435
84 76 391
84 77 259
84 78 417
84 79 284
84 80 271
84 81 433
84 82 489
84 83 407
84 85 467
84 86 255
84 87 479
84 88 262
84 89 261
84 90 302
84 91 266
84 92 495
84 93 499
84 94 268
84 95 390
84 96 493
84 97 410
84 98 373
84 99 332
85 1 253
85 2 315
85 3 442
85 4 288
85 5 307
85 6 376
85 7 371
85 8 264
85 9 274
85 10 459
85 11 416
85 12 285
85 13 497
85 14 261
85 15 413
85 16 478
85 17 315
85 18 344
85 19 360
85 20 412
85 21 348
85 22 272
85 23 464
85 24 281
85 25 295
85 26 437
85 27 294
85 28 258
85 29 399
85 30 266
85 31 311
85 32 405
85 33 401
85 34 438
85 35 256
85 36 333
85 37 313
85 38 403
85 39 442
85 40 392
85 41 291
85 42 253
85 43 294
85 44 440
85 45 282
85 46 356
85 47 485
85 48 278
85 49 258
85 50 441
85 51 356
85 52 421
85 53 337
85 54 290
85 55 299
85 56 468
85 57 290
85 58 479
85 59 426
85 60 384
85 61 476
85 62 368
85 63 346
85 64 410
85 65 384
85 66 416
85 67 467
85 68 451
85 69 313
85 70 493
85 71 319
85 72 283
85 73 433
85 74 477
85 75 264
85 76 497
85 77 485
85 78 276
85 79 320
85 80 250
85 81 413
85 82 446
85 83 458
85 84 467
85 86 362
85 87 309
85 88 379
85 89 343
85 90 371
85 91 368
85 92 386
85 93 360
85 94 495
85 95 324
85 96 415
85 97 328
85 98 479
85 99 323
86 1 267
86 2 319
86 3 404
86 4 363
86 5 301
86 6 373
86 7 480
86 8 315
86 9 286
86 10 310
86 11 268
86 12 378
86 13 292
86 14 280
86 15 464
86 16 413
86 17 335
86 18 467
86 19 353
86 20 384
86 21 311
86 22 438
86 23 413
86 24 268
86 25 367
86 26 416
86 27 400
86 28 262
86 29 393
86 30 272
86 31 343
86 32 284
86 33 277
86 34 332
86 35 331
86 36 261
86 37 360
86 38 412
86 39 407
86 40 420
86 41 474
86 42 399
86 43 378
86 44 441
86 45 484
86 46 322
86 47 359
86 48 500
86 49 298
86 50 476
86 51 439
86 52 278
86 53 463
86 54 483
86 55 358
86 56 496
86 57 317
86 58 409
86 59 489
86 60 357
86 61 458
86 62 421
86 63 401
86 64 472
86 65 437
86 66 347
86 67 454
86 68 301
86 69 451
86 70 411
86 71 352
86 72 255
86 73 482
86 74 432
86 75 370
86 76 454
86 77 463
86 78 275
86 79 466
86 80 390
86 81 359
86 82 473
86 83 450
86 84 255
86 85 362
86 87 470
86 88 469
86 89 350
86 90 373
86 91 469
86 92 295
86 93 283
86 94 263
86 95 455
86 96 366
86 97 462
86 98 436
86 99 431
87 1 293
87 2 275
87 3 429
87 4 487
87 5 345
87 6 469
87 7 384
87 8 367
87 9 279
87 10 277
87 11 413
87 12 388
87 13 421
87 14 265
87 15 311
87 16 377
87 17 485
87 18 367
87 19 333
87 20 333
87 21 349
87 22 484
87 23 286
87 24 490
87 25 368
87 26 468
87 27 464
87 28 257
87 29 281
87 30 316
87 31 319
87 32 496
87 33 460
87 34 486
87 35 481
87 36 255
87 37 497
87 38 420
87 39 376
87 40 320
87 41 449
87 42 289
87 43 401
87 44 422
87 45 278
87 46 490
87 47 451
87 48 276
87 49 329
87 50 365
87 51 351
87 52 331
87 53 256
87 54 381
87 55 304
87 56 329
87 57 318
87 58 452
87 59 433
87 60 376
87 61 356
87 62 318
87 63 395
87 64 307
87 65 250
87 66 366
87 67 331
87 68 409
87 69 389
87 70 257
87 71 493
87 72 355
87 73 324
87 74 351
87 75 283
87 76 390
87 77 289
87 78 372
87 79 273
87 80 369
87 81 397
87 82 420
87 83 492
87 84 479
87 85 309
87 86 470
87 88 457
87 89 308
87 90 433
87 91 455
87 92 330
87 93 334
87 94 278
87 95 365
87 96 431
87 97 269
87 98 487
87 99 369
88 1 460
88 2 359
88 3 397
88 4 347
88 5 390
88 6 306
88 7 418
88 8 297
88 9 323
88 10 456
88 11 306
88 12 381
88 13 434
88 14 303
88 15 428
88 16 359
88 17 263
88 18 497
88 19 378
88 20 474
88 21 334
88 22 300
88 23 449
88 24 479
88 25 371
88 26 323
88 27 297
88 28 496
88 29 443
88 30 253
88 31 462
88 32 465
88 33 433
88 34 468
88 35 282
88 36 306
88 37 314
88 38 429
88 39 344
88 40 353
88 41 463
88 42 329
88 43 348
88 44 341
88 45 449
88 46 462
88 47 425
88 48 466
88 49 379
88 50 456
88 51 454
88 52 491
88 53 452
88 54 323
88 55 397
88 56 308
88 57 353
88 58 453
88 59 326
88 60 301
88 61 452
88 62 487
88 63 402
88 64 422
88 65 422
88 66 429
88 67 321
88 68 344
88 69 419
88 70 483
88 71 371
88 72 341
88 73 337
88 74 398
88 75 480
88 76 404
88 77 264
88 78 357
88 79 410
88 80 414
88 81 255
88 82 356
88 83 262
88 84 262
88 85 379
88 86 469
88 87 457
88 89 361
88 90 280
88 91 477
88 92 459
88 93 384
88 94 390
88 95 459
88 96 425
88 97 354
88 98 393
88 99 267
89 1 312
89 2 339
89 3 403
89 4 291
89 5 276
89 6 303
89 7 435
89 8 356
89 9 262
89 10 466
89 11 407
89 12 431
89 13 330
89 14 387
89 15 295
89 16 433
89 17 466
89 18 351
89 19 329
89 20 400
89 21 304
89 22 447
89 23 432
89 24 291
89 25 310
89 26 346
89 27 448
89 28 321
89 29 291
89 30 318
89 31 266
89 32 325
89 33 343
89 34 324
89 35 403
89 36 360
89 37 429
89 38 284
89 39 496
89 40 453
89 41 396
89 42 343
89 43 320
89 44 499
89 45 461
89 46 273
89 47 392
89 48 251
89 49 325
89 50 450
89 51 336
89 52 257
89 53 251
89 54 388
89 55 445
89 56 348
89 57 277
89 58 432
89 59 292
89 60 306
89 61 277
89 62 279
89 63 473
89 64 380
89 65 252
89 66 400
89 67 328
89 68 330
89 69 412
89 70 497
89 71 452
89 72 337
89 73 443
89 74 254
89 75 338
89 76 498
89 77 326
89 78 265
89 79 296
89 80 391
89 81 337
89 82 466
89 83 485
89 84 261
89 85 343
89 86 350
89 87 308
89 88 361
89 90 267
89 91 333
89 92 388
89 93 354
89 94 411
89 95 259
89 96 367
89 97 395
89 98 494
89 99 414
90 1 460
90 2 290
90 3 296
90 4 297
90 5 486
90 6 264
90 7 492
90 8 325
90 9 396
90 10 286
90 11 279
90 12 378
90 13 364
90 14 315
90 15 365
90 16 375
90 17 379
90 18 467
90 19 298
90 20 425
90 21 401
90 22 424
90 23 405
90 24 421
90 25 488
90 26 350
90 27 377
90 28 289
90 29 330
90 30 478
90 31 463
90 32 276
90 33 400
90 34 258
90 35 425
90 36 272
90 37 382
90 38 495
90 39 472
90 40 270
90 41 317
90 42 268
90 43 408
90 44 270
90 45 449
90 46 464
90 47 463
90 48 293
90 49 276
90 50 277
90 51 317
90 52 354
90 53 370
90 54 260
90 55 304
90 56 444
90 57 391
90 58 377
90 59 429
90 60 351
90 61 335
90 62 481
90 63 363
90 64 288
90 65 483
90 66 489
90 67 262
90 68 263
90 69 370
90 70 283
90 71 324
90 72 490
90 73 367
90 74 434
90 75 368
90 76 268
90 77 262
90 78 469
90 79 343
90 80 418
90 81 297
90 82 279
90 83 326
90 84 302
90 85 371
90 86 373
90 87 433
90 88 280
90 89 267
90 91 421
90 92 411
90 93 428
90 94 487
90 95 480
90 96 451
90 97 432
90 98 355
90 99 376
91 1 369
91 2 484
91 3 380
91 4 433
91 5 466
91 6 417
91 7 485
91 8 415
91 9 408
91 10 405
91 11 358
91 12 260
91 13 304
91 14 315
91 15 342
91 16 300
91 17 420
91 18 415
91 19 354
91 20 357
91 21 339
91 22 495
91 23 400
91 24 379
91 25 300
91 26 335
91 27 352
91 28 342
91 29 458
91 30 490
91 31 363
91 32 304
91 33 250
91 34 433
91 35 480
91 36 335
91 37 347
91 38 431
91 39 361
91 40 469
91 41 311
91 42 270
91 43 420
91 44 270
91 45 357
91 46 426
91 47 394
91 48 325
91 49 304
91 50 301
91 51 426
91 52 466
91 53 473
91 54 476
91 55 453
91 56 487
91 57 490
91 58 426
91 59 413
91 60 320
91 61 439
91 62 461
91 63 475
91 64 344
91 65 448
91 66 378
91 67 354
91 68 477
91 69 330
91 70 344
91 71 499
91 72 291
91 73 369
91 74 360
91 75 425
91 76 467
91 77 426
91 78 353
91 79 307
91 80 344
91 81 459
91 82 333
91 83 410
91 84 266
91 85 368
91 86 469
91 87 455
91 88 477
91 89 333
91 90 421
91 92 479
91 93 382
91 94 307
91 95 272
91 96 453
91 97 444
91 98 272
91 99 483
92 1 300
92 2 438
92 3 488
92 4 455
92 5 311
92 6 258
92 7 426
92 8 484
92 9 488
92 10 392
92 11 288
92 12 492
92 13 380
92 14 278
92 15 335
92 16 460
92 17 452
92 18 420
92 19 354
92 20 322
92 21 406
92 22 420
92 23 340
92 24 427
92 25 479
92 26 410
92 27 297
92 28 256
92 29 427
92 30 322
92 31 408
92 32 335
92 33 352
92 34 429
92 35 334
92 36 461
92 37 454
92 38 468
92 39 477
92 40 363
92 41 274
92 42 264
92 43 423
92 44 324
92 45 494
92 46 314
92 47 387
92 48 264
92 49 306
92 50 262
92 51 368
92 52 354
92 53 339
92 54 260
92 55 344
92 56 321
92 57 353
92 58 461
92 59 351
92 60 474
92 61 306
92 62 379
92 63 316
92 64 323
92 65 330
92 66 382
92 67 428
92 68 320
92 69 336
92 70 354
92 71 441
92 72 493
92 73 394
92 74 277
92 75 340
92 76 422
92 77 478
92 78 395
92 79 384
92 80 465
92 81 399
92 82 474
92 83 409
92 84 495
92 85 386
92 86 295
92 87 330
92 88 459
92 89 388
92 90 411
92 91 479
92 93 367
92 94 474
92 95 500
92 96 438
92 97 397
92 98 420
92 99 275
93 1 394
93 2 270
93 3 413
93 4 451
93 5 477
93 6 485
93 7 262
93 8 368
93 9 289
93 10 318
93 11 278
93 12 350
93 13 428
93 14 391
93 15 404
93 16 488
93 17 268
93 18 497
93 19 337
93 20 339
93 21 454
93 22 492
93 23 376
93 24 314
93 25 348
93 26 268
93 27 367
93 28 417
93 29 360
93 30 338
93 31 277
93 32 279
93 33 336
93 34 326
93 35 450
93 36 403
93 37 260
93 38 414
93 39 342
93 40 363
93 41 422
93 42 456
93 43 314
93 44 263
93 45 321
93 46 328
93 47 311
93 48 406
93 49 262
93 50 344
93 51 321
93 52 332
93 53 423
93 54 353
93 55 270
93 56 475
93 57 291
93 58 402
93 59 393
93 60 460
93 61 313
93 62 460
93 63 374
93 64 385
93 65 432
93 66 416
93 67 360
93 68 362
93 69 488
93 70 450
93 71 498
93 72 354
93 73 420
93 74 292
93 75 452
93 76 363
93 77 442
93 78 500
93 79 458
93 80 448
93 81 308
93 82 452
93 83 327
93 84 499
93 85 360
93 86 283
93 87 334
93 88 384
93 89 354
93 90 428
93 91 382
93 92 367
93 94 396
93 95 444
93 96 400
93 97 483
93 98 263
93 99 256
94 1 345
94 2 359
94 3 336
94 4 419
94 5 463
94 6 489
94 7 309
94 8 389
94 9 367
94 10 438
94 11 303
94 12 404
94 13 471
94 14 319
94 15 267
94 16 470
94 17 282
94 18 326
94 19 344
94 20 487
94 21 408
94 22 272
94 23 393
94 24 408
94 25 279
94 26 411
94 27 373
94 28 255
94 29 472
94 30 318
94 31 297
94 32 281
94 33 428
94 34 436
94 35 331
94 36 495
94 37 276
94 38 286
94 39 276
94 40 325
94 41 472
94 42 435
94 43 295
94 44 382
94 45 444
94 46 320
94 47 406
94 48 498
94 49 489
94 50 278
94 51 375
94 52 273
94 53 350
94 54 261
94 55 435
94 56 421
94 57 310
94 58 493
94 59 355
94 60 331
94 61 466
94 62 450
94 63 366
94 64 373
94 65 406
94 66 427
94 67 327
94 68 272
94 69 383
94 70 483
94 71 424
94 72 369
94 73 417
94 74 348
94 75 261
94 76 287
94 77 493
94 78 497
94 79 485
94 80 449
94 81 342
94 82 280
94 83 476
94 84 268
94 85 495
94 86 263
94 87 278
94 88 390
94 89 411
94 90 487
94 91 307
94 92 474
94 93 396
94 95 279
94 96 280
94 97 356
94 98 360
94 99 288
95 1 292
95 2 421
95 3 339
95 4 412
95 5 257
95 6 274
95 7 280
95 8 464
95 9 489
95 10 308
95 11 318
95 12 362
95 13 476
95 14 260
95 15 399
95 16 401
95 17 251
95 18 331
95 19 355
95 20 499
95 21 256
95 22 301
95 23 300
95 24 304
95 25 478
95 26 386
95 27 424
95 28 434
95 29 401
95 30 309
95 31 295
95 32 343
95 33 347
95 34 290
95 35 250
95 36 361
95 37 312
95 38 257
95 39 485
95 40 363
95 41 393
95 42 367
95 43 367
95 44 418
95 45 361
95 46 400
95 47 448
95 48 357
95 49 298
95 50 365
95 51 382
95 52 322
95 53 320
95 54 462
95 55 284
95 56 310
95 57 433
95 58 338
95 59 274
95 60 343
95 61 350
95 62 397
95 63 269
95 64 334
95 65 318
95 66 294
95 67 423
95 68 335
95 69 365
95 70 420
95 71 476
95 72 450
95 73 293
95 74 440
95 75 475
95 76 352
95 77 391
95 78 253
95 79 436
95 80 398
95 81 355
95 82 287
95 83 262
95 84 390
95 85 324
95 86 455
95 87 365
95 88 459
95 89 259
95 90 480
95 91 272
95 92 500
95 93 444
95 94 279
95 96 394
95 97 390
95 98 408
95 99 420
96 1 454
96 2 438
96 3 381
96 4 494
96 5 394
96 6 439
96 7 324
96 8 382
96 9 405
96 10 406
96 11 466
96 12 283
96 13 473
96 14 416
96 15 484
96 16 443
96 17 468
96 18 251
96 19 466
96 20 276
96 21 301
96 22 417
96 23 286
96 24 367
96 25 349
96 26 497
96 27 427
96 28 374
96 29 418
96 30 336
96 31 450
96 32 344
96 33 413
96 34 422
96 35 445
96 36 465
96 37 412
96 38 370
96 39 419
96 40 356
96 41 383
96 42 354
96 43 349
96 44 431
96 45 331
96 46 466
96 47 264
96 48 286
96 49 314
96 50 498
96 51 479
96 52 261
96 53 349
96 54 402
96 55 468
96 56 354
96 57 437
96 58 304
96 59 439
96 60 383
96 61 297
96 62 281
96 63 373
96 64 432
96 65 290
96 66 281
96 67 401
96 68 467
96 69 410
96 70 475
96 71 389
96 72 380
96 73 467
96 74 311
96 75 492
96 76 302
96 77 311
96 78 362
96 79 351
96 80 491
96 81 367
96 82 363
96 83 448
96 84 493
96 85 415
96 86 366
96 87 431
96 88 425
96 89 367
96 90 451
96 91 453
96 92 438
96 93 400
96 94 280
96 95 394
96 97 449
96 98 254
96 99 290
97 1 410
97 2 316
97 3 320
97 4 443
97 5 356
97 6 269
97 7 307
97 8 407
97 9 493
97 10 399
97 11 366
97 12 414
97 13 408
97 14 386
97 15 435
97 16 263
97 17 306
97 18 406
97 19 443
97 20 337
97 21 286
97 22 307
97 23 490
97 24 266
97 25 353
97 26 315
97 27 250
97 28 448
97 29 390
97 30 275
97 31 287
97 32 290
97 33 332
97 34 398
97 35 432
97 36 274
97 37 298
97 38 473
97 39 498
97 40 360
97 41 352
97 42 345
97 43 469
97 44 372
97 45 431
97 46 312
97 47 498
97 48 324
97 49 440
97 50 308
97 51 285
97 52 328
97 53 262
97 54 259
97 55 453
97 56 266
97 57 365
97 58 262
97 59 296
97 60 310
97 61 372
97 62 321
97 63 449
97 64 386
97 65 255
97 66 415
97 67 346
97 68 387
97 69 286
97 70 427
97 71 354
97 72 498
97 73 490
97 74 380
97 75 312
97 76 406
97 77 467
97 78 318
97 79 415
97 80 480
97 81 392
97 82 294
97 83 415
97 84 410
97 85 328
97 86 462
97 87 269
97 88 354
97 89 395
97 90 432
97 91 444
97 92 397
97 93 483
97 94 356
97 95 390
97 96 449
97 98 282
97 99 296
98 1 347
98 2 499
98 3 362
98 4 432
98 5 466
98 6 330
98 7 402
98 8 366
98 9 364
98 10 415
98 11 326
98 12 420
98 13 311
98 14 267
98 15 485
98 16 257
98 17 366
98 18 288
98 19 316
98 20 289
98 21 348
98 22 390
98 23 266
98 24 295
98 25 421
98 26 486
98 27 369
98 28 469
98 29 311
98 30 443
98 31 318
98 32 493
98 33 285
98 34 293
98 35 272
98 36 375
98 37 394
98 38 273
98 39 496
98 40 461
98 41 467
98 42 294
98 43 408
98 44 302
98 45 293
98 46 341
98 47 353
98 48 432
98 49 301
98 50 314
98 51 380
98 52 310
98 53 418
98 54 316
98 55 484
98 56 431
98 57 375
98 58 450
98 59 356
98 60 494
98 61 404
98 62 497
98 63 324
98 64 287
98 65 313
98 66 482
98 67 366
98 68 414
98 69 333
98 70 271
98 71 499
98 72 337
98 73 360
98 74 281
98 75 375
98 76 408
98 77 337
98 78 349
98 79 405
98 80 458
98 81 410
98 82 481
98 83 355
98 84 373
98 85 479
98 86 436
98 87 487
98 88 393
98 89 494
98 90 355
98 91 272
98 92 420
98 93 263
98 94 360
98 95 408
98 96 254
98 97 282
98 99 254
1 t 309
2 t 424
3 t 257
4 t 369
5 t 441
6 t 455
7 t 493
8 t 493
9 t 325
10 t 320
11 t 257
12 t 332
13 t 468
14 t 491
15 t 439
16 t 351
17 t 480
18 t 464
19 t 495
20 t 415
21 t 308
22 t 455
23 t 255
24 t 370
25 t 274
26 t 473
27 t 379
28 t 423
29 t 360
30 t 278
31 t 328
32 t 402
33 t 280
34 t 352
35 t 296
36 t 454
37 t 252
38 t 431
39 t 360
40 t 293
41 t 297
42 t 259
43 t 307
44 t 495
45 t 471
46 t 439
47 t 284
48 t 278
49 t 279
50 t 498
51 t 342
52 t 400
53 t 320
54 t 370
55 t 383
56 t 464
57 t 312
58 t 368
59 t 324
60 t 391
61 t 250
62 t 294
63 t 429
64 t 262
65 t 384
66 t 394
67 t 258
68 t 288
69 t 320
70 t 261
71 t 420
72 t 435
73 t 448
74 t 378
75 t 399
76 t 300
77 t 458
78 t 306
79 t 384
80 t 318
81 t 373
82 t 497
83 t 358
84 t 332
85 t 323
86 t 431
87 t 369
88 t 267
89 t 414
90 t 376
91 t 483
92 t 275
93 t 256
94 t 288
95 t 420
96 t 290
97 t 296
98 t 254
