s 1 422
s 2 369
s 3 375
s 4 258
s 5 345
s 6 393
s 7 444
s 8 463
s 9 285
s 10 319
s 11 266
s 12 276
s 13 359
s 14 398
s 15 383
s 16 486
s 17 392
s 18 307
s 19 295
s 20 373
s 21 376
s 22 478
s 23 258
s 24 331
s 25 406
s 26 480
s 27 459
s 28 349
s 29 462
s 30 406
s 31 307
s 32 335
s 33 260
s 34 301
s 35 338
s 36 299
s 37 406
s 38 482
s 39 346
s 40 311
s 41 482
s 42 331
s 43 278
s 44 251
s 45 378
s 46 387
s 47 444
s 48 420
s 49 324
s 50 462
s 51 357
s 52 350
s 53 457
s 54 441
s 55 423
s 56 426
s 57 313
s 58 483
s 59 382
s 60 460
s 61 484
s 62 408
s 63 325
s 64 309
s 65 304
s 66 405
s 67 268
s 68 332
s 69 482
s 70 333
s 71 428
s 72 317
s 73 456
s 74 471
s 75 322
s 76 429
s 77 492
s 78 459
s 79 390
s 80 361
s 81 336
s 82 263
s 83 328
s 84 350
s 85 494
s 86 278
s 87 410
s 88 298
s 89 317
s 90 366
s 91 251
s 92 415
s 93 408
s 94 475
s 95 275
s 96 349
s 97 303
s 98 485
s 99 416
1 2 389
1 3 395
1 4 324
1 5 435
1 6 333
1 7 299
1 8 483
1 9 279
1 10 345
1 11 439
1 12 473
1 13 438
1 14 469
1 15 480
1 16 405
1 17 338
1 18 398
1 19 378
1 20 336
1 21 486
1 22 419
1 23 421
1 24 464
1 25 275
1 26 280
1 27 263
1 28 468
1 29 459
1 30 387
1 31 453
1 32 404
1 33 448
1 34 424
1 35 355
1 36 474
1 37 483
1 38 304
1 39 500
1 40 378
1 41 353
1 42 286
1 43 377
1 44 374
1 45 255
1 46 287
1 47 342
1 48 464
1 49 490
1 50 445
1 51 365
1 52 369
1 53 436
1 54 270
1 55 259
1 56 415
1 57 368
1 58 282
1 59 365
1 60 310
1 61 284
1 62 265
1 63 381
1 64 412
1 65 315
1 66 295
1 67 261
1 68 385
1 69 394
1 70 436
1 71 377
1 72 436
1 73 276
1 74 369
1 75 498
1 76 319
1 77 328
1 78 263
1 79 388
1 80 319
1 81 296
1 82 277
1 83 281
1 84 277
1 85 413
1 86 435
1 87 359
1 88 481
1 89 300
1 90 311
1 91 467
1 92 498
1 93 451
1 94 368
1 95 361
1 96 493
1 97 265
1 98 333
1 99 284
2 1 389
2 3 275
2 4 306
2 5 274
2 6 471
2 7 345
2 8 393
2 9 388
2 10 479
2 11 461
2 12 428
2 13 435
2 14 395
2 15 316
2 16 315
2 17 482
2 18 405
2 19 384
2 20 364
2 21 434
2 22 403
2 23 354
2 24 384
2 25 312
2 26 320
2 27 366
2 28 297
2 29 274
2 30 395
2 31 297
2 32 437
2 33 334
2 34 313
2 35 485
2 36 409
2 37 340
2 38 297
2 39 348
2 40 452
2 41 253
2 42 352
2 43 492
2 44 488
2 45 455
2 46 430
2 47 383
2 48 277
2 49 264
2 50 417
2 51 258
2 52 323
2 53 301
2 54 412
2 55 285
2 56 492
2 57 378
2 58 480
2 59 319
2 60 420
2 61 490
2 62 450
2 63 282
2 64 479
2 65 305
2 66 313
2 67 320
2 68 404
2 69 418
2 70 450
2 71 472
2 72 269
2 73 401
2 74 468
2 75 295
2 76 474
2 77 299
2 78 474
2 79 382
2 80 350
2 81 327
2 82 399
2 83 417
2 84 402
2 85 432
2 86 434
2 87 323
2 88 364
2 89 399
2 90 332
2 91 420
2 92 373
2 93 394
2 94 386
2 95 376
2 96 495
2 97 479
2 98 480
2 99 252
3 1 395
3 2 275
3 4 470
3 5 285
3 6 491
3 7 392
3 8 494
3 9 270
3 10 369
3 11 290
3 12 402
3 13 298
3 14 390
3 15 500
3 16 471
3 17 416
3 18 393
3 19 294
3 20 399
3 21 399
3 22 392
3 23 306
3 24 445
3 25 377
3 26 272
3 27 256
3 28 406
3 29 394
3 30 291
3 31 399
3 32 396
3 33 500
3 34 498
3 35 322
3 36 370
3 37 278
3 38 314
3 39 493
3 40 365
3 41 465
3 42 450
3 43 252
3 44 283
3 45 424
3 46 484
3 47 476
3 48 433
3 49 352
3 50 407
3 51 480
3 52 299
3 53 360
3 54 320
3 55 291
3 56 487
3 57 406
3 58 379
3 59 315
3 60 270
3 61 293
3 62 380
3 63 274
3 64 266
3 65 369
3 66 469
3 67 402
3 68 272
3 69 430
3 70 433
3 71 255
3 72 367
3 73 403
3 74 398
3 75 329
3 76 297
3 77 269
3 78 294
3 79 367
3 80 483
3 81 434
3 82 391
3 83 472
3 84 254
3 85 435
3 86 388
3 87 467
3 88 382
3 89 438
3 90 440
3 91 281
3 92 455
3 93 356
3 94 282
3 95 364
3 96 437
3 97 396
3 98 373
3 99 293
4 1 324
4 2 306
4 3 470
4 5 393
4 6 495
4 7 355
4 8 351
4 9 334
4 10 271
4 11 362
4 12 285
4 13 373
4 14 351
4 15 335
4 16 430
4 17 289
4 18 439
4 19 420
4 20 444
4 21 276
4 22 301
4 23 366
4 24 394
4 25 334
4 26 481
4 27 495
4 28 253
4 29 346
4 30 478
4 31 297
4 32 471
4 33 275
4 34 408
4 35 281
4 36 305
4 37 345
4 38 496
4 39 387
4 40 361
4 41 320
4 42 250
4 43 278
4 44 386
4 45 260
4 46 354
4 47 256
4 48 448
4 49 426
4 50 312
4 51 299
4 52 408
4 53 408
4 54 316
4 55 384
4 56 289
4 57 299
4 58 380
4 59 324
4 60 314
4 61 330
4 62 483
4 63 402
4 64 339
4 65 366
4 66 371
4 67 457
4 68 280
4 69 326
4 70 405
4 71 333
4 72 455
4 73 407
4 74 498
4 75 355
4 76 306
4 77 436
4 78 378
4 79 341
4 80 490
4 81 479
4 82 462
4 83 419
4 84 455
4 85 416
4 86 294
4 87 446
4 88 384
4 89 414
4 90 474
4 91 409
4 92 377
4 93 378
4 94 272
4 95 400
4 96 384
4 97 332
4 98 370
4 99 342
5 1 435
5 2 274
5 3 285
5 4 393
5 6 494
5 7 487
5 8 276
5 9 319
5 10 389
5 11 492
5 12 309
5 13 283
5 14 380
5 15 265
5 16 451
5 17 352
5 18 444
5 19 290
5 20 417
5 21 471
5 22 321
5 23 353
5 24 444
5 25 354
5 26 445
5 27 300
5 28 463
5 29 331
5 30 403
5 31 259
5 32 354
5 33 407
5 34 419
5 35 258
5 36 427
5 37 498
5 38 372
5 39 480
5 40 332
5 41 256
5 42 403
5 43 492
5 44 412
5 45 286
5 46 432
5 47 299
5 48 414
5 49 402
5 50 350
5 51 455
5 52 402
5 53 306
5 54 284
5 55 491
5 56 393
5 57 341
5 58 315
5 59 427
5 60 272
5 61 398
5 62 394
5 63 305
5 64 414
5 65 341
5 66 491
5 67 304
5 68 476
5 69 359
5 70 324
5 71 420
5 72 373
5 73 487
5 74 480
5 75 464
5 76 416
5 77 409
5 78 326
5 79 263
5 80 381
5 81 489
5 82 309
5 83 443
5 84 355
5 85 321
5 86 332
5 87 388
5 88 496
5 89 347
5 90 319
5 91 473
5 92 252
5 93 404
5 94 374
5 95 294
5 96 385
5 97 315
5 98 402
5 99 276
6 1 333
6 2 471
6 3 491
6 4 495
6 5 494
6 7 437
6 8 388
6 9 463
6 10 465
6 11 275
6 12 333
6 13 463
6 14 277
6 15 350
6 16 444
6 17 342
6 18 255
6 19 267
6 20 362
6 21 265
6 22 359
6 23 473
6 24 439
6 25 401
6 26 271
6 27 481
6 28 446
6 29 464
6 30 375
6 31 440
6 32 335
6 33 268
6 34 459
6 35 439
6 36 278
6 37 323
6 38 310
6 39 264
6 40 415
6 41 254
6 42 441
6 43 421
6 44 441
6 45 280
6 46 454
6 47 483
6 48 414
6 49 463
6 50 375
6 51 384
6 52 376
6 53 367
6 54 398
6 55 329
6 56 297
6 57 449
6 58 471
6 59 258
6 60 364
6 61 342
6 62 436
6 63 342
6 64 307
6 65 473
6 66 472
6 67 421
6 68 442
6 69 368
6 70 344
6 71 403
6 72 251
6 73 425
6 74 392
6 75 349
6 76 473
6 77 330
6 78 361
6 79 347
6 80 258
6 81 427
6 82 375
6 83 352
6 84 352
6 85 443
6 86 484
6 87 331
6 88 469
6 89 354
6 90 251
6 91 372
6 92 320
6 93 342
6 94 300
6 95 276
6 96 315
6 97 373
6 98 269
6 99 435
7 1 299
7 2 345
7 3 392
7 4 355
7 5 487
7 6 437
7 8 391
7 9 429
7 10 281
7 11 270
7 12 365
7 13 296
7 14 369
7 15 412
7 16 400
7 17 298
7 18 268
7 19 421
7 20 324
7 21 429
7 22 312
7 23 342
7 24 366
7 25 427
7 26 479
7 27 427
7 28 331
7 29 274
7 30 311
7 31 373
7 32 284
7 33 342
7 34 250
7 35 369
7 36 445
7 37 302
7 38 389
7 39 455
7 40 291
7 41 354
7 42 326
7 43 353
7 44 329
7 45 455
7 46 253
7 47 386
7 48 335
7 49 379
7 50 319
7 51 267
7 52 435
7 53 358
7 54 287
7 55 310
7 56 364
7 57 420
7 58 346
7 59 365
7 60 465
7 61 443
7 62 429
7 63 328
7 64 297
7 65 479
7 66 430
7 67 415
7 68 296
7 69 329
7 70 282
7 71 331
7 72 462
7 73 455
7 74 493
7 75 498
7 76 334
7 77 391
7 78 407
7 79 337
7 80 472
7 81 303
7 82 356
7 83 276
7 84 255
7 85 417
7 86 419
7 87 436
7 88 264
7 89 302
7 90 429
7 91 369
7 92 267
7 93 449
7 94 463
7 95 320
7 96 404
7 97 460
7 98 250
7 99 330
8 1 483
8 2 393
8 3 494
8 4 351
8 5 276
8 6 388
8 7 391
8 9 484
8 10 488
8 11 457
8 12 252
8 13 496
8 14 400
8 15 430
8 16 327
8 17 346
8 18 479
8 19 270
8 20 463
8 21 485
8 22 272
8 23 304
8 24 284
8 25 318
8 26 466
8 27 476
8 28 439
8 29 381
8 30 370
8 31 309
8 32 491
8 33 468
8 34 433
8 35 441
8 36 323
8 37 454
8 38 460
8 39 433
8 40 478
8 41 399
8 42 325
8 43 270
8 44 491
8 45 488
8 46 463
8 47 279
8 48 422
8 49 329
8 50 442
8 51 492
8 52 351
8 53 430
8 54 326
8 55 461
8 56 372
8 57 327
8 58 383
8 59 439
8 60 275
8 61 458
8 62 394
8 63 351
8 64 329
8 65 480
8 66 274
8 67 253
8 68 391
8 69 453
8 70 478
8 71 412
8 72 261
8 73 327
8 74 274
8 75 444
8 76 407
8 77 430
8 78 321
8 79 353
8 80 356
8 81 490
8 82 454
8 83 432
8 84 354
8 85 407
8 86 303
8 87 272
8 88 475
8 89 436
8 90 333
8 91 275
8 92 346
8 93 413
8 94 389
8 95 316
8 96 291
8 97 345
8 98 389
8 99 306
9 1 279
9 2 388
9 3 270
9 4 334
9 5 319
9 6 463
9 7 429
9 8 484
9 10 470
9 11 360
9 12 482
9 13 486
9 14 468
9 15 371
9 16 416
9 17 274
9 18 420
9 19 476
9 20 411
9 21 416
9 22 447
9 23 396
9 24 290
9 25 260
9 26 315
9 27 349
9 28 350
9 29 467
9 30 294
9 31 381
9 32 486
9 33 334
9 34 458
9 35 436
9 36 499
9 37 300
9 38 474
9 39 393
9 40 441
9 41 467
9 42 328
9 43 288
9 44 326
9 45 350
9 46 267
9 47 406
9 48 417
9 49 327
9 50 314
9 51 429
9 52 401
9 53 275
9 54 428
9 55 436
9 56 308
9 57 380
9 58 279
9 59 451
9 60 413
9 61 362
9 62 271
9 63 388
9 64 333
9 65 320
9 66 475
9 67 409
9 68 328
9 69 288
9 70 399
9 71 301
9 72 489
9 73 407
9 74 373
9 75 469
9 76 377
9 77 430
9 78 254
9 79 302
9 80 255
9 81 319
9 82 253
9 83 346
9 84 384
9 85 423
9 86 256
9 87 452
9 88 287
9 89 299
9 90 250
9 91 469
9 92 337
9 93 395
9 94 368
9 95 375
9 96 453
9 97 338
9 98 298
9 99 389
10 1 345
10 2 479
10 3 369
10 4 271
10 5 389
10 6 465
10 7 281
10 8 488
10 9 470
10 11 288
10 12 298
10 13 432
10 14 311
10 15 420
10 16 369
10 17 260
10 18 319
10 19 443
10 20 346
10 21 416
10 22 422
10 23 487
10 24 430
10 25 443
10 26 310
10 27 332
10 28 411
10 29 490
10 30 292
10 31 408
10 32 473
10 33 311
10 34 428
10 35 313
10 36 272
10 37 401
10 38 427
10 39 316
10 40 451
10 41 472
10 42 458
10 43 488
10 44 384
10 45 488
10 46 269
10 47 377
10 48 325
10 49 463
10 50 392
10 51 375
10 52 489
10 53 435
10 54 436
10 55 485
10 56 355
10 57 499
10 58 375
10 59 407
10 60 479
10 61 280
10 62 470
10 63 287
10 64 390
10 65 405
10 66 299
10 67 385
10 68 462
10 69 372
10 70 381
10 71 352
10 72 300
10 73 293
10 74 396
10 75 469
10 76 284
10 77 302
10 78 350
10 79 477
10 80 300
10 81 377
10 82 418
10 83 373
10 84 425
10 85 304
10 86 295
10 87 292
10 88 420
10 89 342
10 90 496
10 91 439
10 92 474
10 93 383
10 94 412
10 95 392
10 96 393
10 97 292
10 98 282
10 99 412
11 1 439
11 2 461
11 3 290
11 4 362
11 5 492
11 6 275
11 7 270
11 8 457
11 9 360
11 10 288
11 12 371
11 13 363
11 14 439
11 15 361
11 16 374
11 17 431
11 18 346
11 19 294
11 20 379
11 21 365
11 22 455
11 23 392
11 24 418
11 25 384
11 26 436
11 27 279
11 28 275
11 29 479
11 30 470
11 31 373
11 32 374
11 33 497
11 34 316
11 35 276
11 36 260
11 37 344
11 38 467
11 39 385
11 40 483
11 41 431
11 42 388
11 43 483
11 44 303
11 45 414
11 46 443
11 47 251
11 48 272
11 49 435
11 50 416
11 51 353
11 52 285
11 53 470
11 54 424
11 55 417
11 56 417
11 57 271
11 58 442
11 59 291
11 60 428
11 61 488
11 62 261
11 63 355
11 64 301
11 65 323
11 66 316
11 67 259
11 68 382
11 69 448
11 70 485
11 71 360
11 72 426
11 73 459
11 74 411
11 75 463
11 76 409
11 77 278
11 78 493
11 79 379
11 80 489
11 81 483
11 82 416
11 83 461
11 84 327
11 85 374
11 86 500
11 87 392
11 88 314
11 89 481
11 90 430
11 91 394
11 92 353
11 93 310
11 94 402
11 95 303
11 96 335
11 97 309
11 98 318
11 99 409
12 1 473
12 2 428
12 3 402
12 4 285
12 5 309
12 6 333
12 7 365
12 8 252
12 9 482
12 10 298
12 11 371
12 13 320
12 14 417
12 15 349
12 16 374
12 17 408
12 18 481
12 19 277
12 20 436
12 21 491
12 22 424
12 23 420
12 24 459
12 25 323
12 26 405
12 27 451
12 28 358
12 29 326
12 30 329
12 31 458
12 32 430
12 33 436
12 34 331
12 35 420
12 36 434
12 37 494
12 38 382
12 39 463
12 40 415
12 41 442
12 42 358
12 43 290
12 44 380
12 45 447
12 46 293
12 47 450
12 48 305
12 49 292
12 50 384
12 51 413
12 52 396
12 53 284
12 54 339
12 55 415
12 56 387
12 57 252
12 58 382
12 59 286
12 60 260
12 61 337
12 62 269
12 63 378
12 64 377
12 65 391
12 66 401
12 67 343
12 68 484
12 69 330
12 70 297
12 71 365
12 72 496
12 73 428
12 74 351
12 75 261
12 76 381
12 77 331
12 78 281
12 79 365
12 80 453
12 81 254
12 82 353
12 83 421
12 84 284
12 85 292
12 86 450
12 87 252
12 88 327
12 89 284
12 90 296
12 91 379
12 92 489
12 93 323
12 94 259
12 95 462
12 96 374
12 97 353
12 98 429
12 99 425
13 1 438
13 2 435
13 3 298
13 4 373
13 5 283
13 6 463
13 7 296
13 8 496
13 9 486
13 10 432
13 11 363
13 12 320
13 14 347
13 15 399
13 16 348
13 17 334
13 18 366
13 19 340
13 20 307
13 21 462
13 22 482
13 23 418
13 24 436
13 25 366
13 26 333
13 27 262
13 28 455
13 29 332
13 30 385
13 31 350
13 32 493
13 33 429
13 34 395
13 35 420
13 36 254
13 37 427
13 38 406
13 39 402
13 40 339
13 41 281
13 42 292
13 43 485
13 44 250
13 45 448
13 46 351
13 47 398
13 48 423
13 49 253
13 50 283
13 51 462
13 52 489
13 53 459
13 54 320
13 55 251
13 56 447
13 57 360
13 58 407
13 59 305
13 60 436
13 61 298
13 62 451
13 63 414
13 64 356
13 65 274
13 66 476
13 67 338
13 68 389
13 69 273
13 70 493
13 71 281
13 72 257
13 73 472
13 74 334
13 75 274
13 76 399
13 77 288
13 78 414
13 79 400
13 80 447
13 81 288
13 82 435
13 83 379
13 84 349
13 85 454
13 86 323
13 87 388
13 88 347
13 89 297
13 90 373
13 91 277
13 92 337
13 93 491
13 94 386
13 95 406
13 96 307
13 97 459
13 98 275
13 99 250
14 1 469
14 2 395
14 3 390
14 4 351
14 5 380
14 6 277
14 7 369
14 8 400
14 9 468
14 10 311
14 11 439
14 12 417
14 13 347
14 15 270
14 16 403
14 17 353
14 18 455
14 19 364
14 20 286
14 21 432
14 22 409
14 23 467
14 24 294
14 25 263
14 26 391
14 27 493
14 28 336
14 29 496
14 30 354
14 31 318
14 32 393
14 33 465
14 34 345
14 35 351
14 36 386
14 37 274
14 38 316
14 39 379
14 40 429
14 41 499
14 42 406
14 43 275
14 44 255
14 45 495
14 46 483
14 47 286
14 48 272
14 49 493
14 50 462
14 51 434
14 52 401
14 53 254
14 54 485
14 55 267
14 56 310
14 57 252
14 58 288
14 59 300
14 60 443
14 61 328
14 62 370
14 63 288
14 64 406
14 65 451
14 66 435
14 67 380
14 68 462
14 69 489
14 70 404
14 71 486
14 72 453
14 73 420
14 74 465
14 75 308
14 76 415
14 77 429
14 78 343
14 79 434
14 80 432
14 81 271
14 82 345
14 83 467
14 84 401
14 85 393
14 86 447
14 87 445
14 88 282
14 89 251
14 90 476
14 91 281
14 92 289
14 93 378
14 94 367
14 95 442
14 96 392
14 97 277
14 98 443
14 99 420
15 1 480
15 2 316
15 3 500
15 4 335
15 5 265
15 6 350
15 7 412
15 8 430
15 9 371
15 10 420
15 11 361
15 12 349
15 13 399
15 14 270
15 16 416
15 17 257
15 18 422
15 19 257
15 20 387
15 21 305
15 22 377
15 23 286
15 24 376
15 25 321
15 26 476
15 27 471
15 28 486
15 29 433
15 30 298
15 31 308
15 32 259
15 33 401
15 34 430
15 35 384
15 36 394
15 37 468
15 38 379
15 39 436
15 40 460
15 41 253
15 42 275
15 43 347
15 44 434
15 45 271
15 46 500
15 47 351
15 48 268
15 49 500
15 50 357
15 51 334
15 52 270
15 53 405
15 54 401
15 55 495
15 56 405
15 57 313
15 58 374
15 59 344
15 60 461
15 61 258
15 62 250
15 63 295
15 64 388
15 65 387
15 66 450
15 67 318
15 68 405
15 69 323
15 70 312
15 71 450
15 72 342
15 73 455
15 74 309
15 75 390
15 76 276
15 77 298
15 78 432
15 79 311
15 80 495
15 81 347
15 82 324
15 83 400
15 84 353
15 85 358
15 86 436
15 87 325
15 88 489
15 89 293
15 90 442
15 91 286
15 92 394
15 93 298
15 94 349
15 95 467
15 96 352
15 97 272
15 98 439
15 99 488
16 1 405
16 2 315
16 3 471
16 4 430
16 5 451
16 6 444
16 7 400
16 8 327
16 9 416
16 10 369
16 11 374
16 12 374
16 13 348
16 14 403
16 15 416
16 17 337
16 18 456
16 19 422
16 20 310
16 21 498
16 22 286
16 23 350
16 24 423
16 25 467
16 26 297
16 27 490
16 28 357
16 29 255
16 30 325
16 31 435
16 32 329
16 33 467
16 34 467
16 35 446
16 36 467
16 37 493
16 38 389
16 39 458
16 40 451
16 41 442
16 42 278
16 43 302
16 44 324
16 45 408
16 46 482
16 47 373
16 48 491
16 49 355
16 50 346
16 51 336
16 52 483
16 53 471
16 54 415
16 55 425
16 56 486
16 57 302
16 58 272
16 59 423
16 60 253
16 61 360
16 62 456
16 63 286
16 64 397
16 65 280
16 66 400
16 67 490
16 68 462
16 69 492
16 70 302
16 71 414
16 72 456
16 73 480
16 74 277
16 75 432
16 76 444
16 77 403
16 78 480
16 79 311
16 80 318
16 81 314
16 82 497
16 83 426
16 84 432
16 85 451
16 86 482
16 87 264
16 88 491
16 89 373
16 90 434
16 91 252
16 92 337
16 93 463
16 94 379
16 95 309
16 96 340
16 97 445
16 98 421
16 99 353
17 1 338
17 2 482
17 3 416
17 4 289
17 5 352
17 6 342
17 7 298
17 8 346
17 9 274
17 10 260
17 11 431
17 12 408
17 13 334
17 14 353
17 15 257
17 16 337
17 18 276
17 19 250
17 20 486
17 21 428
17 22 475
17 23 326
17 24 465
17 25 404
17 26 335
17 27 370
17 28 498
17 29 467
17 30 389
17 31 496
17 32 299
17 33 321
17 34 257
17 35 376
17 36 311
17 37 323
17 38 374
17 39 288
17 40 290
17 41 454
17 42 250
17 43 304
17 44 457
17 45 419
17 46 464
17 47 291
17 48 308
17 49 352
17 50 402
17 51 438
17 52 321
17 53 355
17 54 414
17 55 345
17 56 401
17 57 294
17 58 472
17 59 286
17 60 483
17 61 313
17 62 269
17 63 455
17 64 273
17 65 291
17 66 291
17 67 312
17 68 407
17 69 403
17 70 384
17 71 257
17 72 260
17 73 462
17 74 363
17 75 290
17 76 391
17 77 319
17 78 421
17 79 314
17 80 302
17 81 498
17 82 283
17 83 362
17 84 353
17 85 344
17 86 452
17 87 485
17 88 473
17 89 454
17 90 431
17 91 417
17 92 284
17 93 338
17 94 457
17 95 302
17 96 370
17 97 257
17 98 444
17 99 408
18 1 398
18 2 405
18 3 393
18 4 439
18 5 444
18 6 255
18 7 268
18 8 479
18 9 420
18 10 319
18 11 346
18 12 481
18 13 366
18 14 455
18 15 422
18 16 456
18 17 276
18 19 490
18 20 395
18 21 468
18 22 341
18 23 386
18 24 449
18 25 334
18 26 332
18 27 463
18 28 392
18 29 412
18 30 314
18 31 284
18 32 321
18 33 420
18 34 318
18 35 459
18 36 341
18 37 357
18 38 435
18 39 468
18 40 275
18 41 465
18 42 307
18 43 267
18 44 352
18 45 469
18 46 284
18 47 444
18 48 481
18 49 390
18 50 255
18 51 272
18 52 274
18 53 349
18 54 375
18 55 471
18 56 374
18 57 284
18 58 322
18 59 330
18 60 407
18 61 489
18 62 334
18 63 322
18 64 319
18 65 469
18 66 458
18 67 367
18 68 489
18 69 483
18 70 362
18 71 438
18 72 442
18 73 359
18 74 313
18 75 341
18 76 491
18 77 254
18 78 362
18 79 367
18 80 448
18 81 304
18 82 320
18 83 314
18 84 334
18 85 269
18 86 443
18 87 396
18 88 441
18 89 426
18 90 493
18 91 462
18 92 378
18 93 478
18 94 385
18 95 441
18 96 497
18 97 270
18 98 262
18 99 451
19 1 378
19 2 384
19 3 294
19 4 420
19 5 290
19 6 267
19 7 421
19 8 270
19 9 476
19 10 443
19 11 294
19 12 277
19 13 340
19 14 364
19 15 257
19 16 422
19 17 250
19 18 490
19 20 316
19 21 346
19 22 309
19 23 413
19 24 390
19 25 482
19 26 274
19 27 357
19 28 268
19 29 341
19 30 465
19 31 496
19 32 364
19 33 262
19 34 274
19 35 253
19 36 467
19 37 432
19 38 392
19 39 371
19 40 366
19 41 365
19 42 476
19 43 438
19 44 315
19 45 432
19 46 330
19 47 366
19 48 456
19 49 255
19 50 366
19 51 353
19 52 483
19 53 440
19 54 304
19 55 412
19 56 265
19 57 368
19 58 273
19 59 424
19 60 349
19 61 427
19 62 423
19 63 469
19 64 477
19 65 368
19 66 281
19 67 372
19 68 460
19 69 404
19 70 336
19 71 469
19 72 318
19 73 366
19 74 438
19 75 442
19 76 419
19 77 460
19 78 253
19 79 461
19 80 277
19 81 463
19 82 287
19 83 385
19 84 362
19 85 274
19 86 395
19 87 271
19 88 454
19 89 302
19 90 373
19 91 393
19 92 407
19 93 342
19 94 331
19 95 288
19 96 429
19 97 484
19 98 368
19 99 403
20 1 336
20 2 364
20 3 399
20 4 444
20 5 417
20 6 362
20 7 324
20 8 463
20 9 411
20 10 346
20 11 379
20 12 436
20 13 307
20 14 286
20 15 387
20 16 310
20 17 486
20 18 395
20 19 316
20 21 453
20 22 299
20 23 456
20 24 418
20 25 352
20 26 467
20 27 293
20 28 379
20 29 441
20 30 391
20 31 415
20 32 480
20 33 460
20 34 302
20 35 306
20 36 270
20 37 302
20 38 446
20 39 309
20 40 487
20 41 358
20 42 440
20 43 497
20 44 336
20 45 401
20 46 327
20 47 474
20 48 296
20 49 340
20 50 452
20 51 428
20 52 485
20 53 462
20 54 469
20 55 273
20 56 437
20 57 459
20 58 373
20 59 350
20 60 492
20 61 465
20 62 325
20 63 273
20 64 287
20 65 262
20 66 387
20 67 345
20 68 339
20 69 354
20 70 313
20 71 488
20 72 496
20 73 261
20 74 300
20 75 400
20 76 311
20 77 314
20 78 426
20 79 284
20 80 443
20 81 398
20 82 396
20 83 390
20 84 433
20 85 456
20 86 481
20 87 430
20 88 308
20 89 477
20 90 459
20 91 432
20 92 491
20 93 367
20 94 453
20 95 256
20 96 455
20 97 410
20 98 406
20 99 285
21 1 486
21 2 434
21 3 399
21 4 276
21 5 471
21 6 265
21 7 429
21 8 485
21 9 416
21 10 416
21 11 365
21 12 491
21 13 462
21 14 432
21 15 305
21 16 498
21 17 428
21 18 468
21 19 346
21 20 453
21 22 319
21 23 297
21 24 467
21 25 317
21 26 266
21 27 356
21 28 493
21 29 286
21 30 375
21 31 308
21 32 327
21 33 387
21 34 381
21 35 315
21 36 355
21 37 451
21 38 327
21 39 310
21 40 294
21 41 302
21 42 442
21 43 495
21 44 286
21 45 289
21 46 340
21 47 451
21 48 376
21 49 359
21 50 306
21 51 472
21 52 440
21 53 478
21 54 325
21 55 273
21 56 280
21 57 467
21 58 279
21 59 372
21 60 489
21 61 473
21 62 379
21 63 471
21 64 438
21 65 420
21 66 286
21 67 413
21 68 404
21 69 270
21 70 297
21 71 297
21 72 343
21 73 492
21 74 428
21 75 433
21 76 430
21 77 496
21 78 403
21 79 250
21 80 401
21 81 322
21 82 294
21 83 471
21 84 333
21 85 447
21 86 270
21 87 316
21 88 274
21 89 432
21 90 320
21 91 433
21 92 261
21 93 493
21 94 395
21 95 459
21 96 292
21 97 483
21 98 259
21 99 382
22 1 419
22 2 403
22 3 392
22 4 301
22 5 321
22 6 359
22 7 312
22 8 272
22 9 447
22 10 422
22 11 455
22 12 424
22 13 482
22 14 409
22 15 377
22 16 286
22 17 475
22 18 341
22 19 309
22 20 299
22 21 319
22 23 431
22 24 374
22 25 329
22 26 350
22 27 256
22 28 293
22 29 265
22 30 426
22 31 500
22 32 265
22 33 290
22 34 320
22 35 387
22 36 349
22 37 382
22 38 470
22 39 493
22 40 397
22 41 397
22 42 451
22 43 432
22 44 254
22 45 278
22 46 313
22 47 480
22 48 494
22 49 413
22 50 452
22 51 367
22 52 393
22 53 459
22 54 308
22 55 357
22 56 267
22 57 306
22 58 473
22 59 297
22 60 459
22 61 274
22 62 384
22 63 459
22 64 358
22 65 379
22 66 451
22 67 317
22 68 499
22 69 262
22 70 398
22 71 380
22 72 442
22 73 360
22 74 366
22 75 381
22 76 370
22 77 447
22 78 440
22 79 293
22 80 339
22 81 424
22 82 484
22 83 360
22 84 498
22 85 361
22 86 302
22 87 489
22 88 366
22 89 271
22 90 364
22 91 319
22 92 264
22 93 292
22 94 414
22 95 296
22 96 369
22 97 292
22 98 311
22 99 364
23 1 421
23 2 354
23 3 306
23 4 366
23 5 353
23 6 473
23 7 342
23 8 304
23 9 396
23 10 487
23 11 392
23 12 420
23 13 418
23 14 467
23 15 286
23 16 350
23 17 326
23 18 386
23 19 413
23 20 456
23 21 297
23 22 431
23 24 355
23 25 382
23 26 415
23 27 481
23 28 355
23 29 313
23 30 471
23 31 486
23 32 456
23 33 458
23 34 464
23 35 320
23 36 254
23 37 280
23 38 390
23 39 325
23 40 332
23 41 331
23 42 451
23 43 442
23 44 409
23 45 427
23 46 395
23 47 493
23 48 361
23 49 320
23 50 428
23 51 279
23 52 403
23 53 282
23 54 444
23 55 301
23 56 427
23 57 377
23 58 456
23 59 417
23 60 306
23 61 406
23 62 335
23 63 279
23 64 275
23 65 280
23 66 278
23 67 474
23 68 409
23 69 437
23 70 337
23 71 440
23 72 434
23 73 313
23 74 449
23 75 393
23 76 355
23 77 474
23 78 451
23 79 252
23 80 313
23 81 448
23 82 422
23 83 312
23 84 446
23 85 415
23 86 381
23 87 284
23 88 285
23 89 310
23 90 486
23 91 282
23 92 444
23 93 365
23 94 326
23 95 260
23 96 467
23 97 354
23 98 477
23 99 416
24 1 464
24 2 384
24 3 445
24 4 394
24 5 444
24 6 439
24 7 366
24 8 284
24 9 290
24 10 430
24 11 418
24 12 459
24 13 436
24 14 294
24 15 376
24 16 423
24 17 465
24 18 449
24 19 390
24 20 418
24 21 467
24 22 374
24 23 355
24 25 370
24 26 275
24 27 465
24 28 267
24 29 354
24 30 331
24 31 484
24 32 343
24 33 468
24 34 253
24 35 272
24 36 373
24 37 419
24 38 474
24 39 433
24 40 267
24 41 382
24 42 385
24 43 422
24 44 354
24 45 275
24 46 439
24 47 263
24 48 363
24 49 371
24 50 348
24 51 382
24 52 471
24 53 260
24 54 400
24 55 379
24 56 428
24 57 495
24 58 254
24 59 413
24 60 459
24 61 385
24 62 362
24 63 357
24 64 319
24 65 310
24 66 416
24 67 489
24 68 400
24 69 278
24 70 433
24 71 360
24 72 280
24 73 442
24 74 383
24 75 285
24 76 314
24 77 423
24 78 482
24 79 320
24 80 464
24 81 310
24 82 321
24 83 415
24 84 356
24 85 452
24 86 384
24 87 253
24 88 270
24 89 302
24 90 338
24 91 465
24 92 387
24 93 254
24 94 263
24 95 439
24 96 351
24 97 304
24 98 265
24 99 435
25 1 275
25 2 312
25 3 377
25 4 334
25 5 354
25 6 401
25 7 427
25 8 318
25 9 260
25 10 443
25 11 384
25 12 323
25 13 366
25 14 263
25 15 321
25 16 467
25 17 404
25 18 334
25 19 482
25 20 352
25 21 317
25 22 329
25 23 382
25 24 370
25 26 397
25 27 270
25 28 391
25 29 467
25 30 339
25 31 499
25 32 359
25 33 363
25 34 440
25 35 294
25 36 479
25 37 428
25 38 314
25 39 465
25 40 464
25 41 362
25 42 488
25 43 499
25 44 340
25 45 414
25 46 341
25 47 430
25 48 478
25 49 272
25 50 469
25 51 274
25 52 270
25 53 461
25 54 315
25 55 390
25 56 390
25 57 360
25 58 296
25 59 273
25 60 383
25 61 436
25 62 393
25 63 416
25 64 328
25 65 399
25 66 269
25 67 473
25 68 320
25 69 478
25 70 376
25 71 428
25 72 406
25 73 348
25 74 315
25 75 491
25 76 393
25 77 461
25 78 449
25 79 307
25 80 396
25 81 439
25 82 360
25 83 444
25 84 353
25 85 402
25 86 374
25 87 498
25 88 330
25 89 425
25 90 376
25 91 425
25 92 487
25 93 411
25 94 457
25 95 421
25 96 442
25 97 473
25 98 274
25 99 498
26 1 280
26 2 320
26 3 272
26 4 481
26 5 445
26 6 271
26 7 479
26 8 466
26 9 315
26 10 310
26 11 436
26 12 405
26 13 333
26 14 391
26 15 476
26 16 297
26 17 335
26 18 332
26 19 274
26 20 467
26 21 266
26 22 350
26 23 415
26 24 275
26 25 397
26 27 329
26 28 482
26 29 491
26 30 494
26 31 499
26 32 255
26 33 333
26 34 369
26 35 415
26 36 314
26 37 255
26 38 475
26 39 472
26 40 429
26 41 284
26 42 342
26 43 458
26 44 481
26 45 463
26 46 315
26 47 285
26 48 331
26 49 341
26 50 376
26 51 445
26 52 336
26 53 400
26 54 295
26 55 423
26 56 396
26 57 494
26 58 418
26 59 499
26 60 415
26 61 494
26 62 334
26 63 405
26 64 289
26 65 470
26 66 396
26 67 492
26 68 350
26 69 339
26 70 440
26 71 495
26 72 282
26 73 461
26 74 471
26 75 290
26 76 334
26 77 317
26 78 411
26 79 435
26 80 432
26 81 415
26 82 390
26 83 459
26 84 428
26 85 439
26 86 457
26 87 327
26 88 418
26 89 357
26 90 251
26 91 287
26 92 367
26 93 279
26 94 305
26 95 421
26 96 313
26 97 401
26 98 445
26 99 272
27 1 263
27 2 366
27 3 256
27 4 495
27 5 300
27 6 481
27 7 427
27 8 476
27 9 349
27 10 332
27 11 279
27 12 451
27 13 262
27 14 493
27 15 471
27 16 490
27 17 370
27 18 463
27 19 357
27 20 293
27 21 356
27 22 256
27 23 481
27 24 465
27 25 270
27 26 329
27 28 320
27 29 422
27 30 361
27 31 275
27 32 471
27 33 250
27 34 425
27 35 308
27 36 321
27 37 350
27 38 360
27 39 338
27 40 353
27 41 390
27 42 317
27 43 472
27 44 362
27 45 371
27 46 298
27 47 290
27 48 412
27 49 474
27 50 419
27 51 323
27 52 407
27 53 418
27 54 380
27 55 490
27 56 488
27 57 444
27 58 394
27 59 260
27 60 496
27 61 340
27 62 464
27 63 421
27 64 298
27 65 460
27 66 487
27 67 494
27 68 265
27 69 262
27 70 474
27 71 404
27 72 401
27 73 401
27 74 473
27 75 323
27 76 477
27 77 312
27 78 414
27 79 419
27 80 293
27 81 483
27 82 476
27 83 401
27 84 334
27 85 325
27 86 410
27 87 391
27 88 449
27 89 387
27 90 425
27 91 424
27 92 472
27 93 380
27 94 398
27 95 429
27 96 382
27 97 481
27 98 274
27 99 463
28 1 468
28 2 297
28 3 406
28 4 253
28 5 463
28 6 446
28 7 331
28 8 439
28 9 350
28 10 411
28 11 275
28 12 358
28 13 455
28 14 336
28 15 486
28 16 357
28 17 498
28 18 392
28 19 268
28 20 379
28 21 493
28 22 293
28 23 355
28 24 267
28 25 391
28 26 482
28 27 320
28 29 371
28 30 386
28 31 390
28 32 372
28 33 358
28 34 328
28 35 268
28 36 316
28 37 316
28 38 322
28 39 341
28 40 285
28 41 375
28 42 433
28 43 378
28 44 477
28 45 253
28 46 434
28 47 310
28 48 351
28 49 398
28 50 337
28 51 412
28 52 369
28 53 263
28 54 465
28 55 267
28 56 298
28 57 438
28 58 464
28 59 376
28 60 486
28 61 404
28 62 434
28 63 408
28 64 478
28 65 255
28 66 423
28 67 434
28 68 419
28 69 313
28 70 331
28 71 307
28 72 259
28 73 256
28 74 483
28 75 342
28 76 360
28 77 467
28 78 297
28 79 386
28 80 292
28 81 423
28 82 371
28 83 469
28 84 335
28 85 500
28 86 280
28 87 299
28 88 474
28 89 450
28 90 334
28 91 431
28 92 468
28 93 480
28 94 491
28 95 434
28 96 463
28 97 343
28 98 452
28 99 431
29 1 459
29 2 274
29 3 394
29 4 346
29 5 331
29 6 464
29 7 274
29 8 381
29 9 467
29 10 490
29 11 479
29 12 326
29 13 332
29 14 496
29 15 433
29 16 255
29 17 467
29 18 412
29 19 341
29 20 441
29 21 286
29 22 265
29 23 313
29 24 354
29 25 467
29 26 491
29 27 422
29 28 371
29 30 492
29 31 499
29 32 458
29 33 430
29 34 383
29 35 397
29 36 356
29 37 254
29 38 431
29 39 344
29 40 426
29 41 345
29 42 430
29 43 298
29 44 271
29 45 469
29 46 378
29 47 460
29 48 497
29 49 302
29 50 302
29 51 394
29 52 466
29 53 489
29 54 390
29 55 421
29 56 470
29 57 415
29 58 435
29 59 476
29 60 288
29 61 325
29 62 341
29 63 476
29 64 435
29 65 493
29 66 444
29 67 349
29 68 272
29 69 431
29 70 425
29 71 353
29 72 262
29 73 317
29 74 430
29 75 259
29 76 315
29 77 274
29 78 430
29 79 473
29 80 369
29 81 258
29 82 442
29 83 293
29 84 439
29 85 392
29 86 419
29 87 488
29 88 255
29 89 260
29 90 335
29 91 444
29 92 437
29 93 423
29 94 373
29 95 490
29 96 442
29 97 413
29 98 359
29 99 314
30 1 387
30 2 395
30 3 291
30 4 478
30 5 403
30 6 375
30 7 311
30 8 370
30 9 294
30 10 292
30 11 470
30 12 329
30 13 385
30 14 354
30 15 298
30 16 325
30 17 389
30 18 314
30 19 465
30 20 391
30 21 375
30 22 426
30 23 471
30 24 331
30 25 339
30 26 494
30 27 361
30 28 386
30 29 492
30 31 303
30 32 472
30 33 285
30 34 275
30 35 453
30 36 495
30 37 264
30 38 449
30 39 468
30 40 442
30 41 254
30 42 461
30 43 374
30 44 339
30 45 292
30 46 499
30 47 403
30 48 307
30 49 272
30 50 284
30 51 362
30 52 371
30 53 257
30 54 284
30 55 466
30 56 361
30 57 423
30 58 312
30 59 477
30 60 417
30 61 381
30 62 343
30 63 257
30 64 467
30 65 423
30 66 327
30 67 422
30 68 478
30 69 274
30 70 400
30 71 428
30 72 264
30 73 450
30 74 349
30 75 278
30 76 304
30 77 379
30 78 251
30 79 326
30 80 333
30 81 448
30 82 423
30 83 414
30 84 420
30 85 494
30 86 296
30 87 258
30 88 458
30 89 265
30 90 488
30 91 364
30 92 278
30 93 340
30 94 299
30 95 459
30 96 255
30 97 273
30 98 395
30 99 328
31 1 453
31 2 297
31 3 399
31 4 297
31 5 259
31 6 440
31 7 373
31 8 309
31 9 381
31 10 408
31 11 373
31 12 458
31 13 350
31 14 318
31 15 308
31 16 435
31 17 496
31 18 284
31 19 496
31 20 415
31 21 308
31 22 500
31 23 486
31 24 484
31 25 499
31 26 499
31 27 275
31 28 390
31 29 499
31 30 303
31 32 354
31 33 452
31 34 496
31 35 331
31 36 422
31 37 340
31 38 442
31 39 443
31 40 445
31 41 497
31 42 284
31 43 491
31 44 464
31 45 406
31 46 312
31 47 448
31 48 420
31 49 425
31 50 387
31 51 261
31 52 278
31 53 436
31 54 314
31 55 274
31 56 398
31 57 305
31 58 345
31 59 462
31 60 385
31 61 396
31 62 374
31 63 261
31 64 305
31 65 436
31 66 470
31 67 445
31 68 260
31 69 372
31 70 461
31 71 482
31 72 285
31 73 435
31 74 253
31 75 484
31 76 424
31 77 338
31 78 303
31 79 287
31 80 411
31 81 464
31 82 272
31 83 321
31 84 451
31 85 452
31 86 256
31 87 294
31 88 499
31 89 325
31 90 253
31 91 358
31 92 266
31 93 500
31 94 433
31 95 297
31 96 380
31 97 268
31 98 271
31 99 313
32 1 404
32 2 437
32 3 396
32 4 471
32 5 354
32 6 335
32 7 284
32 8 491
32 9 486
32 10 473
32 11 374
32 12 430
32 13 493
32 14 393
32 15 259
32 16 329
32 17 299
32 18 321
32 19 364
32 20 480
32 21 327
32 22 265
32 23 456
32 24 343
32 25 359
32 26 255
32 27 471
32 28 372
32 29 458
32 30 472
32 31 354
32 33 385
32 34 458
32 35 301
32 36 367
32 37 453
32 38 354
32 39 475
32 40 500
32 41 493
32 42 287
32 43 357
32 44 499
32 45 383
32 46 474
32 47 499
32 48 301
32 49 255
32 50 428
32 51 422
32 52 259
32 53 413
32 54 266
32 55 366
32 56 468
32 57 460
32 58 430
32 59 320
32 60 258
32 61 361
32 62 322
32 63 456
32 64 276
32 65 256
32 66 495
32 67 348
32 68 489
32 69 254
32 70 478
32 71 293
32 72 460
32 73 452
32 74 478
32 75 307
32 76 466
32 77 378
32 78 397
32 79 374
32 80 459
32 81 356
32 82 410
32 83 432
32 84 463
32 85 300
32 86 451
32 87 313
32 88 408
32 89 407
32 90 356
32 91 334
32 92 445
32 93 477
32 94 351
32 95 306
32 96 387
32 97 335
32 98 343
32 99 482
33 1 448
33 2 334
33 3 500
33 4 275
33 5 407
33 6 268
33 7 342
33 8 468
33 9 334
33 10 311
33 11 497
33 12 436
33 13 429
33 14 465
33 15 401
33 16 467
33 17 321
33 18 420
33 19 262
33 20 460
33 21 387
33 22 290
33 23 458
33 24 468
33 25 363
33 26 333
33 27 250
33 28 358
33 29 430
33 30 285
33 31 452
33 32 385
33 34 293
33 35 410
33 36 365
33 37 452
33 38 432
33 39 449
33 40 363
33 41 461
33 42 496
33 43 391
33 44 449
33 45 362
33 46 295
33 47 483
33 48 394
33 49 390
33 50 482
33 51 342
33 52 413
33 53 386
33 54 392
33 55 358
33 56 343
33 57 348
33 58 442
33 59 340
33 60 337
33 61 255
33 62 441
33 63 372
33 64 495
33 65 278
33 66 456
33 67 487
33 68 399
33 69 334
33 70 444
33 71 433
33 72 443
33 73 296
33 74 414
33 75 377
33 76 268
33 77 369
33 78 480
33 79 495
33 80 395
33 81 301
33 82 407
33 83 412
33 84 424
33 85 281
33 86 322
33 87 299
33 88 492
33 89 493
33 90 408
33 91 486
33 92 474
33 93 469
33 94 334
33 95 431
33 96 482
33 97 289
33 98 294
33 99 449
34 1 424
34 2 313
34 3 498
34 4 408
34 5 419
34 6 459
34 7 250
34 8 433
34 9 458
34 10 428
34 11 316
34 12 331
34 13 395
34 14 345
34 15 430
34 16 467
34 17 257
34 18 318
34 19 274
34 20 302
34 21 381
34 22 320
34 23 464
34 24 253
34 25 440
34 26 369
34 27 425
34 28 328
34 29 383
34 30 275
34 31 496
34 32 458
34 33 293
34 35 338
34 36 279
34 37 454
34 38 377
34 39 442
34 40 495
34 41 380
34 42 258
34 43 374
34 44 378
34 45 360
34 46 354
34 47 445
34 48 442
34 49 291
34 50 351
34 51 256
34 52 334
34 53 358
34 54 347
34 55 483
34 56 464
34 57 499
34 58 372
34 59 431
34 60 269
34 61 430
34 62 482
34 63 430
34 64 364
34 65 479
34 66 456
34 67 330
34 68 448
34 69 346
34 70 446
34 71 489
34 72 450
34 73 500
34 74 350
34 75 395
34 76 347
34 77 382
34 78 286
34 79 444
34 80 271
34 81 441
34 82 362
34 83 384
34 84 475
34 85 301
34 86 367
34 87 491
34 88 350
34 89 451
34 90 302
34 91 322
34 92 500
34 93 368
34 94 297
34 95 366
34 96 323
34 97 364
34 98 336
34 99 387
35 1 355
35 2 485
35 3 322
35 4 281
35 5 258
35 6 439
35 7 369
35 8 441
35 9 436
35 10 313
35 11 276
35 12 420
35 13 420
35 14 351
35 15 384
35 16 446
35 17 376
35 18 459
35 19 253
35 20 306
35 21 315
35 22 387
35 23 320
35 24 272
35 25 294
35 26 415
35 27 308
35 28 268
35 29 397
35 30 453
35 31 331
35 32 301
35 33 410
35 34 338
35 36 391
35 37 290
35 38 394
35 39 409
35 40 353
35 41 479
35 42 335
35 43 481
35 44 459
35 45 322
35 46 272
35 47 393
35 48 470
35 49 318
35 50 486
35 51 375
35 52 373
35 53 314
35 54 322
35 55 377
35 56 283
35 57 310
35 58 310
35 59 334
35 60 468
35 61 307
35 62 436
35 63 393
35 64 353
35 65 294
35 66 381
35 67 475
35 68 301
35 69 282
35 70 462
35 71 280
35 72 324
35 73 315
35 74 484
35 75 362
35 76 319
35 77 437
35 78 494
35 79 352
35 80 382
35 81 458
35 82 392
35 83 482
35 84 497
35 85 448
35 86 286
35 87 316
35 88 419
35 89 446
35 90 339
35 91 493
35 92 447
35 93 449
35 94 310
35 95 381
35 96 317
35 97 469
35 98 310
35 99 471
36 1 474
36 2 409
36 3 370
36 4 305
36 5 427
36 6 278
36 7 445
36 8 323
36 9 499
36 10 272
36 11 260
36 12 434
36 13 254
36 14 386
36 15 394
36 16 467
36 17 311
36 18 341
36 19 467
36 20 270
36 21 355
36 22 349
36 23 254
36 24 373
36 25 479
36 26 314
36 27 321
36 28 316
36 29 356
36 30 495
36 31 422
36 32 367
36 33 365
36 34 279
36 35 391
36 37 389
36 38 442
36 39 446
36 40 467
36 41 372
36 42 287
36 43 409
36 44 402
36 45 442
36 46 500
36 47 363
36 48 455
36 49 354
36 50 309
36 51 449
36 52 396
36 53 348
36 54 466
36 55 301
36 56 448
36 57 359
36 58 269
36 59 256
36 60 398
36 61 270
36 62 471
36 63 292
36 64 409
36 65 472
36 66 476
36 67 369
36 68 289
36 69 395
36 70 304
36 71 398
36 72 294
36 73 454
36 74 484
36 75 466
36 76 366
36 77 434
36 78 490
36 79 427
36 80 282
36 81 409
36 82 290
36 83 405
36 84 341
36 85 373
36 86 337
36 87 286
36 88 406
36 89 414
36 90 422
36 91 420
36 92 480
36 93 473
36 94 443
36 95 363
36 96 276
36 97 351
36 98 320
36 99 284
37 1 483
37 2 340
37 3 278
37 4 345
37 5 498
37 6 323
37 7 302
37 8 454
37 9 300
37 10 401
37 11 344
37 12 494
37 13 427
37 14 274
37 15 468
37 16 493
37 17 323
37 18 357
37 19 432
37 20 302
37 21 451
37 22 382
37 23 280
37 24 419
37 25 428
37 26 255
37 27 350
37 28 316
37 29 254
37 30 264
37 31 340
37 32 453
37 33 452
37 34 454
37 35 290
37 36 389
37 38 359
37 39 458
37 40 361
37 41 296
37 42 386
37 43 305
37 44 493
37 45 407
37 46 361
37 47 286
37 48 356
37 49 371
37 50 487
37 51 374
37 52 445
37 53 485
37 54 405
37 55 414
37 56 453
37 57 345
37 58 372
37 59 424
37 60 481
37 61 256
37 62 286
37 63 276
37 64 405
37 65 384
37 66 446
37 67 310
37 68 362
37 69 419
37 70 414
37 71 331
37 72 482
37 73 417
37 74 396
37 75 438
37 76 331
37 77 318
37 78 434
37 79 482
37 80 259
37 81 452
37 82 268
37 83 413
37 84 375
37 85 284
37 86 364
37 87 349
37 88 281
37 89 316
37 90 317
37 91 489
37 92 393
37 93 276
37 94 276
37 95 258
37 96 344
37 97 256
37 98 448
37 99 290
38 1 304
38 2 297
38 3 314
38 4 496
38 5 372
38 6 310
38 7 389
38 8 460
38 9 474
38 10 427
38 11 467
38 12 382
38 13 406
38 14 316
38 15 379
38 16 389
38 17 374
38 18 435
38 19 392
38 20 446
38 21 327
38 22 470
38 23 390
38 24 474
38 25 314
38 26 475
38 27 360
38 28 322
38 29 431
38 30 449
38 31 442
38 32 354
38 33 432
38 34 377
38 35 394
38 36 442
38 37 359
38 39 452
38 40 280
38 41 256
38 42 500
38 43 316
38 44 495
38 45 343
38 46 463
38 47 282
38 48 386
38 49 404
38 50 268
38 51 375
38 52 473
38 53 471
38 54 377
38 55 342
38 56 315
38 57 281
38 58 388
38 59 429
38 60 344
38 61 326
38 62 377
38 63 419
38 64 284
38 65 414
38 66 289
38 67 360
38 68 317
38 69 457
38 70 318
38 71 278
38 72 288
38 73 449
38 74 394
38 75 289
38 76 326
38 77 332
38 78 392
38 79 409
38 80 492
38 81 296
38 82 391
38 83 434
38 84 430
38 85 415
38 86 449
38 87 265
38 88 436
38 89 268
38 90 372
38 91 377
38 92 320
38 93 367
38 94 406
38 95 494
38 96 467
38 97 259
38 98 345
38 99 276
39 1 500
39 2 348
39 3 493
39 4 387
39 5 480
39 6 264
39 7 455
39 8 433
39 9 393
39 10 316
39 11 385
39 12 463
39 13 402
39 14 379
39 15 436
39 16 458
39 17 288
39 18 468
39 19 371
39 20 309
39 21 310
39 22 493
39 23 325
39 24 433
39 25 465
39 26 472
39 27 338
39 28 341
39 29 344
39 30 468
39 31 443
39 32 475
39 33 449
39 34 442
39 35 409
39 36 446
39 37 458
39 38 452
39 40 495
39 41 453
39 42 274
39 43 470
39 44 283
39 45 427
39 46 394
39 47 489
39 48 468
39 49 445
39 50 464
39 51 466
39 52 454
39 53 433
39 54 466
39 55 310
39 56 268
39 57 472
39 58 410
39 59 459
39 60 292
39 61 266
39 62 351
39 63 267
39 64 344
39 65 264
39 66 313
39 67 281
39 68 418
39 69 422
39 70 398
39 71 319
39 72 270
39 73 430
39 74 286
39 75 367
39 76 341
39 77 349
39 78 415
39 79 286
39 80 337
39 81 397
39 82 251
39 83 316
39 84 474
39 85 260
39 86 330
39 87 303
39 88 253
39 89 313
39 90 259
39 91 257
39 92 264
39 93 376
39 94 421
39 95 351
39 96 492
39 97 305
39 98 484
39 99 468
40 1 378
40 2 452
40 3 365
40 4 361
40 5 332
40 6 415
40 7 291
40 8 478
40 9 441
40 10 451
40 11 483
40 12 415
40 13 339
40 14 429
40 15 460
40 16 451
40 17 290
40 18 275
40 19 366
40 20 487
40 21 294
40 22 397
40 23 332
40 24 267
40 25 464
40 26 429
40 27 353
40 28 285
40 29 426
40 30 442
40 31 445
40 32 500
40 33 363
40 34 495
40 35 353
40 36 467
40 37 361
40 38 280
40 39 495
40 41 291
40 42 262
40 43 380
40 44 491
40 45 452
40 46 319
40 47 440
40 48 466
40 49 463
40 50 360
40 51 295
40 52 358
40 53 389
40 54 293
40 55 478
40 56 435
40 57 483
40 58 277
40 59 408
40 60 396
40 61 373
40 62 400
40 63 408
40 64 314
40 65 500
40 66 263
40 67 338
40 68 305
40 69 421
40 70 430
40 71 345
40 72 370
40 73 473
40 74 393
40 75 404
40 76 327
40 77 271
40 78 272
40 79 497
40 80 477
40 81 318
40 82 295
40 83 444
40 84 408
40 85 257
40 86 338
40 87 373
40 88 328
40 89 370
40 90 306
40 91 481
40 92 449
40 93 311
40 94 393
40 95 456
40 96 372
40 97 250
40 98 431
40 99 390
41 1 353
41 2 253
41 3 465
41 4 320
41 5 256
41 6 254
41 7 354
41 8 399
41 9 467
41 10 472
41 11 431
41 12 442
41 13 281
41 14 499
41 15 253
41 16 442
41 17 454
41 18 465
41 19 365
41 20 358
41 21 302
41 22 397
41 23 331
41 24 382
41 25 362
41 26 284
41 27 390
41 28 375
41 29 345
41 30 254
41 31 497
41 32 493
41 33 461
41 34 380
41 35 479
41 36 372
41 37 296
41 38 256
41 39 453
41 40 291
41 42 334
41 43 271
41 44 418
41 45 427
41 46 460
41 47 357
41 48 495
41 49 363
41 50 281
41 51 270
41 52 276
41 53 250
41 54 302
41 55 304
41 56 288
41 57 480
41 58 266
41 59 300
41 60 408
41 61 433
41 62 253
41 63 496
41 64 385
41 65 291
41 66 446
41 67 500
41 68 251
41 69 432
41 70 432
41 71 315
41 72 498
41 73 476
41 74 263
41 75 480
41 76 421
41 77 479
41 78 471
41 79 274
41 80 361
41 81 495
41 82 497
41 83 402
41 84 448
41 85 302
41 86 390
41 87 282
41 88 251
41 89 393
41 90 481
41 91 277
41 92 493
41 93 316
41 94 361
41 95 464
41 96 422
41 97 486
41 98 414
41 99 310
42 1 286
42 2 352
42 3 450
42 4 250
42 5 403
42 6 441
42 7 326
42 8 325
42 9 328
42 10 458
42 11 388
42 12 358
42 13 292
42 14 406
42 15 275
42 16 278
42 17 250
42 18 307
42 19 476
42 20 440
42 21 442
42 22 451
42 23 451
42 24 385
42 25 488
42 26 342
42 27 317
42 28 433
42 29 430
42 30 461
42 31 284
42 32 287
42 33 496
42 34 258
42 35 335
42 36 287
42 37 386
42 38 500
42 39 274
42 40 262
42 41 334
42 43 434
42 44 494
42 45 336
42 46 327
42 47 410
42 48 393
42 49 488
42 50 445
42 51 425
42 52 370
42 53 474
42 54 276
42 55 392
42 56 367
42 57 264
42 58 296
42 59 473
42 60 378
42 61 494
42 62 430
42 63 454
42 64 489
42 65 280
42 66 390
42 67 456
42 68 421
42 69 349
42 70 350
42 71 301
42 72 467
42 73 410
42 74 268
42 75 469
42 76 262
42 77 393
42 78 283
42 79 348
42 80 329
42 81 461
42 82 412
42 83 427
42 84 287
42 85 401
42 86 262
42 87 308
42 88 399
42 89 432
42 90 481
42 91 467
42 92 301
42 93 496
42 94 355
42 95 419
42 96 432
42 97 426
42 98 250
42 99 279
43 1 377
43 2 492
43 3 252
43 4 278
43 5 492
43 6 421
43 7 353
43 8 270
43 9 288
43 10 488
43 11 483
43 12 290
43 13 485
43 14 275
43 15 347
43 16 302
43 17 304
43 18 267
43 19 438
43 20 497
43 21 495
43 22 432
43 23 442
43 24 422
43 25 499
43 26 458
43 27 472
43 28 378
43 29 298
43 30 374
43 31 491
43 32 357
43 33 391
43 34 374
43 35 481
43 36 409
43 37 305
43 38 316
43 39 470
43 40 380
43 41 271
43 42 434
43 44 346
43 45 328
43 46 396
43 47 362
43 48 251
43 49 479
43 50 397
43 51 322
43 52 258
43 53 458
43 54 489
43 55 316
43 56 301
43 57 428
43 58 416
43 59 489
43 60 419
43 61 250
43 62 455
43 63 320
43 64 306
43 65 444
43 66 332
43 67 426
43 68 442
43 69 461
43 70 315
43 71 279
43 72 318
43 73 283
43 74 334
43 75 259
43 76 322
43 77 432
43 78 402
43 79 266
43 80 313
43 81 498
43 82 394
43 83 266
43 84 284
43 85 316
43 86 345
43 87 484
43 88 374
43 89 258
43 90 423
43 91 254
43 92 306
43 93 409
43 94 284
43 95 389
43 96 456
43 97 317
43 98 423
43 99 480
44 1 374
44 2 488
44 3 283
44 4 386
44 5 412
44 6 441
44 7 329
44 8 491
44 9 326
44 10 384
44 11 303
44 12 380
44 13 250
44 14 255
44 15 434
44 16 324
44 17 457
44 18 352
44 19 315
44 20 336
44 21 286
44 22 254
44 23 409
44 24 354
44 25 340
44 26 481
44 27 362
44 28 477
44 29 271
44 30 339
44 31 464
44 32 499
44 33 449
44 34 378
44 35 459
44 36 402
44 37 493
44 38 495
44 39 283
44 40 491
44 41 418
44 42 494
44 43 346
44 45 390
44 46 490
44 47 257
44 48 455
44 49 287
44 50 435
44 51 326
44 52 433
44 53 307
44 54 388
44 55 451
44 56 257
44 57 307
44 58 429
44 59 385
44 60 470
44 61 453
44 62 394
44 63 451
44 64 272
44 65 262
44 66 452
44 67 347
44 68 331
44 69 485
44 70 270
44 71 313
44 72 450
44 73 323
44 74 271
44 75 288
44 76 274
44 77 289
44 78 441
44 79 334
44 80 480
44 81 283
44 82 368
44 83 482
44 84 253
44 85 283
44 86 470
44 87 285
44 88 474
44 89 451
44 90 335
44 91 389
44 92 404
44 93 368
44 94 328
44 95 292
44 96 340
44 97 390
44 98 439
44 99 279
45 1 255
45 2 455
45 3 424
45 4 260
45 5 286
45 6 280
45 7 455
45 8 488
45 9 350
45 10 488
45 11 414
45 12 447
45 13 448
45 14 495
45 15 271
45 16 408
45 17 419
45 18 469
45 19 432
45 20 401
45 21 289
45 22 278
45 23 427
45 24 275
45 25 414
45 26 463
45 27 371
45 28 253
45 29 469
45 30 292
45 31 406
45 32 383
45 33 362
45 34 360
45 35 322
45 36 442
45 37 407
45 38 343
45 39 427
45 40 452
45 41 427
45 42 336
45 43 328
45 44 390
45 46 469
45 47 494
45 48 441
45 49 434
45 50 401
45 51 367
45 52 449
45 53 457
45 54 369
45 55 342
45 56 256
45 57 448
45 58 340
45 59 353
45 60 264
45 61 268
45 62 402
45 63 286
45 64 322
45 65 382
45 66 288
45 67 442
45 68 491
45 69 468
45 70 414
45 71 453
45 72 314
45 73 357
45 74 405
45 75 340
45 76 307
45 77 454
45 78 271
45 79 290
45 80 467
45 81 429
45 82 250
45 83 453
45 84 441
45 85 402
45 86 379
45 87 458
45 88 403
45 89 383
45 90 268
45 91 361
45 92 328
45 93 282
45 94 328
45 95 261
45 96 391
45 97 489
45 98 389
45 99 318
46 1 287
46 2 430
46 3 484
46 4 354
46 5 432
46 6 454
46 7 253
46 8 463
46 9 267
46 10 269
46 11 443
46 12 293
46 13 351
46 14 483
46 15 500
46 16 482
46 17 464
46 18 284
46 19 330
46 20 327
46 21 340
46 22 313
46 23 395
46 24 439
46 25 341
46 26 315
46 27 298
46 28 434
46 29 378
46 30 499
46 31 312
46 32 474
46 33 295
46 34 354
46 35 272
46 36 500
46 37 361
46 38 463
46 39 394
46 40 319
46 41 460
46 42 327
46 43 396
46 44 490
46 45 469
46 47 431
46 48 285
46 49 294
46 50 414
46 51 369
46 52 411
46 53 294
46 54 327
46 55 436
46 56 362
46 57 398
46 58 348
46 59 396
46 60 364
46 61 475
46 62 299
46 63 281
46 64 388
46 65 310
46 66 270
46 67 300
46 68 327
46 69 491
46 70 276
46 71 250
46 72 303
46 73 302
46 74 457
46 75 323
46 76 485
46 77 385
46 78 292
46 79 497
46 80 292
46 81 393
46 82 299
46 83 433
46 84 459
46 85 279
46 86 434
46 87 320
46 88 302
46 89 371
46 90 292
46 91 443
46 92 280
46 93 455
46 94 360
46 95 347
46 96 484
46 97 288
46 98 299
46 99 299
47 1 342
47 2 383
47 3 476
47 4 256
47 5 299
47 6 483
47 7 386
47 8 279
47 9 406
47 10 377
47 11 251
47 12 450
47 13 398
47 14 286
47 15 351
47 16 373
47 17 291
47 18 444
47 19 366
47 20 474
47 21 451
47 22 480
47 23 493
47 24 263
47 25 430
47 26 285
47 27 290
47 28 310
47 29 460
47 30 403
47 31 448
47 32 499
47 33 483
47 34 445
47 35 393
47 36 363
47 37 286
47 38 282
47 39 489
47 40 440
47 41 357
47 42 410
47 43 362
47 44 257
47 45 494
47 46 431
47 48 260
47 49 366
47 50 338
47 51 408
47 52 259
47 53 383
47 54 407
47 55 284
47 56 280
47 57 347
47 58 489
47 59 360
47 60 377
47 61 486
47 62 258
47 63 260
47 64 407
47 65 490
47 66 422
47 67 355
47 68 319
47 69 422
47 70 267
47 71 413
47 72 282
47 73 451
47 74 292
47 75 495
47 76 472
47 77 329
47 78 360
47 79 398
47 80 342
47 81 289
47 82 469
47 83 391
47 84 397
47 85 408
47 86 387
47 87 395
47 88 267
47 89 426
47 90 384
47 91 422
47 92 392
47 93 289
47 94 269
47 95 341
47 96 426
47 97 254
47 98 384
47 99 444
48 1 464
48 2 277
48 3 433
48 4 448
48 5 414
48 6 414
48 7 335
48 8 422
48 9 417
48 10 325
48 11 272
48 12 305
48 13 423
48 14 272
48 15 268
48 16 491
48 17 308
48 18 481
48 19 456
48 20 296
48 21 376
48 22 494
48 23 361
48 24 363
48 25 478
48 26 331
48 27 412
48 28 351
48 29 497
48 30 307
48 31 420
48 32 301
48 33 394
48 34 442
48 35 470
48 36 455
48 37 356
48 38 386
48 39 468
48 40 466
48 41 495
48 42 393
48 43 251
48 44 455
48 45 441
48 46 285
48 47 260
48 49 330
48 50 323
48 51 287
48 52 416
48 53 299
48 54 457
48 55 353
48 56 286
48 57 292
48 58 325
48 59 349
48 60 318
48 61 340
48 62 305
48 63 374
48 64 322
48 65 283
48 66 395
48 67 323
48 68 375
48 69 323
48 70 281
48 71 343
48 72 263
48 73 399
48 74 376
48 75 438
48 76 427
48 77 388
48 78 336
48 79 344
48 80 431
48 81 270
48 82 260
48 83 262
48 84 407
48 85 493
48 86 416
48 87 453
48 88 328
48 89 460
48 90 272
48 91 294
48 92 254
48 93 463
48 94 354
48 95 285
48 96 387
48 97 400
48 98 326
48 99 429
49 1 490
49 2 264
49 3 352
49 4 426
49 5 402
49 6 463
49 7 379
49 8 329
49 9 327
49 10 463
49 11 435
49 12 292
49 13 253
49 14 493
49 15 500
49 16 355
49 17 352
49 18 390
49 19 255
49 20 340
49 21 359
49 22 413
49 23 320
49 24 371
49 25 272
49 26 341
49 27 474
49 28 398
49 29 302
49 30 272
49 31 425
49 32 255
49 33 390
49 34 291
49 35 318
49 36 354
49 37 371
49 38 404
49 39 445
49 40 463
49 41 363
49 42 488
49 43 479
49 44 287
49 45 434
49 46 294
49 47 366
49 48 330
49 50 433
49 51 299
49 52 289
49 53 427
49 54 456
49 55 351
49 56 488
49 57 394
49 58 447
49 59 434
49 60 327
49 61 371
49 62 487
49 63 482
49 64 314
49 65 432
49 66 457
49 67 335
49 68 436
49 69 261
49 70 384
49 71 379
49 72 448
49 73 351
49 74 304
49 75 277
49 76 289
49 77 490
49 78 398
49 79 445
49 80 368
49 81 424
49 82 316
49 83 378
49 84 294
49 85 415
49 86 316
49 87 496
49 88 473
49 89 444
49 90 487
49 91 319
49 92 450
49 93 470
49 94 391
49 95 371
49 96 358
49 97 290
49 98 335
49 99 284
50 1 445
50 2 417
50 3 407
50 4 312
50 5 350
50 6 375
50 7 319
50 8 442
50 9 314
50 10 392
50 11 416
50 12 384
50 13 283
50 14 462
50 15 357
50 16 346
50 17 402
50 18 255
50 19 366
50 20 452
50 21 306
50 22 452
50 23 428
50 24 348
50 25 469
50 26 376
50 27 419
50 28 337
50 29 302
50 30 284
50 31 387
50 32 428
50 33 482
50 34 351
50 35 486
50 36 309
50 37 487
50 38 268
50 39 464
50 40 360
50 41 281
50 42 445
50 43 397
50 44 435
50 45 401
50 46 414
50 47 338
50 48 323
50 49 433
50 51 358
50 52 396
50 53 352
50 54 256
50 55 457
50 56 345
50 57 376
50 58 396
50 59 348
50 60 387
50 61 318
50 62 285
50 63 391
50 64 362
50 65 276
50 66 352
50 67 394
50 68 344
50 69 251
50 70 458
50 71 469
50 72 323
50 73 393
50 74 307
50 75 393
50 76 480
50 77 377
50 78 383
50 79 441
50 80 368
50 81 403
50 82 485
50 83 407
50 84 368
50 85 454
50 86 361
50 87 486
50 88 290
50 89 472
50 90 466
50 91 331
50 92 285
50 93 455
50 94 363
50 95 376
50 96 278
50 97 331
50 98 450
50 99 466
51 1 365
51 2 258
51 3 480
51 4 299
51 5 455
51 6 384
51 7 267
51 8 492
51 9 429
51 10 375
51 11 353
51 12 413
51 13 462
51 14 434
51 15 334
51 16 336
51 17 438
51 18 272
51 19 353
51 20 428
51 21 472
51 22 367
51 23 279
51 24 382
51 25 274
51 26 445
51 27 323
51 28 412
51 29 394
51 30 362
51 31 261
51 32 422
51 33 342
51 34 256
51 35 375
51 36 449
51 37 374
51 38 375
51 39 466
51 40 295
51 41 270
51 42 425
51 43 322
51 44 326
51 45 367
51 46 369
51 47 408
51 48 287
51 49 299
51 50 358
51 52 465
51 53 441
51 54 364
51 55 317
51 56 265
51 57 384
51 58 478
51 59 488
51 60 375
51 61 256
51 62 357
51 63 328
51 64 307
51 65 439
51 66 323
51 67 363
51 68 472
51 69 472
51 70 303
51 71 296
51 72 443
51 73 376
51 74 334
51 75 344
51 76 261
51 77 413
51 78 258
51 79 429
51 80 315
51 81 313
51 82 347
51 83 342
51 84 270
51 85 409
51 86 397
51 87 398
51 88 486
51 89 472
51 90 271
51 91 488
51 92 257
51 93 296
51 94 326
51 95 417
51 96 473
51 97 259
51 98 399
51 99 386
52 1 369
52 2 323
52 3 299
52 4 408
52 5 402
52 6 376
52 7 435
52 8 351
52 9 401
52 10 489
52 11 285
52 12 396
52 13 489
52 14 401
52 15 270
52 16 483
52 17 321
52 18 274
52 19 483
52 20 485
52 21 440
52 22 393
52 23 403
52 24 471
52 25 270
52 26 336
52 27 407
52 28 369
52 29 466
52 30 371
52 31 278
52 32 259
52 33 413
52 34 334
52 35 373
52 36 396
52 37 445
52 38 473
52 39 454
52 40 358
52 41 276
52 42 370
52 43 258
52 44 433
52 45 449
52 46 411
52 47 259
52 48 416
52 49 289
52 50 396
52 51 465
52 53 379
52 54 456
52 55 427
52 56 422
52 57 325
52 58 353
52 59 472
52 60 331
52 61 464
52 62 286
52 63 337
52 64 357
52 65 380
52 66 464
52 67 403
52 68 471
52 69 302
52 70 437
52 71 447
52 72 282
52 73 356
52 74 322
52 75 253
52 76 365
52 77 382
52 78 304
52 79 266
52 80 365
52 81 379
52 82 359
52 83 263
52 84 297
52 85 420
52 86 283
52 87 458
52 88 422
52 89 422
52 90 318
52 91 447
52 92 287
52 93 418
52 94 491
52 95 473
52 96 253
52 97 449
52 98 382
52 99 400
53 1 436
53 2 301
53 3 360
53 4 408
53 5 306
53 6 367
53 7 358
53 8 430
53 9 275
53 10 435
53 11 470
53 12 284
53 13 459
53 14 254
53 15 405
53 16 471
53 17 355
53 18 349
53 19 440
53 20 462
53 21 478
53 22 459
53 23 282
53 24 260
53 25 461
53 26 400
53 27 418
53 28 263
53 29 489
53 30 257
53 31 436
53 32 413
53 33 386
53 34 358
53 35 314
53 36 348
53 37 485
53 38 471
53 39 433
53 40 389
53 41 250
53 42 474
53 43 458
53 44 307
53 45 457
53 46 294
53 47 383
53 48 299
53 49 427
53 50 352
53 51 441
53 52 379
53 54 302
53 55 367
53 56 438
53 57 254
53 58 489
53 59 303
53 60 257
53 61 250
53 62 468
53 63 436
53 64 476
53 65 285
53 66 461
53 67 324
53 68 453
53 69 465
53 70 395
53 71 256
53 72 383
53 73 457
53 74 402
53 75 337
53 76 493
53 77 393
53 78 317
53 79 393
53 80 380
53 81 437
53 82 500
53 83 402
53 84 385
53 85 252
53 86 411
53 87 263
53 88 472
53 89 352
53 90 286
53 91 280
53 92 488
53 93 256
53 94 380
53 95 468
53 96 262
53 97 266
53 98 408
53 99 276
54 1 270
54 2 412
54 3 320
54 4 316
54 5 284
54 6 398
54 7 287
54 8 326
54 9 428
54 10 436
54 11 424
54 12 339
54 13 320
54 14 485
54 15 401
54 16 415
54 17 414
54 18 375
54 19 304
54 20 469
54 21 325
54 22 308
54 23 444
54 24 400
54 25 315
54 26 295
54 27 380
54 28 465
54 29 390
54 30 284
54 31 314
54 32 266
54 33 392
54 34 347
54 35 322
54 36 466
54 37 405
54 38 377
54 39 466
54 40 293
54 41 302
54 42 276
54 43 489
54 44 388
54 45 369
54 46 327
54 47 407
54 48 457
54 49 456
54 50 256
54 51 364
54 52 456
54 53 302
54 55 291
54 56 352
54 57 347
54 58 444
54 59 365
54 60 283
54 61 339
54 62 380
54 63 370
54 64 293
54 65 455
54 66 456
54 67 270
54 68 354
54 69 275
54 70 329
54 71 413
54 72 418
54 73 382
54 74 421
54 75 470
54 76 485
54 77 499
54 78 325
54 79 303
54 80 467
54 81 462
54 82 393
54 83 362
54 84 498
54 85 408
54 86 352
54 87 322
54 88 385
54 89 416
54 90 291
54 91 321
54 92 365
54 93 485
54 94 288
54 95 289
54 96 317
54 97 428
54 98 345
54 99 430
55 1 259
55 2 285
55 3 291
55 4 384
55 5 491
55 6 329
55 7 310
55 8 461
55 9 436
55 10 485
55 11 417
55 12 415
55 13 251
55 14 267
55 15 495
55 16 425
55 17 345
55 18 471
55 19 412
55 20 273
55 21 273
55 22 357
55 23 301
55 24 379
55 25 390
55 26 423
55 27 490
55 28 267
55 29 421
55 30 466
55 31 274
55 32 366
55 33 358
55 34 483
55 35 377
55 36 301
55 37 414
55 38 342
55 39 310
55 40 478
55 41 304
55 42 392
55 43 316
55 44 451
55 45 342
55 46 436
55 47 284
55 48 353
55 49 351
55 50 457
55 51 317
55 52 427
55 53 367
55 54 291
55 56 383
55 57 373
55 58 360
55 59 355
55 60 322
55 61 274
55 62 309
55 63 366
55 64 453
55 65 417
55 66 333
55 67 323
55 68 336
55 69 329
55 70 337
55 71 374
55 72 467
55 73 276
55 74 418
55 75 434
55 76 320
55 77 293
55 78 458
55 79 286
55 80 399
55 81 263
55 82 329
55 83 428
55 84 344
55 85 455
55 86 345
55 87 347
55 88 283
55 89 456
55 90 342
55 91 350
55 92 373
55 93 464
55 94 306
55 95 304
55 96 319
55 97 322
55 98 467
55 99 499
56 1 415
56 2 492
56 3 487
56 4 289
56 5 393
56 6 297
56 7 364
56 8 372
56 9 308
56 10 355
56 11 417
56 12 387
56 13 447
56 14 310
56 15 405
56 16 486
56 17 401
56 18 374
56 19 265
56 20 437
56 21 280
56 22 267
56 23 427
56 24 428
56 25 390
56 26 396
56 27 488
56 28 298
56 29 470
56 30 361
56 31 398
56 32 468
56 33 343
56 34 464
56 35 283
56 36 448
56 37 453
56 38 315
56 39 268
56 40 435
56 41 288
56 42 367
56 43 301
56 44 257
56 45 256
56 46 362
56 47 280
56 48 286
56 49 488
56 50 345
56 51 265
56 52 422
56 53 438
56 54 352
56 55 383
56 57 449
56 58 456
56 59 413
56 60 444
56 61 381
56 62 311
56 63 406
56 64 286
56 65 457
56 66 429
56 67 395
56 68 487
56 69 314
56 70 435
56 71 354
56 72 351
56 73 285
56 74 426
56 75 403
56 76 280
56 77 399
56 78 356
56 79 285
56 80 377
56 81 308
56 82 368
56 83 478
56 84 431
56 85 403
56 86 252
56 87 279
56 88 424
56 89 407
56 90 416
56 91 486
56 92 252
56 93 279
56 94 299
56 95 439
56 96 301
56 97 461
56 98 471
56 99 448
57 1 368
57 2 378
57 3 406
57 4 299
57 5 341
57 6 449
57 7 420
57 8 327
57 9 380
57 10 499
57 11 271
57 12 252
57 13 360
57 14 252
57 15 313
57 16 302
57 17 294
57 18 284
57 19 368
57 20 459
57 21 467
57 22 306
57 23 377
57 24 495
57 25 360
57 26 494
57 27 444
57 28 438
57 29 415
57 30 423
57 31 305
57 32 460
57 33 348
57 34 499
57 35 310
57 36 359
57 37 345
57 38 281
57 39 472
57 40 483
57 41 480
57 42 264
57 43 428
57 44 307
57 45 448
57 46 398
57 47 347
57 48 292
57 49 394
57 50 376
57 51 384
57 52 325
57 53 254
57 54 347
57 55 373
57 56 449
57 58 496
57 59 482
57 60 311
57 61 332
57 62 357
57 63 485
57 64 338
57 65 457
57 66 463
57 67 265
57 68 395
57 69 413
57 70 331
57 71 364
57 72 494
57 73 304
57 74 277
57 75 274
57 76 320
57 77 361
57 78 288
57 79 477
57 80 287
57 81 482
57 82 257
57 83 457
57 84 347
57 85 304
57 86 421
57 87 498
57 88 394
57 89 268
57 90 313
57 91 349
57 92 376
57 93 432
57 94 312
57 95 465
57 96 464
57 97 357
57 98 465
57 99 324
58 1 282
58 2 480
58 3 379
58 4 380
58 5 315
58 6 471
58 7 346
58 8 383
58 9 279
58 10 375
58 11 442
58 12 382
58 13 407
58 14 288
58 15 374
58 16 272
58 17 472
58 18 322
58 19 273
58 20 373
58 21 279
58 22 473
58 23 456
58 24 254
58 25 296
58 26 418
58 27 394
58 28 464
58 29 435
58 30 312
58 31 345
58 32 430
58 33 442
58 34 372
58 35 310
58 36 269
58 37 372
58 38 388
58 39 410
58 40 277
58 41 266
58 42 296
58 43 416
58 44 429
58 45 340
58 46 348
58 47 489
58 48 325
58 49 447
58 50 396
58 51 478
58 52 353
58 53 489
58 54 444
58 55 360
58 56 456
58 57 496
58 59 483
58 60 356
58 61 381
58 62 412
58 63 428
58 64 324
58 65 472
58 66 456
58 67 391
58 68 442
58 69 323
58 70 316
58 71 463
58 72 371
58 73 342
58 74 329
58 75 420
58 76 481
58 77 271
58 78 431
58 79 434
58 80 494
58 81 418
58 82 404
58 83 435
58 84 310
58 85 406
58 86 254
58 87 312
58 88 389
58 89 393
58 90 458
58 91 438
58 92 320
58 93 451
58 94 482
58 95 286
58 96 287
58 97 414
58 98 332
58 99 444
59 1 365
59 2 319
59 3 315
59 4 324
59 5 427
59 6 258
59 7 365
59 8 439
59 9 451
59 10 407
59 11 291
59 12 286
59 13 305
59 14 300
59 15 344
59 16 423
59 17 286
59 18 330
59 19 424
59 20 350
59 21 372
59 22 297
59 23 417
59 24 413
59 25 273
59 26 499
59 27 260
59 28 376
59 29 476
59 30 477
59 31 462
59 32 320
59 33 340
59 34 431
59 35 334
59 36 256
59 37 424
59 38 429
59 39 459
59 40 408
59 41 300
59 42 473
59 43 489
59 44 385
59 45 353
59 46 396
59 47 360
59 48 349
59 49 434
59 50 348
59 51 488
59 52 472
59 53 303
59 54 365
59 55 355
59 56 413
59 57 482
59 58 483
59 60 261
59 61 252
59 62 447
59 63 372
59 64 457
59 65 320
59 66 436
59 67 439
59 68 379
59 69 290
59 70 273
59 71 323
59 72 361
59 73 406
59 74 315
59 75 435
59 76 385
59 77 460
59 78 386
59 79 390
59 80 393
59 81 435
59 82 312
59 83 270
59 84 275
59 85 402
59 86 308
59 87 398
59 88 407
59 89 404
59 90 381
59 91 480
59 92 282
59 93 491
59 94 385
59 95 475
59 96 319
59 97 375
59 98 459
59 99 352
60 1 310
60 2 420
60 3 270
60 4 314
60 5 272
60 6 364
60 7 465
60 8 275
60 9 413
60 10 479
60 11 428
60 12 260
60 13 436
60 14 443
60 15 461
60 16 253
60 17 483
60 18 407
60 19 349
60 20 492
60 21 489
60 22 459
60 23 306
60 24 459
60 25 383
60 26 415
60 27 496
60 28 486
60 29 288
60 30 417
60 31 385
60 32 258
60 33 337
60 34 269
60 35 468
60 36 398
60 37 481
60 38 344
60 39 292
60 40 396
60 41 408
60 42 378
60 43 419
60 44 470
60 45 264
60 46 364
60 47 377
60 48 318
60 49 327
60 50 387
60 51 375
60 52 331
60 53 257
60 54 283
60 55 322
60 56 444
60 57 311
60 58 356
60 59 261
60 61 283
60 62 495
60 63 343
60 64 450
60 65 284
60 66 252
60 67 330
60 68 447
60 69 335
60 70 345
60 71 450
60 72 388
60 73 336
60 74 499
60 75 433
60 76 295
60 77 377
60 78 410
60 79 275
60 80 274
60 81 380
60 82 436
60 83 421
60 84 351
60 85 293
60 86 421
60 87 453
60 88 426
60 89 338
60 90 341
60 91 287
60 92 254
60 93 302
60 94 488
60 95 401
60 96 472
60 97 367
60 98 465
60 99 409
61 1 284
61 2 490
61 3 293
61 4 330
61 5 398
61 6 342
61 7 443
61 8 458
61 9 362
61 10 280
61 11 488
61 12 337
61 13 298
61 14 328
61 15 258
61 16 360
61 17 313
61 18 489
61 19 427
61 20 465
61 21 473
61 22 274
61 23 406
61 24 385
61 25 436
61 26 494
61 27 340
61 28 404
61 29 325
61 30 381
61 31 396
61 32 361
61 33 255
61 34 430
61 35 307
61 36 270
61 37 256
61 38 326
61 39 266
61 40 373
61 41 433
61 42 494
61 43 250
61 44 453
61 45 268
61 46 475
61 47 486
61 48 340
61 49 371
61 50 318
61 51 256
61 52 464
61 53 250
61 54 339
61 55 274
61 56 381
61 57 332
61 58 381
61 59 252
61 60 283
61 62 293
61 63 443
61 64 271
61 65 346
61 66 347
61 67 452
61 68 378
61 69 459
61 70 479
61 71 265
61 72 361
61 73 495
61 74 379
61 75 441
61 76 418
61 77 444
61 78 474
61 79 342
61 80 342
61 81 367
61 82 444
61 83 412
61 84 295
61 85 431
61 86 352
61 87 455
61 88 399
61 89 307
61 90 329
61 91 365
61 92 354
61 93 377
61 94 425
61 95 475
61 96 480
61 97 453
61 98 442
61 99 499
62 1 265
62 2 450
62 3 380
62 4 483
62 5 394
62 6 436
62 7 429
62 8 394
62 9 271
62 10 470
62 11 261
62 12 269
62 13 451
62 14 370
62 15 250
62 16 456
62 17 269
62 18 334
62 19 423
62 20 325
62 21 379
62 22 384
62 23 335
62 24 362
62 25 393
62 26 334
62 27 464
62 28 434
62 29 341
62 30 343
62 31 374
62 32 322
62 33 441
62 34 482
62 35 436
62 36 471
62 37 286
62 38 377
62 39 351
62 40 400
62 41 253
62 42 430
62 43 455
62 44 394
62 45 402
62 46 299
62 47 258
62 48 305
62 49 487
62 50 285
62 51 357
62 52 286
62 53 468
62 54 380
62 55 309
62 56 311
62 57 357
62 58 412
62 59 447
62 60 495
62 61 293
62 63 454
62 64 485
62 65 364
62 66 296
62 67 437
62 68 344
62 69 355
62 70 300
62 71 331
62 72 443
62 73 311
62 74 389
62 75 444
62 76 257
62 77 476
62 78 461
62 79 309
62 80 354
62 81 428
62 82 469
62 83 498
62 84 489
62 85 398
62 86 284
62 87 394
62 88 250
62 89 490
62 90 413
62 91 326
62 92 487
62 93 361
62 94 459
62 95 354
62 96 424
62 97 470
62 98 404
62 99 340
63 1 381
63 2 282
63 3 274
63 4 402
63 5 305
63 6 342
63 7 328
63 8 351
63 9 388
63 10 287
63 11 355
63 12 378
63 13 414
63 14 288
63 15 295
63 16 286
63 17 455
63 18 322
63 19 469
63 20 273
63 21 471
63 22 459
63 23 279
63 24 357
63 25 416
63 26 405
63 27 421
63 28 408
63 29 476
63 30 257
63 31 261
63 32 456
63 33 372
63 34 430
63 35 393
63 36 292
63 37 276
63 38 419
63 39 267
63 40 408
63 41 496
63 42 454
63 43 320
63 44 451
63 45 286
63 46 281
63 47 260
63 48 374
63 49 482
63 50 391
63 51 328
63 52 337
63 53 436
63 54 370
63 55 366
63 56 406
63 57 485
63 58 428
63 59 372
63 60 343
63 61 443
63 62 454
63 64 479
63 65 382
63 66 444
63 67 372
63 68 479
63 69 381
63 70 281
63 71 256
63 72 341
63 73 318
63 74 300
63 75 437
63 76 464
63 77 457
63 78 394
63 79 384
63 80 417
63 81 374
63 82 431
63 83 308
63 84 252
63 85 407
63 86 481
63 87 322
63 88 363
63 89 446
63 90 433
63 91 335
63 92 488
63 93 386
63 94 263
63 95 464
63 96 394
63 97 290
63 98 490
63 99 331
64 1 412
64 2 479
64 3 266
64 4 339
64 5 414
64 6 307
64 7 297
64 8 329
64 9 333
64 10 390
64 11 301
64 12 377
64 13 356
64 14 406
64 15 388
64 16 397
64 17 273
64 18 319
64 19 477
64 20 287
64 21 438
64 22 358
64 23 275
64 24 319
64 25 328
64 26 289
64 27 298
64 28 478
64 29 435
64 30 467
64 31 305
64 32 276
64 33 495
64 34 364
64 35 353
64 36 409
64 37 405
64 38 284
64 39 344
64 40 314
64 41 385
64 42 489
64 43 306
64 44 272
64 45 322
64 46 388
64 47 407
64 48 322
64 49 314
64 50 362
64 51 307
64 52 357
64 53 476
64 54 293
64 55 453
64 56 286
64 57 338
64 58 324
64 59 457
64 60 450
64 61 271
64 62 485
64 63 479
64 65 469
64 66 344
64 67 259
64 68 441
64 69 343
64 70 287
64 71 425
64 72 500
64 73 271
64 74 275
64 75 488
64 76 274
64 77 450
64 78 479
64 79 390
64 80 324
64 81 335
64 82 257
64 83 374
64 84 252
64 85 288
64 86 349
64 87 463
64 88 266
64 89 461
64 90 304
64 91 397
64 92 391
64 93 287
64 94 437
64 95 356
64 96 296
64 97 337
64 98 426
64 99 416
65 1 315
65 2 305
65 3 369
65 4 366
65 5 341
65 6 473
65 7 479
65 8 480
65 9 320
65 10 405
65 11 323
65 12 391
65 13 274
65 14 451
65 15 387
65 16 280
65 17 291
65 18 469
65 19 368
65 20 262
65 21 420
65 22 379
65 23 280
65 24 310
65 25 399
65 26 470
65 27 460
65 28 255
65 29 493
65 30 423
65 31 436
65 32 256
65 33 278
65 34 479
65 35 294
65 36 472
65 37 384
65 38 414
65 39 264
65 40 500
65 41 291
65 42 280
65 43 444
65 44 262
65 45 382
65 46 310
65 47 490
65 48 283
65 49 432
65 50 276
65 51 439
65 52 380
65 53 285
65 54 455
65 55 417
65 56 457
65 57 457
65 58 472
65 59 320
65 60 284
65 61 346
65 62 364
65 63 382
65 64 469
65 66 315
65 67 444
65 68 400
65 69 308
65 70 293
65 71 270
65 72 415
65 73 477
65 74 368
65 75 320
65 76 379
65 77 293
65 78 342
65 79 253
65 80 309
65 81 488
65 82 255
65 83 490
65 84 322
65 85 368
65 86 310
65 87 423
65 88 296
65 89 331
65 90 457
65 91 356
65 92 274
65 93 295
65 94 315
65 95 417
65 96 481
65 97 426
65 98 454
65 99 343
66 1 295
66 2 313
66 3 469
66 4 371
66 5 491
66 6 472
66 7 430
66 8 274
66 9 475
66 10 299
66 11 316
66 12 401
66 13 476
66 14 435
66 15 450
66 16 400
66 17 291
66 18 458
66 19 281
66 20 387
66 21 286
66 22 451
66 23 278
66 24 416
66 25 269
66 26 396
66 27 487
66 28 423
66 29 444
66 30 327
66 31 470
66 32 495
66 33 456
66 34 456
66 35 381
66 36 476
66 37 446
66 38 289
66 39 313
66 40 263
66 41 446
66 42 390
66 43 332
66 44 452
66 45 288
66 46 270
66 47 422
66 48 395
66 49 457
66 50 352
66 51 323
66 52 464
66 53 461
66 54 456
66 55 333
66 56 429
66 57 463
66 58 456
66 59 436
66 60 252
66 61 347
66 62 296
66 63 444
66 64 344
66 65 315
66 67 419
66 68 450
66 69 397
66 70 490
66 71 423
66 72 471
66 73 438
66 74 359
66 75 384
66 76 376
66 77 440
66 78 271
66 79 351
66 80 284
66 81 288
66 82 301
66 83 361
66 84 324
66 85 469
66 86 251
66 87 328
66 88 326
66 89 338
66 90 312
66 91 492
66 92 474
66 93 392
66 94 492
66 95 391
66 96 295
66 97 282
66 98 357
66 99 287
67 1 261
67 2 320
67 3 402
67 4 457
67 5 304
67 6 421
67 7 415
67 8 253
67 9 409
67 10 385
67 11 259
67 12 343
67 13 338
67 14 380
67 15 318
67 16 490
67 17 312
67 18 367
67 19 372
67 20 345
67 21 413
67 22 317
67 23 474
67 24 489
67 25 473
67 26 492
67 27 494
67 28 434
67 29 349
67 30 422
67 31 445
67 32 348
67 33 487
67 34 330
67 35 475
67 36 369
67 37 310
67 38 360
67 39 281
67 40 338
67 41 500
67 42 456
67 43 426
67 44 347
67 45 442
67 46 300
67 47 355
67 48 323
67 49 335
67 50 394
67 51 363
67 52 403
67 53 324
67 54 270
67 55 323
67 56 395
67 57 265
67 58 391
67 59 439
67 60 330
67 61 452
67 62 437
67 63 372
67 64 259
67 65 444
67 66 419
67 68 407
67 69 347
67 70 446
67 71 277
67 72 256
67 73 436
67 74 309
67 75 480
67 76 326
67 77 310
67 78 434
67 79 347
67 80 351
67 81 430
67 82 322
67 83 325
67 84 261
67 85 387
67 86 452
67 87 348
67 88 471
67 89 376
67 90 351
67 91 420
67 92 321
67 93 390
67 94 290
67 95 427
67 96 464
67 97 441
67 98 444
67 99 303
68 1 385
68 2 404
68 3 272
68 4 280
68 5 476
68 6 442
68 7 296
68 8 391
68 9 328
68 10 462
68 11 382
68 12 484
68 13 389
68 14 462
68 15 405
68 16 462
68 17 407
68 18 489
68 19 460
68 20 339
68 21 404
68 22 499
68 23 409
68 24 400
68 25 320
68 26 350
68 27 265
68 28 419
68 29 272
68 30 478
68 31 260
68 32 489
68 33 399
68 34 448
68 35 301
68 36 289
68 37 362
68 38 317
68 39 418
68 40 305
68 41 251
68 42 421
68 43 442
68 44 331
68 45 491
68 46 327
68 47 319
68 48 375
68 49 436
68 50 344
68 51 472
68 52 471
68 53 453
68 54 354
68 55 336
68 56 487
68 57 395
68 58 442
68 59 379
68 60 447
68 61 378
68 62 344
68 63 479
68 64 441
68 65 400
68 66 450
68 67 407
68 69 258
68 70 418
68 71 280
68 72 364
68 73 361
68 74 264
68 75 298
68 76 379
68 77 300
68 78 342
68 79 319
68 80 290
68 81 334
68 82 259
68 83 491
68 84 434
68 85 265
68 86 397
68 87 405
68 88 422
68 89 332
68 90 377
68 91 335
68 92 432
68 93 469
68 94 312
68 95 446
68 96 432
68 97 390
68 98 315
68 99 325
69 1 394
69 2 418
69 3 430
69 4 326
69 5 359
69 6 368
69 7 329
69 8 453
69 9 288
69 10 372
69 11 448
69 12 330
69 13 273
69 14 489
69 15 323
69 16 492
69 17 403
69 18 483
69 19 404
69 20 354
69 21 270
69 22 262
69 23 437
69 24 278
69 25 478
69 26 339
69 27 262
69 28 313
69 29 431
69 30 274
69 31 372
69 32 254
69 33 334
69 34 346
69 35 282
69 36 395
69 37 419
69 38 457
69 39 422
69 40 421
69 41 432
69 42 349
69 43 461
69 44 485
69 45 468
69 46 491
69 47 422
69 48 323
69 49 261
69 50 251
69 51 472
69 52 302
69 53 465
69 54 275
69 55 329
69 56 314
69 57 413
69 58 323
69 59 290
69 60 335
69 61 459
69 62 355
69 63 381
69 64 343
69 65 308
69 66 397
69 67 347
69 68 258
69 70 301
69 71 350
69 72 377
69 73 283
69 74 475
69 75 492
69 76 489
69 77 413
69 78 492
69 79 346
69 80 324
69 81 448
69 82 363
69 83 379
69 84 448
69 85 489
69 86 483
69 87 348
69 88 385
69 89 480
69 90 438
69 91 303
69 92 407
69 93 285
69 94 304
69 95 330
69 96 259
69 97 261
69 98 289
69 99 322
70 1 436
70 2 450
70 3 433
70 4 405
70 5 324
70 6 344
70 7 282
70 8 478
70 9 399
70 10 381
70 11 485
70 12 297
70 13 493
70 14 404
70 15 312
70 16 302
70 17 384
70 18 362
70 19 336
70 20 313
70 21 297
70 22 398
70 23 337
70 24 433
70 25 376
70 26 440
70 27 474
70 28 331
70 29 425
70 30 400
70 31 461
70 32 478
70 33 444
70 34 446
70 35 462
70 36 304
70 37 414
70 38 318
70 39 398
70 40 430
70 41 432
70 42 350
70 43 315
70 44 270
70 45 414
70 46 276
70 47 267
70 48 281
70 49 384
70 50 458
70 51 303
70 52 437
70 53 395
70 54 329
70 55 337
70 56 435
70 57 331
70 58 316
70 59 273
70 60 345
70 61 479
70 62 300
70 63 281
70 64 287
70 65 293
70 66 490
70 67 446
70 68 418
70 69 301
70 71 464
70 72 344
70 73 330
70 74 479
70 75 431
70 76 420
70 77 435
70 78 258
70 79 477
70 80 495
70 81 318
70 82 260
70 83 470
70 84 472
70 85 291
70 86 274
70 87 485
70 88 372
70 89 365
70 90 410
70 91 263
70 92 394
70 93 488
70 94 320
70 95 280
70 96 298
70 97 390
70 98 474
70 99 372
71 1 377
71 2 472
71 3 255
71 4 333
71 5 420
71 6 403
71 7 331
71 8 412
71 9 301
71 10 352
71 11 360
71 12 365
71 13 281
71 14 486
71 15 450
71 16 414
71 17 257
71 18 438
71 19 469
71 20 488
71 21 297
71 22 380
71 23 440
71 24 360
71 25 428
71 26 495
71 27 404
71 28 307
71 29 353
71 30 428
71 31 482
71 32 293
71 33 433
71 34 489
71 35 280
71 36 398
71 37 331
71 38 278
71 39 319
71 40 345
71 41 315
71 42 301
71 43 279
71 44 313
71 45 453
71 46 250
71 47 413
71 48 343
71 49 379
71 50 469
71 51 296
71 52 447
71 53 256
71 54 413
71 55 374
71 56 354
71 57 364
71 58 463
71 59 323
71 60 450
71 61 265
71 62 331
71 63 256
71 64 425
71 65 270
71 66 423
71 67 277
71 68 280
71 69 350
71 70 464
71 72 322
71 73 392
71 74 443
71 75 349
71 76 485
71 77 397
71 78 300
71 79 314
71 80 378
71 81 253
71 82 448
71 83 484
71 84 465
71 85 295
71 86 400
71 87 325
71 88 320
71 89 334
71 90 458
71 91 428
71 92 268
71 93 457
71 94 470
71 95 277
71 96 317
71 97 311
71 98 376
71 99 325
72 1 436
72 2 269
72 3 367
72 4 455
72 5 373
72 6 251
72 7 462
72 8 261
72 9 489
72 10 300
72 11 426
72 12 496
72 13 257
72 14 453
72 15 342
72 16 456
72 17 260
72 18 442
72 19 318
72 20 496
72 21 343
72 22 442
72 23 434
72 24 280
72 25 406
72 26 282
72 27 401
72 28 259
72 29 262
72 30 264
72 31 285
72 32 460
72 33 443
72 34 450
72 35 324
72 36 294
72 37 482
72 38 288
72 39 270
72 40 370
72 41 498
72 42 467
72 43 318
72 44 450
72 45 314
72 46 303
72 47 282
72 48 263
72 49 448
72 50 323
72 51 443
72 52 282
72 53 383
72 54 418
72 55 467
72 56 351
72 57 494
72 58 371
72 59 361
72 60 388
72 61 361
72 62 443
72 63 341
72 64 500
72 65 415
72 66 471
72 67 256
72 68 364
72 69 377
72 70 344
72 71 322
72 73 398
72 74 426
72 75 313
72 76 397
72 77 428
72 78 405
72 79 416
72 80 333
72 81 377
72 82 398
72 83 429
72 84 387
72 85 350
72 86 336
72 87 276
72 88 394
72 89 258
72 90 362
72 91 367
72 92 499
72 93 339
72 94 404
72 95 485
72 96 418
72 97 259
72 98 283
72 99 361
73 1 276
73 2 401
73 3 403
73 4 407
73 5 487
73 6 425
73 7 455
73 8 327
73 9 407
73 10 293
73 11 459
73 12 428
73 13 472
73 14 420
73 15 455
73 16 480
73 17 462
73 18 359
73 19 366
73 20 261
73 21 492
73 22 360
73 23 313
73 24 442
73 25 348
73 26 461
73 27 401
73 28 256
73 29 317
73 30 450
73 31 435
73 32 452
73 33 296
73 34 500
73 35 315
73 36 454
73 37 417
73 38 449
73 39 430
73 40 473
73 41 476
73 42 410
73 43 283
73 44 323
73 45 357
73 46 302
73 47 451
73 48 399
73 49 351
73 50 393
73 51 376
73 52 356
73 53 457
73 54 382
73 55 276
73 56 285
73 57 304
73 58 342
73 59 406
73 60 336
73 61 495
73 62 311
73 63 318
73 64 271
73 65 477
73 66 438
73 67 436
73 68 361
73 69 283
73 70 330
73 71 392
73 72 398
73 74 349
73 75 332
73 76 301
73 77 368
73 78 333
73 79 417
73 80 415
73 81 399
73 82 366
73 83 478
73 84 337
73 85 326
73 86 341
73 87 473
73 88 367
73 89 498
73 90 452
73 91 289
73 92 411
73 93 443
73 94 426
73 95 278
73 96 340
73 97 478
73 98 384
73 99 496
74 1 369
74 2 468
74 3 398
74 4 498
74 5 480
74 6 392
74 7 493
74 8 274
74 9 373
74 10 396
74 11 411
74 12 351
74 13 334
74 14 465
74 15 309
74 16 277
74 17 363
74 18 313
74 19 438
74 20 300
74 21 428
74 22 366
74 23 449
74 24 383
74 25 315
74 26 471
74 27 473
74 28 483
74 29 430
74 30 349
74 31 253
74 32 478
74 33 414
74 34 350
74 35 484
74 36 484
74 37 396
74 38 394
74 39 286
74 40 393
74 41 263
74 42 268
74 43 334
74 44 271
74 45 405
74 46 457
74 47 292
74 48 376
74 49 304
74 50 307
74 51 334
74 52 322
74 53 402
74 54 421
74 55 418
74 56 426
74 57 277
74 58 329
74 59 315
74 60 499
74 61 379
74 62 389
74 63 300
74 64 275
74 65 368
74 66 359
74 67 309
74 68 264
74 69 475
74 70 479
74 71 443
74 72 426
74 73 349
74 75 302
74 76 424
74 77 280
74 78 446
74 79 323
74 80 472
74 81 318
74 82 401
74 83 498
74 84 357
74 85 335
74 86 327
74 87 267
74 88 357
74 89 261
74 90 313
74 91 466
74 92 339
74 93 251
74 94 251
74 95 400
74 96 293
74 97 433
74 98 331
74 99 455
75 1 498
75 2 295
75 3 329
75 4 355
75 5 464
75 6 349
75 7 498
75 8 444
75 9 469
75 10 469
75 11 463
75 12 261
75 13 274
75 14 308
75 15 390
75 16 432
75 17 290
75 18 341
75 19 442
75 20 400
75 21 433
75 22 381
75 23 393
75 24 285
75 25 491
75 26 290
75 27 323
75 28 342
75 29 259
75 30 278
75 31 484
75 32 307
75 33 377
75 34 395
75 35 362
75 36 466
75 37 438
75 38 289
75 39 367
75 40 404
75 41 480
75 42 469
75 43 259
75 44 288
75 45 340
75 46 323
75 47 495
75 48 438
75 49 277
75 50 393
75 51 344
75 52 253
75 53 337
75 54 470
75 55 434
75 56 403
75 57 274
75 58 420
75 59 435
75 60 433
75 61 441
75 62 444
75 63 437
75 64 488
75 65 320
75 66 384
75 67 480
75 68 298
75 69 492
75 70 431
75 71 349
75 72 313
75 73 332
75 74 302
75 76 277
75 77 431
75 78 466
75 79 499
75 80 265
75 81 349
75 82 264
75 83 480
75 84 398
75 85 264
75 86 373
75 87 455
75 88 261
75 89 347
75 90 372
75 91 464
75 92 406
75 93 328
75 94 350
75 95 319
75 96 349
75 97 498
75 98 378
75 99 331
76 1 319
76 2 474
76 3 297
76 4 306
76 5 416
76 6 473
76 7 334
76 8 407
76 9 377
76 10 284
76 11 409
76 12 381
76 13 399
76 14 415
76 15 276
76 16 444
76 17 391
76 18 491
76 19 419
76 20 311
76 21 430
76 22 370
76 23 355
76 24 314
76 25 393
76 26 334
76 27 477
76 28 360
76 29 315
76 30 304
76 31 424
76 32 466
76 33 268
76 34 347
76 35 319
76 36 366
76 37 331
76 38 326
76 39 341
76 40 327
76 41 421
76 42 262
76 43 322
76 44 274
76 45 307
76 46 485
76 47 472
76 48 427
76 49 289
76 50 480
76 51 261
76 52 365
76 53 493
76 54 485
76 55 320
76 56 280
76 57 320
76 58 481
76 59 385
76 60 295
76 61 418
76 62 257
76 63 464
76 64 274
76 65 379
76 66 376
76 67 326
76 68 379
76 69 489
76 70 420
76 71 485
76 72 397
76 73 301
76 74 424
76 75 277
76 77 487
76 78 497
76 79 354
76 80 351
76 81 290
76 82 406
76 83 496
76 84 391
76 85 257
76 86 268
76 87 317
76 88 420
76 89 347
76 90 350
76 91 459
76 92 281
76 93 425
76 94 364
76 95 351
76 96 470
76 97 374
76 98 348
76 99 492
77 1 328
77 2 299
77 3 269
77 4 436
77 5 409
77 6 330
77 7 391
77 8 430
77 9 430
77 10 302
77 11 278
77 12 331
77 13 288
77 14 429
77 15 298
77 16 403
77 17 319
77 18 254
77 19 460
77 20 314
77 21 496
77 22 447
77 23 474
77 24 423
77 25 461
77 26 317
77 27 312
77 28 467
77 29 274
77 30 379
77 31 338
77 32 378
77 33 369
77 34 382
77 35 437
77 36 434
77 37 318
77 38 332
77 39 349
77 40 271
77 41 479
77 42 393
77 43 432
77 44 289
77 45 454
77 46 385
77 47 329
77 48 388
77 49 490
77 50 377
77 51 413
77 52 382
77 53 393
77 54 499
77 55 293
77 56 399
77 57 361
77 58 271
77 59 460
77 60 377
77 61 444
77 62 476
77 63 457
77 64 450
77 65 293
77 66 440
77 67 310
77 68 300
77 69 413
77 70 435
77 71 397
77 72 428
77 73 368
77 74 280
77 75 431
77 76 487
77 78 469
77 79 403
77 80 449
77 81 323
77 82 487
77 83 373
77 84 375
77 85 279
77 86 318
77 87 311
77 88 323
77 89 453
77 90 315
77 91 324
77 92 442
77 93 445
77 94 419
77 95 318
77 96 345
77 97 341
77 98 357
77 99 452
78 1 263
78 2 474
78 3 294
78 4 378
78 5 326
78 6 361
78 7 407
78 8 321
78 9 254
78 10 350
78 11 493
78 12 281
78 13 414
78 14 343
78 15 432
78 16 480
78 17 421
78 18 362
78 19 253
78 20 426
78 21 403
78 22 440
78 23 451
78 24 482
78 25 449
78 26 411
78 27 414
78 28 297
78 29 430
78 30 251
78 31 303
78 32 397
78 33 480
78 34 286
78 35 494
78 36 490
78 37 434
78 38 392
78 39 415
78 40 272
78 41 471
78 42 283
78 43 402
78 44 441
78 45 271
78 46 292
78 47 360
78 48 336
78 49 398
78 50 383
78 51 258
78 52 304
78 53 317
78 54 325
78 55 458
78 56 356
78 57 288
78 58 431
78 59 386
78 60 410
78 61 474
78 62 461
78 63 394
78 64 479
78 65 342
78 66 271
78 67 434
78 68 342
78 69 492
78 70 258
78 71 300
78 72 405
78 73 333
78 74 446
78 75 466
78 76 497
78 77 469
78 79 499
78 80 362
78 81 341
78 82 348
78 83 279
78 84 493
78 85 257
78 86 414
78 87 321
78 88 332
78 89 284
78 90 456
78 91 407
78 92 288
78 93 372
78 94 406
78 95 294
78 96 429
78 97 449
78 98 383
78 99 354
79 1 388
79 2 382
79 3 367
79 4 341
79 5 263
79 6 347
79 7 337
79 8 353
79 9 302
79 10 477
79 11 379
79 12 365
79 13 400
79 14 434
79 15 311
79 16 311
79 17 314
79 18 367
79 19 461
79 20 284
79 21 250
79 22 293
79 23 252
79 24 320
79 25 307
79 26 435
79 27 419
79 28 386
79 29 473
79 30 326
79 31 287
79 32 374
79 33 495
79 34 444
79 35 352
79 36 427
79 37 482
79 38 409
79 39 286
79 40 497
79 41 274
79 42 348
79 43 266
79 44 334
79 45 290
79 46 497
79 47 398
79 48 344
79 49 445
79 50 441
79 51 429
79 52 266
79 53 393
79 54 303
79 55 286
79 56 285
79 57 477
79 58 434
79 59 390
79 60 275
79 61 342
79 62 309
79 63 384
79 64 390
79 65 253
79 66 351
79 67 347
79 68 319
79 69 346
79 70 477
79 71 314
79 72 416
79 73 417
79 74 323
79 75 499
79 76 354
79 77 403
79 78 499
79 80 326
79 81 450
79 82 466
79 83 350
79 84 262
79 85 297
79 86 390
79 87 301
79 88 461
79 89 338
79 90 482
79 91 317
79 92 252
79 93 466
79 94 441
79 95 412
79 96 325
79 97 338
79 98 488
79 99 277
80 1 319
80 2 350
80 3 483
80 4 490
80 5 381
80 6 258
80 7 472
80 8 356
80 9 255
80 10 300
80 11 489
80 12 453
80 13 447
80 14 432
80 15 495
80 16 318
80 17 302
80 18 448
80 19 277
80 20 443
80 21 401
80 22 339
80 23 313
80 24 464
80 25 396
80 26 432
80 27 293
80 28 292
80 29 369
80 30 333
80 31 411
80 32 459
80 33 395
80 34 271
80 35 382
80 36 282
80 37 259
80 38 492
80 39 337
80 40 477
80 41 361
80 42 329
80 43 313
80 44 480
80 45 467
80 46 292
80 47 342
80 48 431
80 49 368
80 50 368
80 51 315
80 52 365
80 53 380
80 54 467
80 55 399
80 56 377
80 57 287
80 58 494
80 59 393
80 60 274
80 61 342
80 62 354
80 63 417
80 64 324
80 65 309
80 66 284
80 67 351
80 68 290
80 69 324
80 70 495
80 71 378
80 72 333
80 73 415
80 74 472
80 75 265
80 76 351
80 77 449
80 78 362
80 79 326
80 81 418
80 82 366
80 83 456
80 84 425
80 85 396
80 86 440
80 87 434
80 88 381
80 89 368
80 90 436
80 91 419
80 92 407
80 93 326
80 94 277
80 95 416
80 96 292
80 97 342
80 98 383
80 99 419
81 1 296
81 2 327
81 3 434
81 4 479
81 5 489
81 6 427
81 7 303
81 8 490
81 9 319
81 10 377
81 11 483
81 12 254
81 13 288
81 14 271
81 15 347
81 16 314
81 17 498
81 18 304
81 19 463
81 20 398
81 21 322
81 22 424
81 23 448
81 24 310
81 25 439
81 26 415
81 27 483
81 28 423
81 29 258
81 30 448
81 31 464
81 32 356
81 33 301
81 34 441
81 35 458
81 36 409
81 37 452
81 38 296
81 39 397
81 40 318
81 41 495
81 42 461
81 43 498
81 44 283
81 45 429
81 46 393
81 47 289
81 48 270
81 49 424
81 50 403
81 51 313
81 52 379
81 53 437
81 54 462
81 55 263
81 56 308
81 57 482
81 58 418
81 59 435
81 60 380
81 61 367
81 62 428
81 63 374
81 64 335
81 65 488
81 66 288
81 67 430
81 68 334
81 69 448
81 70 318
81 71 253
81 72 377
81 73 399
81 74 318
81 75 349
81 76 290
81 77 323
81 78 341
81 79 450
81 80 418
81 82 465
81 83 347
81 84 446
81 85 322
81 86 388
81 87 347
81 88 279
81 89 341
81 90 480
81 91 404
81 92 395
81 93 496
81 94 264
81 95 379
81 96 266
81 97 350
81 98 328
81 99 466
82 1 277
82 2 399
82 3 391
82 4 462
82 5 309
82 6 375
82 7 356
82 8 454
82 9 253
82 10 418
82 11 416
82 12 353
82 13 435
82 14 345
82 15 324
82 16 497
82 17 283
82 18 320
82 19 287
82 20 396
82 21 294
82 22 484
82 23 422
82 24 321
82 25 360
82 26 390
82 27 476
82 28 371
82 29 442
82 30 423
82 31 272
82 32 410
82 33 407
82 34 362
82 35 392
82 36 290
82 37 268
82 38 391
82 39 251
82 40 295
82 41 497
82 42 412
82 43 394
82 44 368
82 45 250
82 46 299
82 47 469
82 48 260
82 49 316
82 50 485
82 51 347
82 52 359
82 53 500
82 54 393
82 55 329
82 56 368
82 57 257
82 58 404
82 59 312
82 60 436
82 61 444
82 62 469
82 63 431
82 64 257
82 65 255
82 66 301
82 67 322
82 68 259
82 69 363
82 70 260
82 71 448
82 72 398
82 73 366
82 74 401
82 75 264
82 76 406
82 77 487
82 78 348
82 79 466
82 80 366
82 81 465
82 83 371
82 84 337
82 85 434
82 86 260
82 87 329
82 88 283
82 89 492
82 90 478
82 91 380
82 92 303
82 93 314
82 94 257
82 95 264
82 96 250
82 97 408
82 98 394
82 99 409
83 1 281
83 2 417
83 3 472
83 4 419
83 5 443
83 6 352
83 7 276
83 8 432
83 9 346
83 10 373
83 11 461
83 12 421
83 13 379
83 14 467
83 15 400
83 16 426
83 17 362
83 18 314
83 19 385
83 20 390
83 21 471
83 22 360
83 23 312
83 24 415
83 25 444
83 26 459
83 27 401
83 28 469
83 29 293
83 30 414
83 31 321
83 32 432
83 33 412
83 34 384
83 35 482
83 36 405
83 37 413
83 38 434
83 39 316
83 40 444
83 41 402
83 42 427
83 43 266
83 44 482
83 45 453
83 46 433
83 47 391
83 48 262
83 49 378
83 50 407
83 51 342
83 52 263
83 53 402
83 54 362
83 55 428
83 56 478
83 57 457
83 58 435
83 59 270
83 60 421
83 61 412
83 62 498
83 63 308
83 64 374
83 65 490
83 66 361
83 67 325
83 68 491
83 69 379
83 70 470
83 71 484
83 72 429
83 73 478
83 74 498
83 75 480
83 76 496
83 77 373
83 78 279
83 79 350
83 80 456
83 81 347
83 82 371
83 84 354
83 85 369
83 86 254
83 87 430
83 88 488
83 89 417
83 90 403
83 91 411
83 92 490
83 93 351
83 94 313
83 95 440
83 96 448
83 97 436
83 98 251
83 99 337
84 1 277
84 2 402
84 3 254
84 4 455
84 5 355
84 6 352
84 7 255
84 8 354
84 9 384
84 10 425
84 11 327
84 12 284
84 13 349
84 14 401
84 15 353
84 16 432
84 17 353
84 18 334
84 19 362
84 20 433
84 21 333
84 22 498
84 23 446
84 24 356
84 25 353
84 26 428
84 27 334
84 28 335
84 29 439
84 30 420
84 31 451
84 32 463
84 33 424
84 34 475
84 35 497
84 36 341
84 37 375
84 38 430
84 39 474
84 40 408
84 41 448
84 42 287
84 43 284
84 44 253
84 45 441
84 46 459
84 47 397
84 48 407
84 49 294
84 50 368
84 51 270
84 52 297
84 53 385
84 54 498
84 55 344
84 56 431
84 57 347
84 58 310
84 59 275
84 60 351
84 61 295
84 62 489
84 63 252
84 64 252
84 65 322
84 66 324
84 67 261
84 68 434
84 69 448
84 70 472
84 71 465
84 72 387
84 73 337
84 74 357
84 75 398
84 76 391
84 77 375
84 78 493
84 79 262
84 80 425
84 81 446
84 82 337
84 83 354
84 85 280
84 86 404
84 87 374
84 88 431
84 89 402
84 90 272
84 91 457
84 92 390
84 93 345
84 94 300
84 95 282
84 96 308
84 97 482
84 98 268
84 99 369
85 1 413
85 2 432
85 3 435
85 4 416
85 5 321
85 6 443
85 7 417
85 8 407
85 9 423
85 10 304
85 11 374
85 12 292
85 13 454
85 14 393
85 15 358
85 16 451
85 17 344
85 18 269
85 19 274
85 20 456
85 21 447
85 22 361
85 23 415
85 24 452
85 25 402
85 26 439
85 27 325
85 28 500
85 29 392
85 30 494
85 31 452
85 32 300
85 33 281
85 34 301
85 35 448
85 36 373
85 37 284
85 38 415
85 39 260
85 40 257
85 41 302
85 42 401
85 43 316
85 44 283
85 45 402
85 46 279
85 47 408
85 48 493
85 49 415
85 50 454
85 51 409
85 52 420
85 53 252
85 54 408
85 55 455
85 56 403
85 57 304
85 58 406
85 59 402
85 60 293
85 61 431
85 62 398
85 63 407
85 64 288
85 65 368
85 66 469
85 67 387
85 68 265
85 69 489
85 70 291
85 71 295
85 72 350
85 73 326
85 74 335
85 75 264
85 76 257
85 77 279
85 78 257
85 79 297
85 80 396
85 81 322
85 82 434
85 83 369
85 84 280
85 86 434
85 87 340
85 88 273
85 89 486
85 90 379
85 91 434
85 92 284
85 93 467
85 94 408
85 95 459
85 96 272
85 97 368
85 98 392
85 99 250
86 1 435
86 2 434
86 3 388
86 4 294
86 5 332
86 6 484
86 7 419
86 8 303
86 9 256
86 10 295
86 11 500
86 12 450
86 13 323
86 14 447
86 15 436
86 16 482
86 17 452
86 18 443
86 19 395
86 20 481
86 21 270
86 22 302
86 23 381
86 24 384
86 25 374
86 26 457
86 27 410
86 28 280
86 29 419
86 30 296
86 31 256
86 32 451
86 33 322
86 34 367
86 35 286
86 36 337
86 37 364
86 38 449
86 39 330
86 40 338
86 41 390
86 42 262
86 43 345
86 44 470
86 45 379
86 46 434
86 47 387
86 48 416
86 49 316
86 50 361
86 51 397
86 52 283
86 53 411
86 54 352
86 55 345
86 56 252
86 57 421
86 58 254
86 59 308
86 60 421
86 61 352
86 62 284
86 63 481
86 64 349
86 65 310
86 66 251
86 67 452
86 68 397
86 69 483
86 70 274
86 71 400
86 72 336
86 73 341
86 74 327
86 75 373
86 76 268
86 77 318
86 78 414
86 79 390
86 80 440
86 81 388
86 82 260
86 83 254
86 84 404
86 85 434
86 87 481
86 88 472
86 89 304
86 90 404
86 91 260
86 92 470
86 93 281
86 94 486
86 95 379
86 96 473
86 97 314
86 98 252
86 99 402
87 1 359
87 2 323
87 3 467
87 4 446
87 5 388
87 6 331
87 7 436
87 8 272
87 9 452
87 10 292
87 11 392
87 12 252
87 13 388
87 14 445
87 15 325
87 16 264
87 17 485
87 18 396
87 19 271
87 20 430
87 21 316
87 22 489
87 23 284
87 24 253
87 25 498
87 26 327
87 27 391
87 28 299
87 29 488
87 30 258
87 31 294
87 32 313
87 33 299
87 34 491
87 35 316
87 36 286
87 37 349
87 38 265
87 39 303
87 40 373
87 41 282
87 42 308
87 43 484
87 44 285
87 45 458
87 46 320
87 47 395
87 48 453
87 49 496
87 50 486
87 51 398
87 52 458
87 53 263
87 54 322
87 55 347
87 56 279
87 57 498
87 58 312
87 59 398
87 60 453
87 61 455
87 62 394
87 63 322
87 64 463
87 65 423
87 66 328
87 67 348
87 68 405
87 69 348
87 70 485
87 71 325
87 72 276
87 73 473
87 74 267
87 75 455
87 76 317
87 77 311
87 78 321
87 79 301
87 80 434
87 81 347
87 82 329
87 83 430
87 84 374
87 85 340
87 86 481
87 88 397
87 89 261
87 90 257
87 91 477
87 92 340
87 93 272
87 94 280
87 95 382
87 96 350
87 97 424
87 98 486
87 99 273
88 1 481
88 2 364
88 3 382
88 4 384
88 5 496
88 6 469
88 7 264
88 8 475
88 9 287
88 10 420
88 11 314
88 12 327
88 13 347
88 14 282
88 15 489
88 16 491
88 17 473
88 18 441
88 19 454
88 20 308
88 21 274
88 22 366
88 23 285
88 24 270
88 25 330
88 26 418
88 27 449
88 28 474
88 29 255
88 30 458
88 31 499
88 32 408
88 33 492
88 34 350
88 35 419
88 36 406
88 37 281
88 38 436
88 39 253
88 40 328
88 41 251
88 42 399
88 43 374
88 44 474
88 45 403
88 46 302
88 47 267
88 48 328
88 49 473
88 50 290
88 51 486
88 52 422
88 53 472
88 54 385
88 55 283
88 56 424
88 57 394
88 58 389
88 59 407
88 60 426
88 61 399
88 62 250
88 63 363
88 64 266
88 65 296
88 66 326
88 67 471
88 68 422
88 69 385
88 70 372
88 71 320
88 72 394
88 73 367
88 74 357
88 75 261
88 76 420
88 77 323
88 78 332
88 79 461
88 80 381
88 81 279
88 82 283
88 83 488
88 84 431
88 85 273
88 86 472
88 87 397
88 89 305
88 90 437
88 91 259
88 92 411
88 93 327
88 94 485
88 95 318
88 96 403
88 97 415
88 98 315
88 99 256
89 1 300
89 2 399
89 3 438
89 4 414
89 5 347
89 6 354
89 7 302
89 8 436
89 9 299
89 10 342
89 11 481
89 12 284
89 13 297
89 14 251
89 15 293
89 16 373
89 17 454
89 18 426
89 19 302
89 20 477
89 21 432
89 22 271
89 23 310
89 24 302
89 25 425
89 26 357
89 27 387
89 28 450
89 29 260
89 30 265
89 31 325
89 32 407
89 33 493
89 34 451
89 35 446
89 36 414
89 37 316
89 38 268
89 39 313
89 40 370
89 41 393
89 42 432
89 43 258
89 44 451
89 45 383
89 46 371
89 47 426
89 48 460
89 49 444
89 50 472
89 51 472
89 52 422
89 53 352
89 54 416
89 55 456
89 56 407
89 57 268
89 58 393
89 59 404
89 60 338
89 61 307
89 62 490
89 63 446
89 64 461
89 65 331
89 66 338
89 67 376
89 68 332
89 69 480
89 70 365
89 71 334
89 72 258
89 73 498
89 74 261
89 75 347
89 76 347
89 77 453
89 78 284
89 79 338
89 80 368
89 81 341
89 82 492
89 83 417
89 84 402
89 85 486
89 86 304
89 87 261
89 88 305
89 90 391
89 91 456
89 92 374
89 93 307
89 94 309
89 95 458
89 96 397
89 97 368
89 98 339
89 99 463
90 1 311
90 2 332
90 3 440
90 4 474
90 5 319
90 6 251
90 7 429
90 8 333
90 9 250
90 10 496
90 11 430
90 12 296
90 13 373
90 14 476
90 15 442
90 16 434
90 17 431
90 18 493
90 19 373
90 20 459
90 21 320
90 22 364
90 23 486
90 24 338
90 25 376
90 26 251
90 27 425
90 28 334
90 29 335
90 30 488
90 31 253
90 32 356
90 33 408
90 34 302
90 35 339
90 36 422
90 37 317
90 38 372
90 39 259
90 40 306
90 41 481
90 42 481
90 43 423
90 44 335
90 45 268
90 46 292
90 47 384
90 48 272
90 49 487
90 50 466
90 51 271
90 52 318
90 53 286
90 54 291
90 55 342
90 56 416
90 57 313
90 58 458
90 59 381
90 60 341
90 61 329
90 62 413
90 63 433
90 64 304
90 65 457
90 66 312
90 67 351
90 68 377
90 69 438
90 70 410
90 71 458
90 72 362
90 73 452
90 74 313
90 75 372
90 76 350
90 77 315
90 78 456
90 79 482
90 80 436
90 81 480
90 82 478
90 83 403
90 84 272
90 85 379
90 86 404
90 87 257
90 88 437
90 89 391
90 91 334
90 92 269
90 93 328
90 94 327
90 95 423
90 96 305
90 97 411
90 98 456
90 99 426
91 1 467
91 2 420
91 3 281
91 4 409
91 5 473
91 6 372
91 7 369
91 8 275
91 9 469
91 10 439
91 11 394
91 12 379
91 13 277
91 14 281
91 15 286
91 16 252
91 17 417
91 18 462
91 19 393
91 20 432
91 21 433
91 22 319
91 23 282
91 24 465
91 25 425
91 26 287
91 27 424
91 28 431
91 29 444
91 30 364
91 31 358
91 32 334
91 33 486
91 34 322
91 35 493
91 36 420
91 37 489
91 38 377
91 39 257
91 40 481
91 41 277
91 42 467
91 43 254
91 44 389
91 45 361
91 46 443
91 47 422
91 48 294
91 49 319
91 50 331
91 51 488
91 52 447
91 53 280
91 54 321
91 55 350
91 56 486
91 57 349
91 58 438
91 59 480
91 60 287
91 61 365
91 62 326
91 63 335
91 64 397
91 65 356
91 66 492
91 67 420
91 68 335
91 69 303
91 70 263
91 71 428
91 72 367
91 73 289
91 74 466
91 75 464
91 76 459
91 77 324
91 78 407
91 79 317
91 80 419
91 81 404
91 82 380
91 83 411
91 84 457
91 85 434
91 86 260
91 87 477
91 88 259
91 89 456
91 90 334
91 92 406
91 93 453
91 94 467
91 95 474
91 96 341
91 97 385
91 98 431
91 99 453
92 1 498
92 2 373
92 3 455
92 4 377
92 5 252
92 6 320
92 7 267
92 8 346
92 9 337
92 10 474
92 11 353
92 12 489
92 13 337
92 14 289
92 15 394
92 16 337
92 17 284
92 18 378
92 19 407
92 20 491
92 21 261
92 22 264
92 23 444
92 24 387
92 25 487
92 26 367
92 27 472
92 28 468
92 29 437
92 30 278
92 31 266
92 32 445
92 33 474
92 34 500
92 35 447
92 36 480
92 37 393
92 38 320
92 39 264
92 40 449
92 41 493
92 42 301
92 43 306
92 44 404
92 45 328
92 46 280
92 47 392
92 48 254
92 49 450
92 50 285
92 51 257
92 52 287
92 53 488
92 54 365
92 55 373
92 56 252
92 57 376
92 58 320
92 59 282
92 60 254
92 61 354
92 62 487
92 63 488
92 64 391
92 65 274
92 66 474
92 67 321
92 68 432
92 69 407
92 70 394
92 71 268
92 72 499
92 73 411
92 74 339
92 75 406
92 76 281
92 77 442
92 78 288
92 79 252
92 80 407
92 81 395
92 82 303
92 83 490
92 84 390
92 85 284
92 86 470
92 87 340
92 88 411
92 89 374
92 90 269
92 91 406
92 93 404
92 94 291
92 95 469
92 96 259
92 97 475
92 98 266
92 99 483
93 1 451
93 2 394
93 3 356
93 4 378
93 5 404
93 6 342
93 7 449
93 8 413
93 9 395
93 10 383
93 11 310
93 12 323
93 13 491
93 14 378
93 15 298
93 16 463
93 17 338
93 18 478
93 19 342
93 20 367
93 21 493
93 22 292
93 23 365
93 24 254
93 25 411
93 26 279
93 27 380
93 28 480
93 29 423
93 30 340
93 31 500
93 32 477
93 33 469
93 34 368
93 35 449
93 36 473
93 37 276
93 38 367
93 39 376
93 40 311
93 41 316
93 42 496
93 43 409
93 44 368
93 45 282
93 46 455
93 47 289
93 48 463
93 49 470
93 50 455
93 51 296
93 52 418
93 53 256
93 54 485
93 55 464
93 56 279
93 57 432
93 58 451
93 59 491
93 60 302
93 61 377
93 62 361
93 63 386
93 64 287
93 65 295
93 66 392
93 67 390
93 68 469
93 69 285
93 70 488
93 71 457
93 72 339
93 73 443
93 74 251
93 75 328
93 76 425
93 77 445
93 78 372
93 79 466
93 80 326
93 81 496
93 82 314
93 83 351
93 84 345
93 85 467
93 86 281
93 87 272
93 88 327
93 89 307
93 90 328
93 91 453
93 92 404
93 94 493
93 95 397
93 96 308
93 97 279
93 98 382
93 99 278
94 1 368
94 2 386
94 3 282
94 4 272
94 5 374
94 6 300
94 7 463
94 8 389
94 9 368
94 10 412
94 11 402
94 12 259
94 13 386
94 14 367
94 15 349
94 16 379
94 17 457
94 18 385
94 19 331
94 20 453
94 21 395
94 22 414
94 23 326
94 24 263
94 25 457
94 26 305
94 27 398
94 28 491
94 29 373
94 30 299
94 31 433
94 32 351
94 33 334
94 34 297
94 35 310
94 36 443
94 37 276
94 38 406
94 39 421
94 40 393
94 41 361
94 42 355
94 43 284
94 44 328
94 45 328
94 46 360
94 47 269
94 48 354
94 49 391
94 50 363
94 51 326
94 52 491
94 53 380
94 54 288
94 55 306
94 56 299
94 57 312
94 58 482
94 59 385
94 60 488
94 61 425
94 62 459
94 63 263
94 64 437
94 65 315
94 66 492
94 67 290
94 68 312
94 69 304
94 70 320
94 71 470
94 72 404
94 73 426
94 74 251
94 75 350
94 76 364
94 77 419
94 78 406
94 79 441
94 80 277
94 81 264
94 82 257
94 83 313
94 84 300
94 85 408
94 86 486
94 87 280
94 88 485
94 89 309
94 90 327
94 91 467
94 92 291
94 93 493
94 95 294
94 96 419
94 97 432
94 98 320
94 99 377
95 1 361
95 2 376
95 3 364
95 4 400
95 5 294
95 6 276
95 7 320
95 8 316
95 9 375
95 10 392
95 11 303
95 12 462
95 13 406
95 14 442
95 15 467
95 16 309
95 17 302
95 18 441
95 19 288
95 20 256
95 21 459
95 22 296
95 23 260
95 24 439
95 25 421
95 26 421
95 27 429
95 28 434
95 29 490
95 30 459
95 31 297
95 32 306
95 33 431
95 34 366
95 35 381
95 36 363
95 37 258
95 38 494
95 39 351
95 40 456
95 41 464
95 42 419
95 43 389
95 44 292
95 45 261
95 46 347
95 47 341
95 48 285
95 49 371
95 50 376
95 51 417
95 52 473
95 53 468
95 54 289
95 55 304
95 56 439
95 57 465
95 58 286
95 59 475
95 60 401
95 61 475
95 62 354
95 63 464
95 64 356
95 65 417
95 66 391
95 67 427
95 68 446
95 69 330
95 70 280
95 71 277
95 72 485
95 73 278
95 74 400
95 75 319
95 76 351
95 77 318
95 78 294
95 79 412
95 80 416
95 81 379
95 82 264
95 83 440
95 84 282
95 85 459
95 86 379
95 87 382
95 88 318
95 89 458
95 90 423
95 91 474
95 92 469
95 93 397
95 94 294
95 96 360
95 97 366
95 98 305
95 99 432
96 1 493
96 2 495
96 3 437
96 4 384
96 5 385
96 6 315
96 7 404
96 8 291
96 9 453
96 10 393
96 11 335
96 12 374
96 13 307
96 14 392
96 15 352
96 16 340
96 17 370
96 18 497
96 19 429
96 20 455
96 21 292
96 22 369
96 23 467
96 24 351
96 25 442
96 26 313
96 27 382
96 28 463
96 29 442
96 30 255
96 31 380
96 32 387
96 33 482
96 34 323
96 35 317
96 36 276
96 37 344
96 38 467
96 39 492
96 40 372
96 41 422
96 42 432
96 43 456
96 44 340
96 45 391
96 46 484
96 47 426
96 48 387
96 49 358
96 50 278
96 51 473
96 52 253
96 53 262
96 54 317
96 55 319
96 56 301
96 57 464
96 58 287
96 59 319
96 60 472
96 61 480
96 62 424
96 63 394
96 64 296
96 65 481
96 66 295
96 67 464
96 68 432
96 69 259
96 70 298
96 71 317
96 72 418
96 73 340
96 74 293
96 75 349
96 76 470
96 77 345
96 78 429
96 79 325
96 80 292
96 81 266
96 82 250
96 83 448
96 84 308
96 85 272
96 86 473
96 87 350
96 88 403
96 89 397
96 90 305
96 91 341
96 92 259
96 93 308
96 94 419
96 95 360
96 97 360
96 98 287
96 99 304
97 1 265
97 2 479
97 3 396
97 4 332
97 5 315
97 6 373
97 7 460
97 8 345
97 9 338
97 10 292
97 11 309
97 12 353
97 13 459
97 14 277
97 15 272
97 16 445
97 17 257
97 18 270
97 19 484
97 20 410
97 21 483
97 22 292
97 23 354
97 24 304
97 25 473
97 26 401
97 27 481
97 28 343
97 29 413
97 30 273
97 31 268
97 32 335
97 33 289
97 34 364
97 35 469
97 36 351
97 37 256
97 38 259
97 39 305
97 40 250
97 41 486
97 42 426
97 43 317
97 44 390
97 45 489
97 46 288
97 47 254
97 48 400
97 49 290
97 50 331
97 51 259
97 52 449
97 53 266
97 54 428
97 55 322
97 56 461
97 57 357
97 58 414
97 59 375
97 60 367
97 61 453
97 62 470
97 63 290
97 64 337
97 65 426
97 66 282
97 67 441
97 68 390
97 69 261
97 70 390
97 71 311
97 72 259
97 73 478
97 74 433
97 75 498
97 76 374
97 77 341
97 78 449
97 79 338
97 80 342
97 81 350
97 82 408
97 83 436
97 84 482
97 85 368
97 86 314
97 87 424
97 88 415
97 89 368
97 90 411
97 91 385
97 92 475
97 93 279
97 94 432
97 95 366
97 96 360
97 98 313
97 99 358
98 1 333
98 2 480
98 3 373
98 4 370
98 5 402
98 6 269
98 7 250
98 8 389
98 9 298
98 10 282
98 11 318
98 12 429
98 13 275
98 14 443
98 15 439
98 16 421
98 17 444
98 18 262
98 19 368
98 20 406
98 21 259
98 22 311
98 23 477
98 24 265
98 25 274
98 26 445
98 27 274
98 28 452
98 29 359
98 30 395
98 31 271
98 32 343
98 33 294
98 34 336
98 35 310
98 36 320
98 37 448
98 38 345
98 39 484
98 40 431
98 41 414
98 42 250
98 43 423
98 44 439
98 45 389
98 46 299
98 47 384
98 48 326
98 49 335
98 50 450
98 51 399
98 52 382
98 53 408
98 54 345
98 55 467
98 56 471
98 57 465
98 58 332
98 59 459
98 60 465
98 61 442
98 62 404
98 63 490
98 64 426
98 65 454
98 66 357
98 67 444
98 68 315
98 69 289
98 70 474
98 71 376
98 72 283
98 73 384
98 74 331
98 75 378
98 76 348
98 77 357
98 78 383
98 79 488
98 80 383
98 81 328
98 82 394
98 83 251
98 84 268
98 85 392
98 86 252
98 87 486
98 88 315
98 89 339
98 90 456
98 91 431
98 92 266
98 93 382
98 94 320
98 95 305
98 96 287
98 97 313
98 99 441
1 t 284
2 t 252
3 t 293
4 t 342
5 t 276
6 t 435
7 t 330
8 t 306
9 t 389
10 t 412
11 t 409
12 t 425
13 t 250
14 t 420
15 t 488
16 t 353
17 t 408
18 t 451
19 t 403
20 t 285
21 t 382
22 t 364
23 t 416
24 t 435
25 t 498
26 t 272
27 t 463
28 t 431
29 t 314
30 t 328
31 t 313
32 t 482
33 t 449
34 t 387
35 t 471
36 t 284
37 t 290
38 t 276
39 t 468
40 t 390
41 t 310
42 t 279
43 t 480
44 t 279
45 t 318
46 t 299
47 t 444
48 t 429
49 t 284
50 t 466
51 t 386
52 t 400
53 t 276
54 t 430
55 t 499
56 t 448
57 t 324
58 t 444
59 t 352
60 t 409
61 t 499
62 t 340
63 t 331
64 t 416
65 t 343
66 t 287
67 t 303
68 t 325
69 t 322
70 t 372
71 t 325
72 t 361
73 t 496
74 t 455
75 t 331
76 t 492
77 t 452
78 t 354
79 t 277
80 t 419
81 t 466
82 t 409
83 t 337
84 t 369
85 t 250
86 t 402
87 t 273
88 t 256
89 t 463
90 t 426
91 t 453
92 t 483
93 t 278
94 t 377
95 t 432
96 t 304
97 t 358
98 t 441
