s 1 94
s 2 99
s 3 51
s 4 89
s 5 98
s 6 76
s 7 75
s 8 63
s 9 60
s 10 52
s 11 100
s 12 83
s 13 54
s 14 71
s 15 78
s 16 77
s 17 52
s 18 89
s 19 99
s 20 91
s 21 73
s 22 96
s 23 88
s 24 87
s 25 96
s 26 65
s 27 99
s 28 99
s 29 98
s 30 79
s 31 68
s 32 100
s 33 73
s 34 80
s 35 63
s 36 81
s 37 56
s 38 74
s 39 88
s 40 80
s 41 75
s 42 55
s 43 51
s 44 62
s 45 57
s 46 79
s 47 79
s 48 73
s 49 64
s 50 75
s 51 65
s 52 52
s 53 95
s 54 51
s 55 76
s 56 100
s 57 69
s 58 67
s 59 98
s 60 94
s 61 62
s 62 78
s 63 50
s 64 60
s 65 84
s 66 89
s 67 51
s 68 56
s 69 80
s 70 96
s 71 87
s 72 65
s 73 97
s 74 67
s 75 50
s 76 86
s 77 84
s 78 86
s 79 99
s 80 75
s 81 66
s 82 73
s 83 98
s 84 68
s 85 75
s 86 95
s 87 95
s 88 99
s 89 96
s 90 86
s 91 74
s 92 97
s 93 61
s 94 77
s 95 80
s 96 84
s 97 66
s 98 56
s 99 51
1 2 65
1 3 77
1 4 68
1 5 74
1 6 51
1 7 52
1 8 65
1 9 86
1 10 86
1 11 81
1 12 61
1 13 53
1 14 73
1 15 98
1 16 50
1 17 61
1 18 50
1 19 68
1 20 73
1 21 88
1 22 68
1 23 95
1 24 100
1 25 79
1 26 69
1 27 92
1 28 50
1 29 93
1 30 75
1 31 55
1 32 54
1 33 54
1 34 63
1 35 96
1 36 85
1 37 59
1 38 82
1 39 76
1 40 60
1 41 69
1 42 77
1 43 80
1 44 96
1 45 97
1 46 65
1 47 100
1 48 65
1 49 70
1 50 51
1 51 96
1 52 91
1 53 78
1 54 79
1 55 64
1 56 79
1 57 87
1 58 76
1 59 93
1 60 62
1 61 72
1 62 77
1 63 97
1 64 85
1 65 89
1 66 65
1 67 89
1 68 99
1 69 76
1 70 98
1 71 69
1 72 56
1 73 98
1 74 91
1 75 65
1 76 84
1 77 97
1 78 96
1 79 99
1 80 63
1 81 66
1 82 52
1 83 72
1 84 89
1 85 61
1 86 100
1 87 99
1 88 80
1 89 92
1 90 79
1 91 52
1 92 90
1 93 99
1 94 89
1 95 84
1 96 56
1 97 76
1 98 62
1 99 52
2 1 65
2 3 81
2 4 54
2 5 96
2 6 58
2 7 73
2 8 100
2 9 99
2 10 77
2 11 74
2 12 95
2 13 85
2 14 74
2 15 59
2 16 58
2 17 61
2 18 60
2 19 71
2 20 72
2 21 54
2 22 86
2 23 54
2 24 90
2 25 80
2 26 83
2 27 97
2 28 64
2 29 81
2 30 76
2 31 72
2 32 68
2 33 65
2 34 81
2 35 84
2 36 86
2 37 69
2 38 69
2 39 58
2 40 77
2 41 94
2 42 78
2 43 67
2 44 93
2 45 82
2 46 64
2 47 97
2 48 74
2 49 82
2 50 94
2 51 70
2 52 92
2 53 55
2 54 86
2 55 69
2 56 54
2 57 55
2 58 99
2 59 72
2 60 67
2 61 74
2 62 69
2 63 68
2 64 51
2 65 93
2 66 58
2 67 96
2 68 76
2 69 75
2 70 73
2 71 51
2 72 56
2 73 62
2 74 62
2 75 66
2 76 94
2 77 89
2 78 97
2 79 68
2 80 86
2 81 69
2 82 58
2 83 53
2 84 61
2 85 98
2 86 76
2 87 88
2 88 69
2 89 85
2 90 100
2 91 90
2 92 72
2 93 95
2 94 70
2 95 71
2 96 87
2 97 53
2 98 73
2 99 91
3 1 77
3 2 81
3 4 95
3 5 58
3 6 97
3 7 74
3 8 96
3 9 62
3 10 70
3 11 58
3 12 82
3 13 70
3 14 88
3 15 67
3 16 51
3 17 75
3 18 55
3 19 89
3 20 54
3 21 71
3 22 75
3 23 78
3 24 58
3 25 68
3 26 76
3 27 59
3 28 59
3 29 57
3 30 50
3 31 65
3 32 65
3 33 78
3 34 52
3 35 53
3 36 51
3 37 94
3 38 79
3 39 78
3 40 65
3 41 95
3 42 84
3 43 52
3 44 66
3 45 92
3 46 98
3 47 72
3 48 55
3 49 82
3 50 60
3 51 88
3 52 58
3 53 72
3 54 70
3 55 72
3 56 50
3 57 89
3 58 97
3 59 67
3 60 81
3 61 52
3 62 99
3 63 54
3 64 100
3 65 88
3 66 76
3 67 74
3 68 82
3 69 55
3 70 77
3 71 99
3 72 59
3 73 80
3 74 85
3 75 93
3 76 77
3 77 71
3 78 98
3 79 65
3 80 59
3 81 53
3 82 54
3 83 99
3 84 86
3 85 56
3 86 87
3 87 73
3 88 90
3 89 96
3 90 89
3 91 69
3 92 84
3 93 98
3 94 59
3 95 57
3 96 58
3 97 99
3 98 76
3 99 93
4 1 68
4 2 54
4 3 95
4 5 98
4 6 81
4 7 79
4 8 81
4 9 67
4 10 50
4 11 68
4 12 93
4 13 72
4 14 53
4 15 66
4 16 80
4 17 91
4 18 99
4 19 57
4 20 57
4 21 79
4 22 50
4 23 65
4 24 51
4 25 66
4 26 98
4 27 85
4 28 99
4 29 87
4 30 54
4 31 64
4 32 71
4 33 81
4 34 57
4 35 87
4 36 57
4 37 82
4 38 98
4 39 69
4 40 97
4 41 87
4 42 72
4 43 59
4 44 100
4 45 89
4 46 76
4 47 77
4 48 61
4 49 77
4 50 99
4 51 84
4 52 61
4 53 87
4 54 92
4 55 60
4 56 83
4 57 97
4 58 57
4 59 75
4 60 60
4 61 83
4 62 79
4 63 79
4 64 66
4 65 67
4 66 56
4 67 99
4 68 88
4 69 93
4 70 50
4 71 88
4 72 79
4 73 82
4 74 91
4 75 100
4 76 77
4 77 92
4 78 82
4 79 59
4 80 75
4 81 97
4 82 52
4 83 91
4 84 97
4 85 56
4 86 69
4 87 91
4 88 58
4 89 54
4 90 96
4 91 86
4 92 55
4 93 61
4 94 94
4 95 91
4 96 56
4 97 67
4 98 89
4 99 70
5 1 74
5 2 96
5 3 58
5 4 98
5 6 56
5 7 60
5 8 83
5 9 54
5 10 90
5 11 100
5 12 76
5 13 100
5 14 96
5 15 84
5 16 72
5 17 64
5 18 83
5 19 58
5 20 84
5 21 89
5 22 98
5 23 87
5 24 81
5 25 85
5 26 72
5 27 65
5 28 97
5 29 59
5 30 66
5 31 82
5 32 60
5 33 57
5 34 95
5 35 73
5 36 83
5 37 67
5 38 93
5 39 51
5 40 96
5 41 89
5 42 51
5 43 92
5 44 60
5 45 95
5 46 87
5 47 88
5 48 60
5 49 62
5 50 75
5 51 63
5 52 85
5 53 81
5 54 51
5 55 55
5 56 60
5 57 61
5 58 55
5 59 88
5 60 72
5 61 85
5 62 84
5 63 50
5 64 100
5 65 59
5 66 72
5 67 84
5 68 95
5 69 61
5 70 78
5 71 94
5 72 82
5 73 99
5 74 66
5 75 63
5 76 83
5 77 63
5 78 84
5 79 72
5 80 61
5 81 53
5 82 77
5 83 99
5 84 59
5 85 99
5 86 67
5 87 67
5 88 65
5 89 75
5 90 81
5 91 51
5 92 74
5 93 61
5 94 65
5 95 64
5 96 74
5 97 50
5 98 65
5 99 76
6 1 51
6 2 58
6 3 97
6 4 81
6 5 56
6 7 62
6 8 73
6 9 72
6 10 64
6 11 76
6 12 64
6 13 52
6 14 97
6 15 54
6 16 96
6 17 79
6 18 92
6 19 85
6 20 65
6 21 72
6 22 88
6 23 94
6 24 88
6 25 58
6 26 97
6 27 94
6 28 92
6 29 68
6 30 87
6 31 75
6 32 74
6 33 90
6 34 83
6 35 100
6 36 64
6 37 86
6 38 69
6 39 88
6 40 57
6 41 79
6 42 54
6 43 92
6 44 88
6 45 81
6 46 65
6 47 96
6 48 52
6 49 82
6 50 75
6 51 88
6 52 94
6 53 55
6 54 74
6 55 76
6 56 93
6 57 65
6 58 83
6 59 92
6 60 89
6 61 87
6 62 76
6 63 88
6 64 91
6 65 81
6 66 78
6 67 85
6 68 100
6 69 82
6 70 78
6 71 59
6 72 62
6 73 85
6 74 83
6 75 100
6 76 62
6 77 91
6 78 85
6 79 78
6 80 55
6 81 59
6 82 53
6 83 55
6 84 61
6 85 87
6 86 65
6 87 74
6 88 60
6 89 99
6 90 61
6 91 66
6 92 55
6 93 85
6 94 84
6 95 81
6 96 67
6 97 52
6 98 51
6 99 70
7 1 52
7 2 73
7 3 74
7 4 79
7 5 60
7 6 62
7 8 60
7 9 93
7 10 71
7 11 100
7 12 90
7 13 73
7 14 85
7 15 54
7 16 65
7 17 57
7 18 67
7 19 57
7 20 57
7 21 85
7 22 78
7 23 95
7 24 92
7 25 95
7 26 99
7 27 56
7 28 50
7 29 62
7 30 73
7 31 87
7 32 94
7 33 56
7 34 84
7 35 82
7 36 93
7 37 87
7 38 54
7 39 61
7 40 93
7 41 75
7 42 78
7 43 77
7 44 67
7 45 51
7 46 92
7 47 50
7 48 90
7 49 98
7 50 72
7 51 58
7 52 98
7 53 82
7 54 93
7 55 50
7 56 62
7 57 86
7 58 52
7 59 53
7 60 84
7 61 57
7 62 73
7 63 66
7 64 91
7 65 74
7 66 75
7 67 84
7 68 79
7 69 99
7 70 59
7 71 73
7 72 80
7 73 85
7 74 54
7 75 50
7 76 97
7 77 87
7 78 67
7 79 81
7 80 66
7 81 69
7 82 97
7 83 70
7 84 63
7 85 76
7 86 59
7 87 65
7 88 52
7 89 93
7 90 76
7 91 80
7 92 50
7 93 58
7 94 74
7 95 60
7 96 70
7 97 73
7 98 58
7 99 53
8 1 65
8 2 100
8 3 96
8 4 81
8 5 83
8 6 73
8 7 60
8 9 79
8 10 95
8 11 75
8 12 92
8 13 96
8 14 57
8 15 61
8 16 69
8 17 83
8 18 50
8 19 91
8 20 54
8 21 66
8 22 56
8 23 90
8 24 89
8 25 87
8 26 83
8 27 88
8 28 80
8 29 59
8 30 76
8 31 92
8 32 96
8 33 84
8 34 95
8 35 97
8 36 68
8 37 70
8 38 54
8 39 73
8 40 100
8 41 57
8 42 78
8 43 94
8 44 64
8 45 70
8 46 63
8 47 84
8 48 85
8 49 88
8 50 95
8 51 54
8 52 80
8 53 87
8 54 84
8 55 91
8 56 89
8 57 50
8 58 59
8 59 55
8 60 62
8 61 70
8 62 81
8 63 89
8 64 92
8 65 59
8 66 91
8 67 62
8 68 70
8 69 91
8 70 69
8 71 94
8 72 96
8 73 87
8 74 95
8 75 77
8 76 64
8 77 79
8 78 73
8 79 58
8 80 90
8 81 99
8 82 71
8 83 99
8 84 96
8 85 59
8 86 54
8 87 58
8 88 73
8 89 97
8 90 68
8 91 64
8 92 71
8 93 68
8 94 85
8 95 61
8 96 73
8 97 95
8 98 94
8 99 55
9 1 86
9 2 99
9 3 62
9 4 67
9 5 54
9 6 72
9 7 93
9 8 79
9 10 58
9 11 71
9 12 68
9 13 66
9 14 99
9 15 95
9 16 75
9 17 52
9 18 86
9 19 68
9 20 87
9 21 99
9 22 50
9 23 98
9 24 93
9 25 60
9 26 63
9 27 53
9 28 78
9 29 91
9 30 81
9 31 72
9 32 81
9 33 52
9 34 64
9 35 55
9 36 93
9 37 71
9 38 75
9 39 69
9 40 74
9 41 84
9 42 62
9 43 86
9 44 50
9 45 67
9 46 69
9 47 94
9 48 88
9 49 80
9 50 78
9 51 94
9 52 98
9 53 98
9 54 63
9 55 76
9 56 74
9 57 71
9 58 72
9 59 96
9 60 68
9 61 89
9 62 64
9 63 78
9 64 86
9 65 91
9 66 61
9 67 65
9 68 72
9 69 96
9 70 78
9 71 97
9 72 61
9 73 61
9 74 99
9 75 56
9 76 90
9 77 65
9 78 93
9 79 50
9 80 98
9 81 88
9 82 94
9 83 82
9 84 80
9 85 78
9 86 100
9 87 70
9 88 67
9 89 52
9 90 70
9 91 86
9 92 99
9 93 81
9 94 71
9 95 88
9 96 94
9 97 67
9 98 89
9 99 64
10 1 86
10 2 77
10 3 70
10 4 50
10 5 90
10 6 64
10 7 71
10 8 95
10 9 58
10 11 65
10 12 56
10 13 50
10 14 70
10 15 97
10 16 59
10 17 95
10 18 61
10 19 84
10 20 52
10 21 60
10 22 71
10 23 83
10 24 61
10 25 54
10 26 100
10 27 50
10 28 74
10 29 77
10 30 61
10 31 60
10 32 72
10 33 99
10 34 83
10 35 61
10 36 70
10 37 69
10 38 80
10 39 72
10 40 84
10 41 99
10 42 60
10 43 90
10 44 85
10 45 92
10 46 74
10 47 73
10 48 53
10 49 59
10 50 78
10 51 66
10 52 98
10 53 55
10 54 75
10 55 99
10 56 88
10 57 90
10 58 98
10 59 89
10 60 57
10 61 79
10 62 98
10 63 86
10 64 73
10 65 82
10 66 76
10 67 61
10 68 69
10 69 100
10 70 100
10 71 99
10 72 72
10 73 61
10 74 64
10 75 67
10 76 59
10 77 56
10 78 82
10 79 71
10 80 98
10 81 72
10 82 73
10 83 84
10 84 51
10 85 62
10 86 58
10 87 63
10 88 65
10 89 88
10 90 83
10 91 99
10 92 69
10 93 62
10 94 99
10 95 64
10 96 77
10 97 96
10 98 90
10 99 81
11 1 81
11 2 74
11 3 58
11 4 68
11 5 100
11 6 76
11 7 100
11 8 75
11 9 71
11 10 65
11 12 80
11 13 73
11 14 83
11 15 92
11 16 71
11 17 92
11 18 98
11 19 61
11 20 65
11 21 78
11 22 64
11 23 83
11 24 62
11 25 98
11 26 57
11 27 81
11 28 65
11 29 97
11 30 68
11 31 55
11 32 63
11 33 81
11 34 100
11 35 80
11 36 51
11 37 92
11 38 62
11 39 78
11 40 74
11 41 57
11 42 64
11 43 50
11 44 61
11 45 50
11 46 57
11 47 92
11 48 62
11 49 59
11 50 72
11 51 67
11 52 93
11 53 91
11 54 58
11 55 70
11 56 69
11 57 51
11 58 61
11 59 70
11 60 73
11 61 69
11 62 98
11 63 82
11 64 61
11 65 72
11 66 76
11 67 68
11 68 78
11 69 68
11 70 85
11 71 84
11 72 54
11 73 59
11 74 74
11 75 86
11 76 63
11 77 84
11 78 60
11 79 69
11 80 76
11 81 75
11 82 95
11 83 51
11 84 60
11 85 87
11 86 74
11 87 51
11 88 82
11 89 79
11 90 88
11 91 62
11 92 53
11 93 75
11 94 65
11 95 74
11 96 65
11 97 75
11 98 93
11 99 85
12 1 61
12 2 95
12 3 82
12 4 93
12 5 76
12 6 64
12 7 90
12 8 92
12 9 68
12 10 56
12 11 80
12 13 64
12 14 79
12 15 97
12 16 57
12 17 51
12 18 62
12 19 76
12 20 58
12 21 57
12 22 70
12 23 50
12 24 97
12 25 71
12 26 90
12 27 60
12 28 97
12 29 82
12 30 97
12 31 83
12 32 88
12 33 77
12 34 91
12 35 87
12 36 84
12 37 77
12 38 72
12 39 81
12 40 84
12 41 80
12 42 85
12 43 58
12 44 79
12 45 95
12 46 90
12 47 68
12 48 68
12 49 82
12 50 62
12 51 80
12 52 91
12 53 53
12 54 91
12 55 71
12 56 87
12 57 96
12 58 99
12 59 76
12 60 58
12 61 76
12 62 93
12 63 100
12 64 50
12 65 53
12 66 88
12 67 85
12 68 84
12 69 98
12 70 80
12 71 59
12 72 88
12 73 55
12 74 53
12 75 56
12 76 79
12 77 94
12 78 65
12 79 81
12 80 71
12 81 67
12 82 90
12 83 93
12 84 90
12 85 85
12 86 63
12 87 76
12 88 69
12 89 76
12 90 96
12 91 80
12 92 79
12 93 70
12 94 74
12 95 89
12 96 63
12 97 94
12 98 67
12 99 80
13 1 53
13 2 85
13 3 70
13 4 72
13 5 100
13 6 52
13 7 73
13 8 96
13 9 66
13 10 50
13 11 73
13 12 64
13 14 63
13 15 65
13 16 66
13 17 93
13 18 84
13 19 93
13 20 79
13 21 86
13 22 90
13 23 75
13 24 75
13 25 93
13 26 77
13 27 99
13 28 60
13 29 50
13 30 50
13 31 61
13 32 52
13 33 60
13 34 91
13 35 73
13 36 50
13 37 79
13 38 77
13 39 55
13 40 55
13 41 99
13 42 73
13 43 96
13 44 67
13 45 76
13 46 57
13 47 85
13 48 82
13 49 55
13 50 97
13 51 97
13 52 56
13 53 56
13 54 95
13 55 83
13 56 81
13 57 93
13 58 58
13 59 94
13 60 81
13 61 73
13 62 71
13 63 61
13 64 69
13 65 98
13 66 72
13 67 75
13 68 70
13 69 58
13 70 58
13 71 99
13 72 51
13 73 60
13 74 53
13 75 73
13 76 89
13 77 82
13 78 65
13 79 83
13 80 84
13 81 65
13 82 86
13 83 92
13 84 76
13 85 88
13 86 80
13 87 82
13 88 88
13 89 77
13 90 87
13 91 70
13 92 56
13 93 86
13 94 92
13 95 90
13 96 60
13 97 89
13 98 63
13 99 65
14 1 73
14 2 74
14 3 88
14 4 53
14 5 96
14 6 97
14 7 85
14 8 57
14 9 99
14 10 70
14 11 83
14 12 79
14 13 63
14 15 91
14 16 94
14 17 94
14 18 64
14 19 96
14 20 73
14 21 78
14 22 76
14 23 90
14 24 60
14 25 75
14 26 56
14 27 80
14 28 93
14 29 72
14 30 73
14 31 93
14 32 87
14 33 64
14 34 63
14 35 93
14 36 91
14 37 86
14 38 50
14 39 55
14 40 84
14 41 92
14 42 85
14 43 98
14 44 95
14 45 66
14 46 53
14 47 51
14 48 56
14 49 64
14 50 93
14 51 55
14 52 97
14 53 50
14 54 93
14 55 77
14 56 59
14 57 87
14 58 56
14 59 62
14 60 66
14 61 98
14 62 64
14 63 50
14 64 53
14 65 78
14 66 91
14 67 82
14 68 81
14 69 61
14 70 63
14 71 69
14 72 97
14 73 63
14 74 54
14 75 94
14 76 96
14 77 96
14 78 79
14 79 55
14 80 89
14 81 64
14 82 56
14 83 74
14 84 59
14 85 89
14 86 56
14 87 62
14 88 89
14 89 87
14 90 66
14 91 86
14 92 68
14 93 68
14 94 75
14 95 83
14 96 90
14 97 92
14 98 60
14 99 91
15 1 98
15 2 59
15 3 67
15 4 66
15 5 84
15 6 54
15 7 54
15 8 61
15 9 95
15 10 97
15 11 92
15 12 97
15 13 65
15 14 91
15 16 81
15 17 70
15 18 60
15 19 93
15 20 63
15 21 96
15 22 64
15 23 66
15 24 88
15 25 96
15 26 76
15 27 51
15 28 79
15 29 81
15 30 60
15 31 100
15 32 100
15 33 85
15 34 87
15 35 58
15 36 93
15 37 71
15 38 51
15 39 65
15 40 90
15 41 78
15 42 100
15 43 58
15 44 63
15 45 76
15 46 70
15 47 98
15 48 68
15 49 94
15 50 98
15 51 59
15 52 52
15 53 51
15 54 88
15 55 99
15 56 90
15 57 79
15 58 66
15 59 57
15 60 59
15 61 55
15 62 51
15 63 74
15 64 68
15 65 95
15 66 97
15 67 78
15 68 84
15 69 82
15 70 80
15 71 87
15 72 77
15 73 60
15 74 56
15 75 58
15 76 92
15 77 84
15 78 85
15 79 52
15 80 84
15 81 50
15 82 100
15 83 79
15 84 85
15 85 64
15 86 73
15 87 51
15 88 78
15 89 94
15 90 60
15 91 86
15 92 98
15 93 93
15 94 91
15 95 89
15 96 96
15 97 54
15 98 97
15 99 95
16 1 50
16 2 58
16 3 51
16 4 80
16 5 72
16 6 96
16 7 65
16 8 69
16 9 75
16 10 59
16 11 71
16 12 57
16 13 66
16 14 94
16 15 81
16 17 90
16 18 61
16 19 72
16 20 90
16 21 100
16 22 74
16 23 79
16 24 53
16 25 95
16 26 79
16 27 76
16 28 77
16 29 55
16 30 66
16 31 75
16 32 85
16 33 91
16 34 71
16 35 75
16 36 99
16 37 53
16 38 57
16 39 83
16 40 51
16 41 90
16 42 77
16 43 79
16 44 90
16 45 88
16 46 96
16 47 93
16 48 64
16 49 61
16 50 78
16 51 92
16 52 91
16 53 89
16 54 92
16 55 54
16 56 74
16 57 84
16 58 83
16 59 97
16 60 95
16 61 66
16 62 73
16 63 64
16 64 100
16 65 62
16 66 72
16 67 59
16 68 60
16 69 51
16 70 52
16 71 64
16 72 89
16 73 68
16 74 98
16 75 88
16 76 100
16 77 67
16 78 73
16 79 88
16 80 81
16 81 67
16 82 53
16 83 87
16 84 100
16 85 64
16 86 77
16 87 96
16 88 64
16 89 89
16 90 75
16 91 67
16 92 97
16 93 70
16 94 51
16 95 54
16 96 65
16 97 79
16 98 66
16 99 65
17 1 61
17 2 61
17 3 75
17 4 91
17 5 64
17 6 79
17 7 57
17 8 83
17 9 52
17 10 95
17 11 92
17 12 51
17 13 93
17 14 94
17 15 70
17 16 90
17 18 62
17 19 93
17 20 84
17 21 97
17 22 94
17 23 93
17 24 83
17 25 75
17 26 81
17 27 90
17 28 86
17 29 66
17 30 97
17 31 81
17 32 62
17 33 56
17 34 54
17 35 79
17 36 78
17 37 66
17 38 86
17 39 89
17 40 90
17 41 80
17 42 80
17 43 94
17 44 100
17 45 58
17 46 95
17 47 74
17 48 50
17 49 94
17 50 69
17 51 63
17 52 71
17 53 67
17 54 84
17 55 98
17 56 63
17 57 56
17 58 92
17 59 84
17 60 55
17 61 95
17 62 64
17 63 77
17 64 54
17 65 84
17 66 68
17 67 66
17 68 95
17 69 84
17 70 92
17 71 91
17 72 100
17 73 87
17 74 66
17 75 83
17 76 65
17 77 88
17 78 79
17 79 68
17 80 65
17 81 74
17 82 58
17 83 53
17 84 57
17 85 50
17 86 76
17 87 80
17 88 100
17 89 63
17 90 97
17 91 64
17 92 83
17 93 66
17 94 56
17 95 87
17 96 74
17 97 51
17 98 59
17 99 95
18 1 50
18 2 60
18 3 55
18 4 99
18 5 83
18 6 92
18 7 67
18 8 50
18 9 86
18 10 61
18 11 98
18 12 62
18 13 84
18 14 64
18 15 60
18 16 61
18 17 62
18 19 61
18 20 97
18 21 53
18 22 64
18 23 59
18 24 50
18 25 74
18 26 97
18 27 83
18 28 55
18 29 98
18 30 51
18 31 91
18 32 67
18 33 87
18 34 54
18 35 56
18 36 71
18 37 60
18 38 67
18 39 77
18 40 74
18 41 78
18 42 69
18 43 54
18 44 71
18 45 80
18 46 74
18 47 78
18 48 65
18 49 50
18 50 66
18 51 100
18 52 77
18 53 67
18 54 54
18 55 96
18 56 67
18 57 56
18 58 79
18 59 75
18 60 83
18 61 85
18 62 83
18 63 65
18 64 84
18 65 81
18 66 88
18 67 75
18 68 64
18 69 68
18 70 94
18 71 58
18 72 86
18 73 82
18 74 94
18 75 56
18 76 65
18 77 61
18 78 68
18 79 55
18 80 68
18 81 59
18 82 73
18 83 84
18 84 50
18 85 82
18 86 76
18 87 79
18 88 64
18 89 65
18 90 68
18 91 87
18 92 85
18 93 96
18 94 50
18 95 86
18 96 98
18 97 50
18 98 94
18 99 91
19 1 68
19 2 71
19 3 89
19 4 57
19 5 58
19 6 85
19 7 57
19 8 91
19 9 68
19 10 84
19 11 61
19 12 76
19 13 93
19 14 96
19 15 93
19 16 72
19 17 93
19 18 61
19 20 69
19 21 57
19 22 67
19 23 64
19 24 89
19 25 51
19 26 50
19 27 85
19 28 74
19 29 55
19 30 61
19 31 88
19 32 62
19 33 62
19 34 51
19 35 86
19 36 68
19 37 75
19 38 77
19 39 61
19 40 50
19 41 54
19 42 53
19 43 96
19 44 76
19 45 80
19 46 93
19 47 56
19 48 51
19 49 60
19 50 79
19 51 50
19 52 57
19 53 93
19 54 87
19 55 65
19 56 75
19 57 51
19 58 100
19 59 91
19 60 82
19 61 54
19 62 88
19 63 68
19 64 86
19 65 67
19 66 91
19 67 52
19 68 51
19 69 60
19 70 89
19 71 56
19 72 89
19 73 89
19 74 89
19 75 96
19 76 89
19 77 82
19 78 95
19 79 100
19 80 68
19 81 55
19 82 61
19 83 94
19 84 82
19 85 98
19 86 54
19 87 50
19 88 80
19 89 88
19 90 56
19 91 99
19 92 51
19 93 64
19 94 83
19 95 54
19 96 88
19 97 92
19 98 92
19 99 56
20 1 73
20 2 72
20 3 54
20 4 57
20 5 84
20 6 65
20 7 57
20 8 54
20 9 87
20 10 52
20 11 65
20 12 58
20 13 79
20 14 73
20 15 63
20 16 90
20 17 84
20 18 97
20 19 69
20 21 62
20 22 68
20 23 81
20 24 50
20 25 78
20 26 81
20 27 92
20 28 52
20 29 60
20 30 91
20 31 93
20 32 89
20 33 100
20 34 62
20 35 95
20 36 51
20 37 91
20 38 74
20 39 64
20 40 66
20 41 72
20 42 55
20 43 98
20 44 76
20 45 86
20 46 79
20 47 79
20 48 62
20 49 100
20 50 62
20 51 50
20 52 68
20 53 56
20 54 72
20 55 81
20 56 60
20 57 75
20 58 53
20 59 85
20 60 77
20 61 51
20 62 54
20 63 60
20 64 72
20 65 69
20 66 62
20 67 74
20 68 69
20 69 68
20 70 65
20 71 52
20 72 72
20 73 68
20 74 87
20 75 84
20 76 67
20 77 60
20 78 61
20 79 90
20 80 89
20 81 99
20 82 63
20 83 74
20 84 64
20 85 72
20 86 73
20 87 65
20 88 79
20 89 74
20 90 59
20 91 83
20 92 98
20 93 94
20 94 87
20 95 55
20 96 84
20 97 70
20 98 60
20 99 78
21 1 88
21 2 54
21 3 71
21 4 79
21 5 89
21 6 72
21 7 85
21 8 66
21 9 99
21 10 60
21 11 78
21 12 57
21 13 86
21 14 78
21 15 96
21 16 100
21 17 97
21 18 53
21 19 57
21 20 62
21 22 83
21 23 54
21 24 85
21 25 58
21 26 85
21 27 85
21 28 85
21 29 66
21 30 59
21 31 53
21 32 78
21 33 60
21 34 52
21 35 83
21 36 94
21 37 90
21 38 62
21 39 75
21 40 84
21 41 91
21 42 50
21 43 88
21 44 58
21 45 68
21 46 77
21 47 60
21 48 57
21 49 86
21 50 50
21 51 50
21 52 61
21 53 62
21 54 63
21 55 97
21 56 100
21 57 95
21 58 66
21 59 88
21 60 67
21 61 57
21 62 75
21 63 98
21 64 52
21 65 99
21 66 61
21 67 53
21 68 93
21 69 92
21 70 66
21 71 80
21 72 51
21 73 57
21 74 95
21 75 75
21 76 91
21 77 60
21 78 83
21 79 91
21 80 63
21 81 74
21 82 92
21 83 92
21 84 87
21 85 65
21 86 65
21 87 61
21 88 76
21 89 76
21 90 98
21 91 65
21 92 57
21 93 58
21 94 96
21 95 72
21 96 50
21 97 76
21 98 75
21 99 55
22 1 68
22 2 86
22 3 75
22 4 50
22 5 98
22 6 88
22 7 78
22 8 56
22 9 50
22 10 71
22 11 64
22 12 70
22 13 90
22 14 76
22 15 64
22 16 74
22 17 94
22 18 64
22 19 67
22 20 68
22 21 83
22 23 69
22 24 78
22 25 86
22 26 67
22 27 76
22 28 51
22 29 95
22 30 95
22 31 58
22 32 79
22 33 92
22 34 73
22 35 95
22 36 63
22 37 83
22 38 75
22 39 97
22 40 78
22 41 100
22 42 66
22 43 87
22 44 83
22 45 80
22 46 86
22 47 61
22 48 80
22 49 60
22 50 77
22 51 70
22 52 86
22 53 71
22 54 61
22 55 57
22 56 72
22 57 75
22 58 75
22 59 61
22 60 91
22 61 91
22 62 69
22 63 93
22 64 74
22 65 58
22 66 67
22 67 93
22 68 60
22 69 89
22 70 97
22 71 78
22 72 56
22 73 80
22 74 81
22 75 58
22 76 87
22 77 54
22 78 89
22 79 56
22 80 84
22 81 91
22 82 93
22 83 73
22 84 93
22 85 51
22 86 54
22 87 53
22 88 68
22 89 55
22 90 69
22 91 99
22 92 72
22 93 68
22 94 83
22 95 58
22 96 93
22 97 81
22 98 70
22 99 100
23 1 95
23 2 54
23 3 78
23 4 65
23 5 87
23 6 94
23 7 95
23 8 90
23 9 98
23 10 83
23 11 83
23 12 50
23 13 75
23 14 90
23 15 66
23 16 79
23 17 93
23 18 59
23 19 64
23 20 81
23 21 54
23 22 69
23 24 65
23 25 59
23 26 86
23 27 91
23 28 84
23 29 69
23 30 95
23 31 89
23 32 52
23 33 92
23 34 55
23 35 52
23 36 59
23 37 71
23 38 72
23 39 99
23 40 65
23 41 53
23 42 59
23 43 86
23 44 51
23 45 99
23 46 52
23 47 81
23 48 97
23 49 61
23 50 97
23 51 82
23 52 100
23 53 93
23 54 93
23 55 92
23 56 68
23 57 73
23 58 58
23 59 85
23 60 75
23 61 76
23 62 99
23 63 80
23 64 61
23 65 50
23 66 62
23 67 55
23 68 59
23 69 87
23 70 85
23 71 88
23 72 51
23 73 81
23 74 67
23 75 88
23 76 77
23 77 82
23 78 64
23 79 80
23 80 80
23 81 63
23 82 81
23 83 74
23 84 100
23 85 72
23 86 57
23 87 67
23 88 73
23 89 96
23 90 67
23 91 57
23 92 79
23 93 54
23 94 75
23 95 71
23 96 61
23 97 57
23 98 70
23 99 60
24 1 100
24 2 90
24 3 58
24 4 51
24 5 81
24 6 88
24 7 92
24 8 89
24 9 93
24 10 61
24 11 62
24 12 97
24 13 75
24 14 60
24 15 88
24 16 53
24 17 83
24 18 50
24 19 89
24 20 50
24 21 85
24 22 78
24 23 65
24 25 95
24 26 98
24 27 59
24 28 91
24 29 66
24 30 87
24 31 67
24 32 50
24 33 89
24 34 58
24 35 61
24 36 63
24 37 50
24 38 84
24 39 99
24 40 100
24 41 95
24 42 50
24 43 78
24 44 88
24 45 54
24 46 74
24 47 90
24 48 52
24 49 76
24 50 66
24 51 80
24 52 86
24 53 99
24 54 80
24 55 65
24 56 95
24 57 100
24 58 92
24 59 70
24 60 86
24 61 58
24 62 71
24 63 90
24 64 81
24 65 76
24 66 77
24 67 64
24 68 74
24 69 72
24 70 89
24 71 69
24 72 66
24 73 93
24 74 89
24 75 59
24 76 65
24 77 66
24 78 58
24 79 55
24 80 62
24 81 94
24 82 59
24 83 74
24 84 52
24 85 93
24 86 97
24 87 59
24 88 87
24 89 66
24 90 85
24 91 94
24 92 58
24 93 51
24 94 88
24 95 80
24 96 66
24 97 51
24 98 89
24 99 90
25 1 79
25 2 80
25 3 68
25 4 66
25 5 85
25 6 58
25 7 95
25 8 87
25 9 60
25 10 54
25 11 98
25 12 71
25 13 93
25 14 75
25 15 96
25 16 95
25 17 75
25 18 74
25 19 51
25 20 78
25 21 58
25 22 86
25 23 59
25 24 95
25 26 94
25 27 97
25 28 84
25 29 52
25 30 61
25 31 70
25 32 54
25 33 61
25 34 96
25 35 91
25 36 82
25 37 70
25 38 74
25 39 69
25 40 87
25 41 92
25 42 61
25 43 93
25 44 90
25 45 75
25 46 91
25 47 87
25 48 56
25 49 64
25 50 88
25 51 69
25 52 91
25 53 93
25 54 91
25 55 84
25 56 100
25 57 70
25 58 56
25 59 92
25 60 79
25 61 87
25 62 83
25 63 68
25 64 95
25 65 79
25 66 97
25 67 84
25 68 91
25 69 58
25 70 98
25 71 83
25 72 97
25 73 55
25 74 83
25 75 86
25 76 74
25 77 81
25 78 62
25 79 57
25 80 80
25 81 95
25 82 72
25 83 86
25 84 57
25 85 85
25 86 90
25 87 98
25 88 93
25 89 55
25 90 56
25 91 80
25 92 78
25 93 57
25 94 91
25 95 88
25 96 76
25 97 56
25 98 50
25 99 88
26 1 69
26 2 83
26 3 76
26 4 98
26 5 72
26 6 97
26 7 99
26 8 83
26 9 63
26 10 100
26 11 57
26 12 90
26 13 77
26 14 56
26 15 76
26 16 79
26 17 81
26 18 97
26 19 50
26 20 81
26 21 85
26 22 67
26 23 86
26 24 98
26 25 94
26 27 77
26 28 83
26 29 78
26 30 89
26 31 82
26 32 58
26 33 55
26 34 53
26 35 55
26 36 69
26 37 54
26 38 69
26 39 89
26 40 78
26 41 59
26 42 90
26 43 84
26 44 50
26 45 72
26 46 93
26 47 96
26 48 88
26 49 61
26 50 91
26 51 73
26 52 53
26 53 82
26 54 97
26 55 78
26 56 52
26 57 50
26 58 84
26 59 72
26 60 76
26 61 81
26 62 83
26 63 73
26 64 62
26 65 91
26 66 97
26 67 77
26 68 53
26 69 80
26 70 83
26 71 61
26 72 52
26 73 66
26 74 55
26 75 56
26 76 65
26 77 59
26 78 96
26 79 55
26 80 100
26 81 53
26 82 87
26 83 80
26 84 90
26 85 59
26 86 87
26 87 79
26 88 82
26 89 70
26 90 72
26 91 67
26 92 74
26 93 71
26 94 52
26 95 57
26 96 95
26 97 58
26 98 64
26 99 93
27 1 92
27 2 97
27 3 59
27 4 85
27 5 65
27 6 94
27 7 56
27 8 88
27 9 53
27 10 50
27 11 81
27 12 60
27 13 99
27 14 80
27 15 51
27 16 76
27 17 90
27 18 83
27 19 85
27 20 92
27 21 85
27 22 76
27 23 91
27 24 59
27 25 97
27 26 77
27 28 60
27 29 86
27 30 92
27 31 68
27 32 66
27 33 82
27 34 56
27 35 66
27 36 65
27 37 50
27 38 78
27 39 79
27 40 56
27 41 64
27 42 96
27 43 88
27 44 67
27 45 90
27 46 87
27 47 90
27 48 82
27 49 52
27 50 87
27 51 58
27 52 69
27 53 71
27 54 88
27 55 97
27 56 56
27 57 73
27 58 70
27 59 54
27 60 94
27 61 61
27 62 98
27 63 67
27 64 84
27 65 52
27 66 85
27 67 100
27 68 58
27 69 62
27 70 91
27 71 87
27 72 88
27 73 63
27 74 91
27 75 51
27 76 70
27 77 79
27 78 51
27 79 55
27 80 67
27 81 76
27 82 65
27 83 53
27 84 82
27 85 90
27 86 71
27 87 72
27 88 76
27 89 67
27 90 59
27 91 96
27 92 89
27 93 53
27 94 88
27 95 99
27 96 97
27 97 82
27 98 68
27 99 50
28 1 50
28 2 64
28 3 59
28 4 99
28 5 97
28 6 92
28 7 50
28 8 80
28 9 78
28 10 74
28 11 65
28 12 97
28 13 60
28 14 93
28 15 79
28 16 77
28 17 86
28 18 55
28 19 74
28 20 52
28 21 85
28 22 51
28 23 84
28 24 91
28 25 84
28 26 83
28 27 60
28 29 79
28 30 59
28 31 57
28 32 92
28 33 99
28 34 51
28 35 55
28 36 90
28 37 56
28 38 85
28 39 67
28 40 86
28 41 93
28 42 53
28 43 97
28 44 52
28 45 78
28 46 77
28 47 74
28 48 100
28 49 84
28 50 97
28 51 57
28 52 87
28 53 89
28 54 96
28 55 64
28 56 64
28 57 72
28 58 85
28 59 65
28 60 62
28 61 68
28 62 79
28 63 68
28 64 69
28 65 74
28 66 94
28 67 75
28 68 51
28 69 78
28 70 85
28 71 73
28 72 77
28 73 69
28 74 63
28 75 79
28 76 85
28 77 87
28 78 51
28 79 93
28 80 78
28 81 52
28 82 72
28 83 72
28 84 62
28 85 68
28 86 54
28 87 68
28 88 56
28 89 79
28 90 84
28 91 54
28 92 52
28 93 69
28 94 98
28 95 93
28 96 92
28 97 61
28 98 95
28 99 74
29 1 93
29 2 81
29 3 57
29 4 87
29 5 59
29 6 68
29 7 62
29 8 59
29 9 91
29 10 77
29 11 97
29 12 82
29 13 50
29 14 72
29 15 81
29 16 55
29 17 66
29 18 98
29 19 55
29 20 60
29 21 66
29 22 95
29 23 69
29 24 66
29 25 52
29 26 78
29 27 86
29 28 79
29 30 73
29 31 74
29 32 89
29 33 67
29 34 82
29 35 54
29 36 71
29 37 62
29 38 79
29 39 59
29 40 80
29 41 62
29 42 76
29 43 53
29 44 81
29 45 59
29 46 85
29 47 70
29 48 91
29 49 52
29 50 66
29 51 56
29 52 58
29 53 56
29 54 84
29 55 60
29 56 91
29 57 54
29 58 66
29 59 56
29 60 53
29 61 69
29 62 96
29 63 67
29 64 62
29 65 99
29 66 70
29 67 70
29 68 68
29 69 60
29 70 81
29 71 69
29 72 99
29 73 78
29 74 79
29 75 60
29 76 83
29 77 97
29 78 65
29 79 67
29 80 55
29 81 77
29 82 63
29 83 54
29 84 58
29 85 97
29 86 81
29 87 68
29 88 80
29 89 55
29 90 52
29 91 80
29 92 87
29 93 67
29 94 73
29 95 84
29 96 92
29 97 57
29 98 53
29 99 80
30 1 75
30 2 76
30 3 50
30 4 54
30 5 66
30 6 87
30 7 73
30 8 76
30 9 81
30 10 61
30 11 68
30 12 97
30 13 50
30 14 73
30 15 60
30 16 66
30 17 97
30 18 51
30 19 61
30 20 91
30 21 59
30 22 95
30 23 95
30 24 87
30 25 61
30 26 89
30 27 92
30 28 59
30 29 73
30 31 82
30 32 82
30 33 75
30 34 74
30 35 65
30 36 52
30 37 100
30 38 68
30 39 92
30 40 75
30 41 68
30 42 69
30 43 58
30 44 58
30 45 88
30 46 70
30 47 96
30 48 82
30 49 97
30 50 67
30 51 87
30 52 69
30 53 87
30 54 82
30 55 94
30 56 89
30 57 67
30 58 55
30 59 92
30 60 91
30 61 55
30 62 54
30 63 95
30 64 88
30 65 50
30 66 53
30 67 84
30 68 78
30 69 79
30 70 53
30 71 60
30 72 79
30 73 98
30 74 93
30 75 65
30 76 90
30 77 92
30 78 84
30 79 60
30 80 59
30 81 54
30 82 69
30 83 58
30 84 70
30 85 89
30 86 77
30 87 98
30 88 81
30 89 58
30 90 88
30 91 61
30 92 90
30 93 56
30 94 82
30 95 82
30 96 79
30 97 73
30 98 51
30 99 76
31 1 55
31 2 72
31 3 65
31 4 64
31 5 82
31 6 75
31 7 87
31 8 92
31 9 72
31 10 60
31 11 55
31 12 83
31 13 61
31 14 93
31 15 100
31 16 75
31 17 81
31 18 91
31 19 88
31 20 93
31 21 53
31 22 58
31 23 89
31 24 67
31 25 70
31 26 82
31 27 68
31 28 57
31 29 74
31 30 82
31 32 78
31 33 70
31 34 60
31 35 55
31 36 54
31 37 61
31 38 59
31 39 72
31 40 51
31 41 77
31 42 57
31 43 50
31 44 91
31 45 84
31 46 65
31 47 59
31 48 59
31 49 72
31 50 92
31 51 89
31 52 99
31 53 94
31 54 61
31 55 89
31 56 85
31 57 57
31 58 66
31 59 66
31 60 89
31 61 81
31 62 76
31 63 51
31 64 51
31 65 82
31 66 69
31 67 74
31 68 86
31 69 52
31 70 81
31 71 59
31 72 61
31 73 72
31 74 70
31 75 59
31 76 70
31 77 82
31 78 88
31 79 58
31 80 69
31 81 89
31 82 71
31 83 71
31 84 92
31 85 76
31 86 56
31 87 71
31 88 88
31 89 64
31 90 60
31 91 66
31 92 90
31 93 50
31 94 94
31 95 81
31 96 73
31 97 70
31 98 91
31 99 61
32 1 54
32 2 68
32 3 65
32 4 71
32 5 60
32 6 74
32 7 94
32 8 96
32 9 81
32 10 72
32 11 63
32 12 88
32 13 52
32 14 87
32 15 100
32 16 85
32 17 62
32 18 67
32 19 62
32 20 89
32 21 78
32 22 79
32 23 52
32 24 50
32 25 54
32 26 58
32 27 66
32 28 92
32 29 89
32 30 82
32 31 78
32 33 97
32 34 78
32 35 97
32 36 91
32 37 80
32 38 78
32 39 53
32 40 55
32 41 91
32 42 98
32 43 96
32 44 51
32 45 68
32 46 76
32 47 56
32 48 98
32 49 98
32 50 64
32 51 79
32 52 60
32 53 56
32 54 82
32 55 100
32 56 52
32 57 97
32 58 68
32 59 93
32 60 89
32 61 51
32 62 77
32 63 77
32 64 93
32 65 59
32 66 79
32 67 98
32 68 72
32 69 85
32 70 71
32 71 67
32 72 78
32 73 65
32 74 91
32 75 56
32 76 89
32 77 93
32 78 61
32 79 60
32 80 74
32 81 57
32 82 62
32 83 63
32 84 74
32 85 87
32 86 76
32 87 67
32 88 77
32 89 58
32 90 56
32 91 80
32 92 97
32 93 93
32 94 72
32 95 95
32 96 73
32 97 54
32 98 51
32 99 100
33 1 54
33 2 65
33 3 78
33 4 81
33 5 57
33 6 90
33 7 56
33 8 84
33 9 52
33 10 99
33 11 81
33 12 77
33 13 60
33 14 64
33 15 85
33 16 91
33 17 56
33 18 87
33 19 62
33 20 100
33 21 60
33 22 92
33 23 92
33 24 89
33 25 61
33 26 55
33 27 82
33 28 99
33 29 67
33 30 75
33 31 70
33 32 97
33 34 80
33 35 74
33 36 81
33 37 61
33 38 95
33 39 71
33 40 82
33 41 53
33 42 58
33 43 83
33 44 96
33 45 93
33 46 98
33 47 95
33 48 75
33 49 74
33 50 86
33 51 70
33 52 67
33 53 76
33 54 94
33 55 77
33 56 84
33 57 58
33 58 65
33 59 79
33 60 69
33 61 79
33 62 63
33 63 52
33 64 77
33 65 63
33 66 79
33 67 78
33 68 50
33 69 86
33 70 96
33 71 63
33 72 92
33 73 66
33 74 91
33 75 90
33 76 99
33 77 63
33 78 54
33 79 57
33 80 73
33 81 57
33 82 75
33 83 90
33 84 65
33 85 89
33 86 92
33 87 84
33 88 97
33 89 54
33 90 88
33 91 94
33 92 86
33 93 89
33 94 66
33 95 97
33 96 90
33 97 52
33 98 73
33 99 71
34 1 63
34 2 81
34 3 52
34 4 57
34 5 95
34 6 83
34 7 84
34 8 95
34 9 64
34 10 83
34 11 100
34 12 91
34 13 91
34 14 63
34 15 87
34 16 71
34 17 54
34 18 54
34 19 51
34 20 62
34 21 52
34 22 73
34 23 55
34 24 58
34 25 96
34 26 53
34 27 56
34 28 51
34 29 82
34 30 74
34 31 60
34 32 78
34 33 80
34 35 96
34 36 72
34 37 60
34 38 77
34 39 77
34 40 93
34 41 88
34 42 63
34 43 78
34 44 54
34 45 90
34 46 54
34 47 52
34 48 51
34 49 83
34 50 61
34 51 74
34 52 61
34 53 71
34 54 75
34 55 58
34 56 99
34 57 76
34 58 89
34 59 62
34 60 73
34 61 63
34 62 94
34 63 93
34 64 93
34 65 52
34 66 52
34 67 89
34 68 63
34 69 54
34 70 89
34 71 73
34 72 52
34 73 85
34 74 70
34 75 86
34 76 73
34 77 52
34 78 81
34 79 53
34 80 84
34 81 82
34 82 72
34 83 73
34 84 92
34 85 60
34 86 75
34 87 72
34 88 94
34 89 79
34 90 59
34 91 74
34 92 88
34 93 95
34 94 50
34 95 90
34 96 96
34 97 54
34 98 77
34 99 84
35 1 96
35 2 84
35 3 53
35 4 87
35 5 73
35 6 100
35 7 82
35 8 97
35 9 55
35 10 61
35 11 80
35 12 87
35 13 73
35 14 93
35 15 58
35 16 75
35 17 79
35 18 56
35 19 86
35 20 95
35 21 83
35 22 95
35 23 52
35 24 61
35 25 91
35 26 55
35 27 66
35 28 55
35 29 54
35 30 65
35 31 55
35 32 97
35 33 74
35 34 96
35 36 83
35 37 89
35 38 67
35 39 76
35 40 83
35 41 83
35 42 76
35 43 97
35 44 67
35 45 69
35 46 59
35 47 68
35 48 85
35 49 100
35 50 97
35 51 65
35 52 61
35 53 99
35 54 54
35 55 50
35 56 75
35 57 65
35 58 99
35 59 97
35 60 70
35 61 58
35 62 56
35 63 96
35 64 57
35 65 58
35 66 86
35 67 52
35 68 60
35 69 57
35 70 60
35 71 78
35 72 82
35 73 81
35 74 98
35 75 57
35 76 56
35 77 67
35 78 50
35 79 88
35 80 64
35 81 100
35 82 75
35 83 51
35 84 94
35 85 62
35 86 62
35 87 73
35 88 86
35 89 91
35 90 79
35 91 91
35 92 95
35 93 98
35 94 57
35 95 79
35 96 95
35 97 80
35 98 57
35 99 55
36 1 85
36 2 86
36 3 51
36 4 57
36 5 83
36 6 64
36 7 93
36 8 68
36 9 93
36 10 70
36 11 51
36 12 84
36 13 50
36 14 91
36 15 93
36 16 99
36 17 78
36 18 71
36 19 68
36 20 51
36 21 94
36 22 63
36 23 59
36 24 63
36 25 82
36 26 69
36 27 65
36 28 90
36 29 71
36 30 52
36 31 54
36 32 91
36 33 81
36 34 72
36 35 83
36 37 94
36 38 76
36 39 100
36 40 98
36 41 50
36 42 88
36 43 62
36 44 97
36 45 50
36 46 66
36 47 94
36 48 68
36 49 99
36 50 98
36 51 63
36 52 95
36 53 77
36 54 100
36 55 56
36 56 66
36 57 70
36 58 55
36 59 84
36 60 70
36 61 60
36 62 97
36 63 89
36 64 89
36 65 60
36 66 94
36 67 61
36 68 75
36 69 90
36 70 79
36 71 82
36 72 85
36 73 60
36 74 66
36 75 60
36 76 63
36 77 70
36 78 59
36 79 80
36 80 51
36 81 60
36 82 63
36 83 72
36 84 89
36 85 50
36 86 70
36 87 95
36 88 89
36 89 57
36 90 92
36 91 79
36 92 58
36 93 52
36 94 54
36 95 70
36 96 64
36 97 67
36 98 80
36 99 81
37 1 59
37 2 69
37 3 94
37 4 82
37 5 67
37 6 86
37 7 87
37 8 70
37 9 71
37 10 69
37 11 92
37 12 77
37 13 79
37 14 86
37 15 71
37 16 53
37 17 66
37 18 60
37 19 75
37 20 91
37 21 90
37 22 83
37 23 71
37 24 50
37 25 70
37 26 54
37 27 50
37 28 56
37 29 62
37 30 100
37 31 61
37 32 80
37 33 61
37 34 60
37 35 89
37 36 94
37 38 83
37 39 95
37 40 82
37 41 79
37 42 78
37 43 69
37 44 55
37 45 87
37 46 50
37 47 69
37 48 56
37 49 97
37 50 80
37 51 83
37 52 52
37 53 74
37 54 67
37 55 84
37 56 60
37 57 52
37 58 75
37 59 63
37 60 65
37 61 79
37 62 60
37 63 96
37 64 61
37 65 75
37 66 50
37 67 65
37 68 79
37 69 93
37 70 74
37 71 53
37 72 50
37 73 66
37 74 98
37 75 96
37 76 100
37 77 95
37 78 90
37 79 51
37 80 83
37 81 56
37 82 100
37 83 66
37 84 97
37 85 100
37 86 64
37 87 62
37 88 53
37 89 55
37 90 56
37 91 86
37 92 95
37 93 61
37 94 91
37 95 51
37 96 73
37 97 74
37 98 95
37 99 86
38 1 82
38 2 69
38 3 79
38 4 98
38 5 93
38 6 69
38 7 54
38 8 54
38 9 75
38 10 80
38 11 62
38 12 72
38 13 77
38 14 50
38 15 51
38 16 57
38 17 86
38 18 67
38 19 77
38 20 74
38 21 62
38 22 75
38 23 72
38 24 84
38 25 74
38 26 69
38 27 78
38 28 85
38 29 79
38 30 68
38 31 59
38 32 78
38 33 95
38 34 77
38 35 67
38 36 76
38 37 83
38 39 63
38 40 79
38 41 77
38 42 54
38 43 54
38 44 81
38 45 53
38 46 67
38 47 58
38 48 91
38 49 96
38 50 95
38 51 59
38 52 75
38 53 79
38 54 66
38 55 51
38 56 63
38 57 66
38 58 79
38 59 75
38 60 87
38 61 85
38 62 56
38 63 96
38 64 80
38 65 66
38 66 77
38 67 68
38 68 98
38 69 55
38 70 54
38 71 75
38 72 84
38 73 87
38 74 84
38 75 85
38 76 84
38 77 87
38 78 89
38 79 90
38 80 91
38 81 63
38 82 91
38 83 95
38 84 83
38 85 84
38 86 82
38 87 84
38 88 62
38 89 91
38 90 72
38 91 76
38 92 50
38 93 85
38 94 99
38 95 97
38 96 59
38 97 89
38 98 67
38 99 87
39 1 76
39 2 58
39 3 78
39 4 69
39 5 51
39 6 88
39 7 61
39 8 73
39 9 69
39 10 72
39 11 78
39 12 81
39 13 55
39 14 55
39 15 65
39 16 83
39 17 89
39 18 77
39 19 61
39 20 64
39 21 75
39 22 97
39 23 99
39 24 99
39 25 69
39 26 89
39 27 79
39 28 67
39 29 59
39 30 92
39 31 72
39 32 53
39 33 71
39 34 77
39 35 76
39 36 100
39 37 95
39 38 63
39 40 98
39 41 66
39 42 99
39 43 78
39 44 50
39 45 78
39 46 88
39 47 73
39 48 84
39 49 96
39 50 56
39 51 77
39 52 100
39 53 54
39 54 87
39 55 68
39 56 54
39 57 52
39 58 92
39 59 56
39 60 84
39 61 55
39 62 69
39 63 57
39 64 69
39 65 95
39 66 62
39 67 84
39 68 82
39 69 86
39 70 66
39 71 54
39 72 58
39 73 52
39 74 100
39 75 68
39 76 65
39 77 100
39 78 67
39 79 80
39 80 54
39 81 97
39 82 52
39 83 72
39 84 87
39 85 57
39 86 61
39 87 50
39 88 80
39 89 73
39 90 96
39 91 59
39 92 97
39 93 78
39 94 83
39 95 85
39 96 64
39 97 96
39 98 91
39 99 89
40 1 60
40 2 77
40 3 65
40 4 97
40 5 96
40 6 57
40 7 93
40 8 100
40 9 74
40 10 84
40 11 74
40 12 84
40 13 55
40 14 84
40 15 90
40 16 51
40 17 90
40 18 74
40 19 50
40 20 66
40 21 84
40 22 78
40 23 65
40 24 100
40 25 87
40 26 78
40 27 56
40 28 86
40 29 80
40 30 75
40 31 51
40 32 55
40 33 82
40 34 93
40 35 83
40 36 98
40 37 82
40 38 79
40 39 98
40 41 99
40 42 68
40 43 52
40 44 81
40 45 71
40 46 69
40 47 92
40 48 86
40 49 77
40 50 64
40 51 59
40 52 86
40 53 57
40 54 100
40 55 73
40 56 79
40 57 96
40 58 83
40 59 53
40 60 82
40 61 75
40 62 86
40 63 51
40 64 60
40 65 64
40 66 89
40 67 84
40 68 72
40 69 85
40 70 87
40 71 88
40 72 57
40 73 100
40 74 69
40 75 59
40 76 74
40 77 87
40 78 77
40 79 52
40 80 77
40 81 59
40 82 75
40 83 97
40 84 73
40 85 83
40 86 69
40 87 50
40 88 81
40 89 80
40 90 87
40 91 62
40 92 77
40 93 59
40 94 88
40 95 93
40 96 51
40 97 95
40 98 65
40 99 75
41 1 69
41 2 94
41 3 95
41 4 87
41 5 89
41 6 79
41 7 75
41 8 57
41 9 84
41 10 99
41 11 57
41 12 80
41 13 99
41 14 92
41 15 78
41 16 90
41 17 80
41 18 78
41 19 54
41 20 72
41 21 91
41 22 100
41 23 53
41 24 95
41 25 92
41 26 59
41 27 64
41 28 93
41 29 62
41 30 68
41 31 77
41 32 91
41 33 53
41 34 88
41 35 83
41 36 50
41 37 79
41 38 77
41 39 66
41 40 99
41 42 76
41 43 56
41 44 76
41 45 63
41 46 57
41 47 98
41 48 74
41 49 66
41 50 99
41 51 97
41 52 66
41 53 94
41 54 59
41 55 99
41 56 72
41 57 87
41 58 61
41 59 54
41 60 62
41 61 99
41 62 90
41 63 60
41 64 51
41 65 84
41 66 72
41 67 50
41 68 86
41 69 73
41 70 94
41 71 89
41 72 74
41 73 97
41 74 89
41 75 93
41 76 89
41 77 65
41 78 98
41 79 89
41 80 66
41 81 64
41 82 63
41 83 93
41 84 60
41 85 58
41 86 92
41 87 86
41 88 64
41 89 84
41 90 85
41 91 62
41 92 65
41 93 75
41 94 86
41 95 88
41 96 50
41 97 76
41 98 82
41 99 93
42 1 77
42 2 78
42 3 84
42 4 72
42 5 51
42 6 54
42 7 78
42 8 78
42 9 62
42 10 60
42 11 64
42 12 85
42 13 73
42 14 85
42 15 100
42 16 77
42 17 80
42 18 69
42 19 53
42 20 55
42 21 50
42 22 66
42 23 59
42 24 50
42 25 61
42 26 90
42 27 96
42 28 53
42 29 76
42 30 69
42 31 57
42 32 98
42 33 58
42 34 63
42 35 76
42 36 88
42 37 78
42 38 54
42 39 99
42 40 68
42 41 76
42 43 83
42 44 52
42 45 79
42 46 78
42 47 95
42 48 80
42 49 91
42 50 58
42 51 65
42 52 55
42 53 58
42 54 97
42 55 98
42 56 77
42 57 83
42 58 95
42 59 70
42 60 56
42 61 89
42 62 68
42 63 79
42 64 59
42 65 69
42 66 67
42 67 80
42 68 57
42 69 89
42 70 82
42 71 58
42 72 74
42 73 78
42 74 84
42 75 80
42 76 72
42 77 66
42 78 77
42 79 76
42 80 80
42 81 98
42 82 73
42 83 53
42 84 71
42 85 83
42 86 80
42 87 61
42 88 63
42 89 55
42 90 59
42 91 85
42 92 56
42 93 98
42 94 91
42 95 50
42 96 100
42 97 59
42 98 68
42 99 54
43 1 80
43 2 67
43 3 52
43 4 59
43 5 92
43 6 92
43 7 77
43 8 94
43 9 86
43 10 90
43 11 50
43 12 58
43 13 96
43 14 98
43 15 58
43 16 79
43 17 94
43 18 54
43 19 96
43 20 98
43 21 88
43 22 87
43 23 86
43 24 78
43 25 93
43 26 84
43 27 88
43 28 97
43 29 53
43 30 58
43 31 50
43 32 96
43 33 83
43 34 78
43 35 97
43 36 62
43 37 69
43 38 54
43 39 78
43 40 52
43 41 56
43 42 83
43 44 96
43 45 97
43 46 98
43 47 86
43 48 76
43 49 65
43 50 93
43 51 66
43 52 94
43 53 58
43 54 57
43 55 57
43 56 61
43 57 71
43 58 55
43 59 93
43 60 90
43 61 77
43 62 63
43 63 68
43 64 78
43 65 67
43 66 70
43 67 53
43 68 98
43 69 93
43 70 52
43 71 55
43 72 83
43 73 64
43 74 78
43 75 64
43 76 55
43 77 65
43 78 64
43 79 97
43 80 80
43 81 63
43 82 86
43 83 99
43 84 99
43 85 57
43 86 91
43 87 91
43 88 60
43 89 51
43 90 93
43 91 60
43 92 71
43 93 58
43 94 88
43 95 59
43 96 54
43 97 57
43 98 68
43 99 81
44 1 96
44 2 93
44 3 66
44 4 100
44 5 60
44 6 88
44 7 67
44 8 64
44 9 50
44 10 85
44 11 61
44 12 79
44 13 67
44 14 95
44 15 63
44 16 90
44 17 100
44 18 71
44 19 76
44 20 76
44 21 58
44 22 83
44 23 51
44 24 88
44 25 90
44 26 50
44 27 67
44 28 52
44 29 81
44 30 58
44 31 91
44 32 51
44 33 96
44 34 54
44 35 67
44 36 97
44 37 55
44 38 81
44 39 50
44 40 81
44 41 76
44 42 52
44 43 96
44 45 52
44 46 54
44 47 85
44 48 72
44 49 74
44 50 100
44 51 57
44 52 67
44 53 73
44 54 99
44 55 58
44 56 53
44 57 76
44 58 60
44 59 74
44 60 71
44 61 55
44 62 85
44 63 72
44 64 83
44 65 78
44 66 95
44 67 72
44 68 71
44 69 50
44 70 70
44 71 57
44 72 65
44 73 55
44 74 83
44 75 86
44 76 75
44 77 60
44 78 67
44 79 83
44 80 82
44 81 50
44 82 84
44 83 50
44 84 81
44 85 65
44 86 73
44 87 93
44 88 53
44 89 72
44 90 94
44 91 76
44 92 68
44 93 98
44 94 100
44 95 54
44 96 81
44 97 64
44 98 66
44 99 64
45 1 97
45 2 82
45 3 92
45 4 89
45 5 95
45 6 81
45 7 51
45 8 70
45 9 67
45 10 92
45 11 50
45 12 95
45 13 76
45 14 66
45 15 76
45 16 88
45 17 58
45 18 80
45 19 80
45 20 86
45 21 68
45 22 80
45 23 99
45 24 54
45 25 75
45 26 72
45 27 90
45 28 78
45 29 59
45 30 88
45 31 84
45 32 68
45 33 93
45 34 90
45 35 69
45 36 50
45 37 87
45 38 53
45 39 78
45 40 71
45 41 63
45 42 79
45 43 97
45 44 52
45 46 54
45 47 97
45 48 51
45 49 53
45 50 85
45 51 68
45 52 99
45 53 72
45 54 64
45 55 66
45 56 80
45 57 87
45 58 78
45 59 76
45 60 96
45 61 70
45 62 78
45 63 53
45 64 86
45 65 73
45 66 52
45 67 93
45 68 85
45 69 70
45 70 88
45 71 63
45 72 58
45 73 57
45 74 89
45 75 50
45 76 62
45 77 65
45 78 57
45 79 58
45 80 83
45 81 78
45 82 100
45 83 63
45 84 87
45 85 93
45 86 51
45 87 100
45 88 82
45 89 74
45 90 72
45 91 54
45 92 92
45 93 75
45 94 71
45 95 72
45 96 84
45 97 85
45 98 93
45 99 100
46 1 65
46 2 64
46 3 98
46 4 76
46 5 87
46 6 65
46 7 92
46 8 63
46 9 69
46 10 74
46 11 57
46 12 90
46 13 57
46 14 53
46 15 70
46 16 96
46 17 95
46 18 74
46 19 93
46 20 79
46 21 77
46 22 86
46 23 52
46 24 74
46 25 91
46 26 93
46 27 87
46 28 77
46 29 85
46 30 70
46 31 65
46 32 76
46 33 98
46 34 54
46 35 59
46 36 66
46 37 50
46 38 67
46 39 88
46 40 69
46 41 57
46 42 78
46 43 98
46 44 54
46 45 54
46 47 62
46 48 92
46 49 52
46 50 52
46 51 55
46 52 55
46 53 93
46 54 85
46 55 82
46 56 68
46 57 88
46 58 83
46 59 73
46 60 75
46 61 77
46 62 77
46 63 100
46 64 55
46 65 76
46 66 56
46 67 66
46 68 98
46 69 89
46 70 70
46 71 62
46 72 61
46 73 94
46 74 62
46 75 56
46 76 54
46 77 90
46 78 65
46 79 51
46 80 82
46 81 74
46 82 67
46 83 99
46 84 51
46 85 93
46 86 90
46 87 79
46 88 97
46 89 77
46 90 92
46 91 80
46 92 68
46 93 57
46 94 82
46 95 52
46 96 71
46 97 59
46 98 85
46 99 62
47 1 100
47 2 97
47 3 72
47 4 77
47 5 88
47 6 96
47 7 50
47 8 84
47 9 94
47 10 73
47 11 92
47 12 68
47 13 85
47 14 51
47 15 98
47 16 93
47 17 74
47 18 78
47 19 56
47 20 79
47 21 60
47 22 61
47 23 81
47 24 90
47 25 87
47 26 96
47 27 90
47 28 74
47 29 70
47 30 96
47 31 59
47 32 56
47 33 95
47 34 52
47 35 68
47 36 94
47 37 69
47 38 58
47 39 73
47 40 92
47 41 98
47 42 95
47 43 86
47 44 85
47 45 97
47 46 62
47 48 73
47 49 71
47 50 77
47 51 64
47 52 91
47 53 85
47 54 77
47 55 96
47 56 66
47 57 68
47 58 93
47 59 51
47 60 76
47 61 55
47 62 99
47 63 88
47 64 97
47 65 53
47 66 61
47 67 71
47 68 83
47 69 98
47 70 82
47 71 69
47 72 79
47 73 80
47 74 78
47 75 54
47 76 78
47 77 80
47 78 59
47 79 52
47 80 84
47 81 64
47 82 62
47 83 69
47 84 53
47 85 69
47 86 65
47 87 69
47 88 50
47 89 87
47 90 80
47 91 99
47 92 83
47 93 98
47 94 92
47 95 83
47 96 75
47 97 97
47 98 73
47 99 98
48 1 65
48 2 74
48 3 55
48 4 61
48 5 60
48 6 52
48 7 90
48 8 85
48 9 88
48 10 53
48 11 62
48 12 68
48 13 82
48 14 56
48 15 68
48 16 64
48 17 50
48 18 65
48 19 51
48 20 62
48 21 57
48 22 80
48 23 97
48 24 52
48 25 56
48 26 88
48 27 82
48 28 100
48 29 91
48 30 82
48 31 59
48 32 98
48 33 75
48 34 51
48 35 85
48 36 68
48 37 56
48 38 91
48 39 84
48 40 86
48 41 74
48 42 80
48 43 76
48 44 72
48 45 51
48 46 92
48 47 73
48 49 66
48 50 94
48 51 69
48 52 81
48 53 73
48 54 97
48 55 53
48 56 91
48 57 71
48 58 56
48 59 59
48 60 56
48 61 100
48 62 93
48 63 77
48 64 72
48 65 71
48 66 87
48 67 51
48 68 75
48 69 82
48 70 63
48 71 78
48 72 67
48 73 74
48 74 55
48 75 57
48 76 51
48 77 82
48 78 74
48 79 87
48 80 60
48 81 63
48 82 82
48 83 61
48 84 91
48 85 92
48 86 75
48 87 58
48 88 91
48 89 67
48 90 65
48 91 80
48 92 52
48 93 94
48 94 77
48 95 95
48 96 56
48 97 66
48 98 91
48 99 70
49 1 70
49 2 82
49 3 82
49 4 77
49 5 62
49 6 82
49 7 98
49 8 88
49 9 80
49 10 59
49 11 59
49 12 82
49 13 55
49 14 64
49 15 94
49 16 61
49 17 94
49 18 50
49 19 60
49 20 100
49 21 86
49 22 60
49 23 61
49 24 76
49 25 64
49 26 61
49 27 52
49 28 84
49 29 52
49 30 97
49 31 72
49 32 98
49 33 74
49 34 83
49 35 100
49 36 99
49 37 97
49 38 96
49 39 96
49 40 77
49 41 66
49 42 91
49 43 65
49 44 74
49 45 53
49 46 52
49 47 71
49 48 66
49 50 96
49 51 90
49 52 59
49 53 70
49 54 63
49 55 75
49 56 81
49 57 94
49 58 76
49 59 69
49 60 80
49 61 57
49 62 62
49 63 98
49 64 57
49 65 62
49 66 71
49 67 75
49 68 53
49 69 52
49 70 50
49 71 61
49 72 67
49 73 96
49 74 70
49 75 86
49 76 77
49 77 77
49 78 74
49 79 60
49 80 50
49 81 82
49 82 84
49 83 65
49 84 94
49 85 74
49 86 97
49 87 58
49 88 69
49 89 68
49 90 70
49 91 59
49 92 86
49 93 76
49 94 56
49 95 60
49 96 89
49 97 55
49 98 51
49 99 75
50 1 51
50 2 94
50 3 60
50 4 99
50 5 75
50 6 75
50 7 72
50 8 95
50 9 78
50 10 78
50 11 72
50 12 62
50 13 97
50 14 93
50 15 98
50 16 78
50 17 69
50 18 66
50 19 79
50 20 62
50 21 50
50 22 77
50 23 97
50 24 66
50 25 88
50 26 91
50 27 87
50 28 97
50 29 66
50 30 67
50 31 92
50 32 64
50 33 86
50 34 61
50 35 97
50 36 98
50 37 80
50 38 95
50 39 56
50 40 64
50 41 99
50 42 58
50 43 93
50 44 100
50 45 85
50 46 52
50 47 77
50 48 94
50 49 96
50 51 53
50 52 94
50 53 87
50 54 50
50 55 83
50 56 64
50 57 88
50 58 65
50 59 99
50 60 79
50 61 51
50 62 66
50 63 50
50 64 81
50 65 83
50 66 72
50 67 88
50 68 81
50 69 78
50 70 65
50 71 87
50 72 72
50 73 50
50 74 71
50 75 53
50 76 77
50 77 69
50 78 54
50 79 77
50 80 91
50 81 76
50 82 97
50 83 77
50 84 63
50 85 77
50 86 90
50 87 63
50 88 57
50 89 53
50 90 96
50 91 72
50 92 60
50 93 94
50 94 92
50 95 81
50 96 58
50 97 50
50 98 58
50 99 90
51 1 96
51 2 70
51 3 88
51 4 84
51 5 63
51 6 88
51 7 58
51 8 54
51 9 94
51 10 66
51 11 67
51 12 80
51 13 97
51 14 55
51 15 59
51 16 92
51 17 63
51 18 100
51 19 50
51 20 50
51 21 50
51 22 70
51 23 82
51 24 80
51 25 69
51 26 73
51 27 58
51 28 57
51 29 56
51 30 87
51 31 89
51 32 79
51 33 70
51 34 74
51 35 65
51 36 63
51 37 83
51 38 59
51 39 77
51 40 59
51 41 97
51 42 65
51 43 66
51 44 57
51 45 68
51 46 55
51 47 64
51 48 69
51 49 90
51 50 53
51 52 100
51 53 71
51 54 60
51 55 96
51 56 51
51 57 71
51 58 71
51 59 55
51 60 86
51 61 52
51 62 90
51 63 86
51 64 100
51 65 89
51 66 80
51 67 69
51 68 100
51 69 96
51 70 86
51 71 82
51 72 51
51 73 85
51 74 88
51 75 99
51 76 78
51 77 82
51 78 55
51 79 91
51 80 84
51 81 55
51 82 69
51 83 58
51 84 66
51 85 56
51 86 53
51 87 53
51 88 62
51 89 87
51 90 60
51 91 87
51 92 88
51 93 67
51 94 66
51 95 58
51 96 66
51 97 63
51 98 76
51 99 68
52 1 91
52 2 92
52 3 58
52 4 61
52 5 85
52 6 94
52 7 98
52 8 80
52 9 98
52 10 98
52 11 93
52 12 91
52 13 56
52 14 97
52 15 52
52 16 91
52 17 71
52 18 77
52 19 57
52 20 68
52 21 61
52 22 86
52 23 100
52 24 86
52 25 91
52 26 53
52 27 69
52 28 87
52 29 58
52 30 69
52 31 99
52 32 60
52 33 67
52 34 61
52 35 61
52 36 95
52 37 52
52 38 75
52 39 100
52 40 86
52 41 66
52 42 55
52 43 94
52 44 67
52 45 99
52 46 55
52 47 91
52 48 81
52 49 59
52 50 94
52 51 100
52 53 55
52 54 99
52 55 92
52 56 93
52 57 68
52 58 99
52 59 55
52 60 100
52 61 68
52 62 98
52 63 90
52 64 68
52 65 56
52 66 65
52 67 65
52 68 77
52 69 93
52 70 68
52 71 87
52 72 94
52 73 81
52 74 50
52 75 58
52 76 55
52 77 68
52 78 92
52 79 57
52 80 81
52 81 100
52 82 58
52 83 50
52 84 93
52 85 68
52 86 72
52 87 77
52 88 62
52 89 86
52 90 63
52 91 79
52 92 99
52 93 76
52 94 95
52 95 57
52 96 69
52 97 86
52 98 57
52 99 59
53 1 78
53 2 55
53 3 72
53 4 87
53 5 81
53 6 55
53 7 82
53 8 87
53 9 98
53 10 55
53 11 91
53 12 53
53 13 56
53 14 50
53 15 51
53 16 89
53 17 67
53 18 67
53 19 93
53 20 56
53 21 62
53 22 71
53 23 93
53 24 99
53 25 93
53 26 82
53 27 71
53 28 89
53 29 56
53 30 87
53 31 94
53 32 56
53 33 76
53 34 71
53 35 99
53 36 77
53 37 74
53 38 79
53 39 54
53 40 57
53 41 94
53 42 58
53 43 58
53 44 73
53 45 72
53 46 93
53 47 85
53 48 73
53 49 70
53 50 87
53 51 71
53 52 55
53 54 70
53 55 75
53 56 78
53 57 69
53 58 82
53 59 59
53 60 74
53 61 72
53 62 79
53 63 99
53 64 61
53 65 56
53 66 89
53 67 61
53 68 100
53 69 99
53 70 86
53 71 79
53 72 77
53 73 85
53 74 68
53 75 67
53 76 56
53 77 63
53 78 98
53 79 62
53 80 83
53 81 78
53 82 95
53 83 67
53 84 89
53 85 90
53 86 79
53 87 91
53 88 85
53 89 63
53 90 66
53 91 87
53 92 90
53 93 94
53 94 98
53 95 77
53 96 61
53 97 96
53 98 82
53 99 99
54 1 79
54 2 86
54 3 70
54 4 92
54 5 51
54 6 74
54 7 93
54 8 84
54 9 63
54 10 75
54 11 58
54 12 91
54 13 95
54 14 93
54 15 88
54 16 92
54 17 84
54 18 54
54 19 87
54 20 72
54 21 63
54 22 61
54 23 93
54 24 80
54 25 91
54 26 97
54 27 88
54 28 96
54 29 84
54 30 82
54 31 61
54 32 82
54 33 94
54 34 75
54 35 54
54 36 100
54 37 67
54 38 66
54 39 87
54 40 100
54 41 59
54 42 97
54 43 57
54 44 99
54 45 64
54 46 85
54 47 77
54 48 97
54 49 63
54 50 50
54 51 60
54 52 99
54 53 70
54 55 81
54 56 88
54 57 79
54 58 87
54 59 88
54 60 100
54 61 73
54 62 84
54 63 97
54 64 72
54 65 92
54 66 73
54 67 58
54 68 97
54 69 63
54 70 99
54 71 66
54 72 90
54 73 67
54 74 73
54 75 54
54 76 53
54 77 90
54 78 73
54 79 77
54 80 80
54 81 93
54 82 89
54 83 98
54 84 82
54 85 92
54 86 54
54 87 70
54 88 65
54 89 66
54 90 80
54 91 51
54 92 70
54 93 86
54 94 85
54 95 80
54 96 80
54 97 79
54 98 84
54 99 71
55 1 64
55 2 69
55 3 72
55 4 60
55 5 55
55 6 76
55 7 50
55 8 91
55 9 76
55 10 99
55 11 70
55 12 71
55 13 83
55 14 77
55 15 99
55 16 54
55 17 98
55 18 96
55 19 65
55 20 81
55 21 97
55 22 57
55 23 92
55 24 65
55 25 84
55 26 78
55 27 97
55 28 64
55 29 60
55 30 94
55 31 89
55 32 100
55 33 77
55 34 58
55 35 50
55 36 56
55 37 84
55 38 51
55 39 68
55 40 73
55 41 99
55 42 98
55 43 57
55 44 58
55 45 66
55 46 82
55 47 96
55 48 53
55 49 75
55 50 83
55 51 96
55 52 92
55 53 75
55 54 81
55 56 63
55 57 58
55 58 62
55 59 79
55 60 54
55 61 58
55 62 64
55 63 50
55 64 87
55 65 71
55 66 88
55 67 63
55 68 54
55 69 63
55 70 85
55 71 95
55 72 77
55 73 55
55 74 57
55 75 79
55 76 64
55 77 59
55 78 53
55 79 69
55 80 100
55 81 50
55 82 57
55 83 68
55 84 59
55 85 100
55 86 67
55 87 76
55 88 95
55 89 75
55 90 79
55 91 79
55 92 96
55 93 79
55 94 90
55 95 57
55 96 53
55 97 89
55 98 92
55 99 97
56 1 79
56 2 54
56 3 50
56 4 83
56 5 60
56 6 93
56 7 62
56 8 89
56 9 74
56 10 88
56 11 69
56 12 87
56 13 81
56 14 59
56 15 90
56 16 74
56 17 63
56 18 67
56 19 75
56 20 60
56 21 100
56 22 72
56 23 68
56 24 95
56 25 100
56 26 52
56 27 56
56 28 64
56 29 91
56 30 89
56 31 85
56 32 52
56 33 84
56 34 99
56 35 75
56 36 66
56 37 60
56 38 63
56 39 54
56 40 79
56 41 72
56 42 77
56 43 61
56 44 53
56 45 80
56 46 68
56 47 66
56 48 91
56 49 81
56 50 64
56 51 51
56 52 93
56 53 78
56 54 88
56 55 63
56 57 74
56 58 62
56 59 94
56 60 51
56 61 72
56 62 69
56 63 91
56 64 70
56 65 84
56 66 92
56 67 74
56 68 81
56 69 85
56 70 74
56 71 88
56 72 50
56 73 74
56 74 54
56 75 53
56 76 51
56 77 85
56 78 90
56 79 64
56 80 96
56 81 64
56 82 55
56 83 79
56 84 64
56 85 82
56 86 69
56 87 56
56 88 65
56 89 66
56 90 70
56 91 81
56 92 100
56 93 84
56 94 70
56 95 91
56 96 54
56 97 52
56 98 95
56 99 60
57 1 87
57 2 55
57 3 89
57 4 97
57 5 61
57 6 65
57 7 86
57 8 50
57 9 71
57 10 90
57 11 51
57 12 96
57 13 93
57 14 87
57 15 79
57 16 84
57 17 56
57 18 56
57 19 51
57 20 75
57 21 95
57 22 75
57 23 73
57 24 100
57 25 70
57 26 50
57 27 73
57 28 72
57 29 54
57 30 67
57 31 57
57 32 97
57 33 58
57 34 76
57 35 65
57 36 70
57 37 52
57 38 66
57 39 52
57 40 96
57 41 87
57 42 83
57 43 71
57 44 76
57 45 87
57 46 88
57 47 68
57 48 71
57 49 94
57 50 88
57 51 71
57 52 68
57 53 69
57 54 79
57 55 58
57 56 74
57 58 73
57 59 79
57 60 56
57 61 61
57 62 63
57 63 94
57 64 79
57 65 90
57 66 93
57 67 89
57 68 98
57 69 53
57 70 81
57 71 78
57 72 95
57 73 94
57 74 78
57 75 69
57 76 98
57 77 98
57 78 78
57 79 81
57 80 99
57 81 62
57 82 82
57 83 84
57 84 70
57 85 70
57 86 63
57 87 52
57 88 78
57 89 58
57 90 73
57 91 69
57 92 79
57 93 64
57 94 57
57 95 79
57 96 60
57 97 66
57 98 97
57 99 60
58 1 76
58 2 99
58 3 97
58 4 57
58 5 55
58 6 83
58 7 52
58 8 59
58 9 72
58 10 98
58 11 61
58 12 99
58 13 58
58 14 56
58 15 66
58 16 83
58 17 92
58 18 79
58 19 100
58 20 53
58 21 66
58 22 75
58 23 58
58 24 92
58 25 56
58 26 84
58 27 70
58 28 85
58 29 66
58 30 55
58 31 66
58 32 68
58 33 65
58 34 89
58 35 99
58 36 55
58 37 75
58 38 79
58 39 92
58 40 83
58 41 61
58 42 95
58 43 55
58 44 60
58 45 78
58 46 83
58 47 93
58 48 56
58 49 76
58 50 65
58 51 71
58 52 99
58 53 82
58 54 87
58 55 62
58 56 62
58 57 73
58 59 57
58 60 99
58 61 84
58 62 96
58 63 68
58 64 93
58 65 94
58 66 65
58 67 52
58 68 92
58 69 55
58 70 60
58 71 100
58 72 72
58 73 75
58 74 89
58 75 74
58 76 80
58 77 93
58 78 79
58 79 56
58 80 54
58 81 67
58 82 62
58 83 51
58 84 65
58 85 68
58 86 95
58 87 94
58 88 95
58 89 75
58 90 87
58 91 52
58 92 96
58 93 76
58 94 57
58 95 59
58 96 89
58 97 81
58 98 59
58 99 54
59 1 93
59 2 72
59 3 67
59 4 75
59 5 88
59 6 92
59 7 53
59 8 55
59 9 96
59 10 89
59 11 70
59 12 76
59 13 94
59 14 62
59 15 57
59 16 97
59 17 84
59 18 75
59 19 91
59 20 85
59 21 88
59 22 61
59 23 85
59 24 70
59 25 92
59 26 72
59 27 54
59 28 65
59 29 56
59 30 92
59 31 66
59 32 93
59 33 79
59 34 62
59 35 97
59 36 84
59 37 63
59 38 75
59 39 56
59 40 53
59 41 54
59 42 70
59 43 93
59 44 74
59 45 76
59 46 73
59 47 51
59 48 59
59 49 69
59 50 99
59 51 55
59 52 55
59 53 59
59 54 88
59 55 79
59 56 94
59 57 79
59 58 57
59 60 67
59 61 55
59 62 50
59 63 99
59 64 56
59 65 78
59 66 50
59 67 99
59 68 88
59 69 58
59 70 68
59 71 100
59 72 95
59 73 87
59 74 56
59 75 95
59 76 88
59 77 88
59 78 74
59 79 89
59 80 80
59 81 90
59 82 98
59 83 80
59 84 74
59 85 91
59 86 78
59 87 77
59 88 84
59 89 78
59 90 66
59 91 98
59 92 95
59 93 75
59 94 84
59 95 94
59 96 93
59 97 56
59 98 83
59 99 97
60 1 62
60 2 67
60 3 81
60 4 60
60 5 72
60 6 89
60 7 84
60 8 62
60 9 68
60 10 57
60 11 73
60 12 58
60 13 81
60 14 66
60 15 59
60 16 95
60 17 55
60 18 83
60 19 82
60 20 77
60 21 67
60 22 91
60 23 75
60 24 86
60 25 79
60 26 76
60 27 94
60 28 62
60 29 53
60 30 91
60 31 89
60 32 89
60 33 69
60 34 73
60 35 70
60 36 70
60 37 65
60 38 87
60 39 84
60 40 82
60 41 62
60 42 56
60 43 90
60 44 71
60 45 96
60 46 75
60 47 76
60 48 56
60 49 80
60 50 79
60 51 86
60 52 100
60 53 74
60 54 100
60 55 54
60 56 51
60 57 56
60 58 99
60 59 67
60 61 71
60 62 79
60 63 84
60 64 90
60 65 100
60 66 63
60 67 67
60 68 73
60 69 57
60 70 93
60 71 64
60 72 66
60 73 87
60 74 81
60 75 54
60 76 52
60 77 68
60 78 87
60 79 68
60 80 67
60 81 97
60 82 80
60 83 73
60 84 99
60 85 53
60 86 96
60 87 71
60 88 72
60 89 66
60 90 99
60 91 95
60 92 87
60 93 84
60 94 81
60 95 59
60 96 94
60 97 79
60 98 54
60 99 73
61 1 72
61 2 74
61 3 52
61 4 83
61 5 85
61 6 87
61 7 57
61 8 70
61 9 89
61 10 79
61 11 69
61 12 76
61 13 73
61 14 98
61 15 55
61 16 66
61 17 95
61 18 85
61 19 54
61 20 51
61 21 57
61 22 91
61 23 76
61 24 58
61 25 87
61 26 81
61 27 61
61 28 68
61 29 69
61 30 55
61 31 81
61 32 51
61 33 79
61 34 63
61 35 58
61 36 60
61 37 79
61 38 85
61 39 55
61 40 75
61 41 99
61 42 89
61 43 77
61 44 55
61 45 70
61 46 77
61 47 55
61 48 100
61 49 57
61 50 51
61 51 52
61 52 68
61 53 72
61 54 73
61 55 58
61 56 72
61 57 61
61 58 84
61 59 55
61 60 71
61 62 66
61 63 84
61 64 93
61 65 51
61 66 57
61 67 75
61 68 98
61 69 54
61 70 90
61 71 76
61 72 67
61 73 84
61 74 65
61 75 54
61 76 86
61 77 53
61 78 83
61 79 77
61 80 75
61 81 69
61 82 92
61 83 68
61 84 88
61 85 97
61 86 61
61 87 53
61 88 82
61 89 68
61 90 63
61 91 52
61 92 86
61 93 82
61 94 96
61 95 51
61 96 88
61 97 99
61 98 76
61 99 93
62 1 77
62 2 69
62 3 99
62 4 79
62 5 84
62 6 76
62 7 73
62 8 81
62 9 64
62 10 98
62 11 98
62 12 93
62 13 71
62 14 64
62 15 51
62 16 73
62 17 64
62 18 83
62 19 88
62 20 54
62 21 75
62 22 69
62 23 99
62 24 71
62 25 83
62 26 83
62 27 98
62 28 79
62 29 96
62 30 54
62 31 76
62 32 77
62 33 63
62 34 94
62 35 56
62 36 97
62 37 60
62 38 56
62 39 69
62 40 86
62 41 90
62 42 68
62 43 63
62 44 85
62 45 78
62 46 77
62 47 99
62 48 93
62 49 62
62 50 66
62 51 90
62 52 98
62 53 79
62 54 84
62 55 64
62 56 69
62 57 63
62 58 96
62 59 50
62 60 79
62 61 66
62 63 97
62 64 76
62 65 96
62 66 57
62 67 52
62 68 73
62 69 94
62 70 90
62 71 61
62 72 74
62 73 91
62 74 69
62 75 87
62 76 61
62 77 84
62 78 53
62 79 63
62 80 76
62 81 74
62 82 80
62 83 66
62 84 65
62 85 94
62 86 97
62 87 68
62 88 98
62 89 57
62 90 60
62 91 93
62 92 65
62 93 75
62 94 77
62 95 93
62 96 82
62 97 60
62 98 84
62 99 91
63 1 97
63 2 68
63 3 54
63 4 79
63 5 50
63 6 88
63 7 66
63 8 89
63 9 78
63 10 86
63 11 82
63 12 100
63 13 61
63 14 50
63 15 74
63 16 64
63 17 77
63 18 65
63 19 68
63 20 60
63 21 98
63 22 93
63 23 80
63 24 90
63 25 68
63 26 73
63 27 67
63 28 68
63 29 67
63 30 95
63 31 51
63 32 77
63 33 52
63 34 93
63 35 96
63 36 89
63 37 96
63 38 96
63 39 57
63 40 51
63 41 60
63 42 79
63 43 68
63 44 72
63 45 53
63 46 100
63 47 88
63 48 77
63 49 98
63 50 50
63 51 86
63 52 90
63 53 99
63 54 97
63 55 50
63 56 91
63 57 94
63 58 68
63 59 99
63 60 84
63 61 84
63 62 97
63 64 79
63 65 51
63 66 52
63 67 84
63 68 65
63 69 86
63 70 77
63 71 75
63 72 55
63 73 75
63 74 91
63 75 80
63 76 92
63 77 56
63 78 68
63 79 93
63 80 93
63 81 91
63 82 61
63 83 97
63 84 77
63 85 68
63 86 86
63 87 53
63 88 69
63 89 76
63 90 82
63 91 51
63 92 59
63 93 89
63 94 54
63 95 90
63 96 90
63 97 73
63 98 86
63 99 61
64 1 85
64 2 51
64 3 100
64 4 66
64 5 100
64 6 91
64 7 91
64 8 92
64 9 86
64 10 73
64 11 61
64 12 50
64 13 69
64 14 53
64 15 68
64 16 100
64 17 54
64 18 84
64 19 86
64 20 72
64 21 52
64 22 74
64 23 61
64 24 81
64 25 95
64 26 62
64 27 84
64 28 69
64 29 62
64 30 88
64 31 51
64 32 93
64 33 77
64 34 93
64 35 57
64 36 89
64 37 61
64 38 80
64 39 69
64 40 60
64 41 51
64 42 59
64 43 78
64 44 83
64 45 86
64 46 55
64 47 97
64 48 72
64 49 57
64 50 81
64 51 100
64 52 68
64 53 61
64 54 72
64 55 87
64 56 70
64 57 79
64 58 93
64 59 56
64 60 90
64 61 93
64 62 76
64 63 79
64 65 56
64 66 58
64 67 58
64 68 89
64 69 75
64 70 65
64 71 76
64 72 73
64 73 85
64 74 64
64 75 86
64 76 88
64 77 61
64 78 77
64 79 72
64 80 90
64 81 95
64 82 60
64 83 85
64 84 53
64 85 81
64 86 73
64 87 78
64 88 60
64 89 54
64 90 78
64 91 97
64 92 58
64 93 99
64 94 54
64 95 60
64 96 52
64 97 77
64 98 77
64 99 82
65 1 89
65 2 93
65 3 88
65 4 67
65 5 59
65 6 81
65 7 74
65 8 59
65 9 91
65 10 82
65 11 72
65 12 53
65 13 98
65 14 78
65 15 95
65 16 62
65 17 84
65 18 81
65 19 67
65 20 69
65 21 99
65 22 58
65 23 50
65 24 76
65 25 79
65 26 91
65 27 52
65 28 74
65 29 99
65 30 50
65 31 82
65 32 59
65 33 63
65 34 52
65 35 58
65 36 60
65 37 75
65 38 66
65 39 95
65 40 64
65 41 84
65 42 69
65 43 67
65 44 78
65 45 73
65 46 76
65 47 53
65 48 71
65 49 62
65 50 83
65 51 89
65 52 56
65 53 56
65 54 92
65 55 71
65 56 84
65 57 90
65 58 94
65 59 78
65 60 100
65 61 51
65 62 96
65 63 51
65 64 56
65 66 78
65 67 67
65 68 61
65 69 65
65 70 51
65 71 61
65 72 54
65 73 75
65 74 62
65 75 54
65 76 64
65 77 82
65 78 98
65 79 91
65 80 66
65 81 62
65 82 96
65 83 80
65 84 56
65 85 74
65 86 90
65 87 84
65 88 62
65 89 78
65 90 76
65 91 51
65 92 72
65 93 97
65 94 85
65 95 54
65 96 56
65 97 69
65 98 64
65 99 56
66 1 65
66 2 58
66 3 76
66 4 56
66 5 72
66 6 78
66 7 75
66 8 91
66 9 61
66 10 76
66 11 76
66 12 88
66 13 72
66 14 91
66 15 97
66 16 72
66 17 68
66 18 88
66 19 91
66 20 62
66 21 61
66 22 67
66 23 62
66 24 77
66 25 97
66 26 97
66 27 85
66 28 94
66 29 70
66 30 53
66 31 69
66 32 79
66 33 79
66 34 52
66 35 86
66 36 94
66 37 50
66 38 77
66 39 62
66 40 89
66 41 72
66 42 67
66 43 70
66 44 95
66 45 52
66 46 56
66 47 61
66 48 87
66 49 71
66 50 72
66 51 80
66 52 65
66 53 89
66 54 73
66 55 88
66 56 92
66 57 93
66 58 65
66 59 50
66 60 63
66 61 57
66 62 57
66 63 52
66 64 58
66 65 78
66 67 51
66 68 66
66 69 91
66 70 72
66 71 65
66 72 71
66 73 67
66 74 66
66 75 79
66 76 63
66 77 76
66 78 59
66 79 83
66 80 74
66 81 50
66 82 65
66 83 86
66 84 53
66 85 58
66 86 72
66 87 86
66 88 70
66 89 97
66 90 63
66 91 79
66 92 76
66 93 73
66 94 69
66 95 89
66 96 50
66 97 87
66 98 81
66 99 57
67 1 89
67 2 96
67 3 74
67 4 99
67 5 84
67 6 85
67 7 84
67 8 62
67 9 65
67 10 61
67 11 68
67 12 85
67 13 75
67 14 82
67 15 78
67 16 59
67 17 66
67 18 75
67 19 52
67 20 74
67 21 53
67 22 93
67 23 55
67 24 64
67 25 84
67 26 77
67 27 100
67 28 75
67 29 70
67 30 84
67 31 74
67 32 98
67 33 78
67 34 89
67 35 52
67 36 61
67 37 65
67 38 68
67 39 84
67 40 84
67 41 50
67 42 80
67 43 53
67 44 72
67 45 93
67 46 66
67 47 71
67 48 51
67 49 75
67 50 88
67 51 69
67 52 65
67 53 61
67 54 58
67 55 63
67 56 74
67 57 89
67 58 52
67 59 99
67 60 67
67 61 75
67 62 52
67 63 84
67 64 58
67 65 67
67 66 51
67 68 100
67 69 67
67 70 71
67 71 74
67 72 73
67 73 84
67 74 77
67 75 67
67 76 92
67 77 65
67 78 83
67 79 92
67 80 83
67 81 68
67 82 72
67 83 73
67 84 67
67 85 93
67 86 86
67 87 97
67 88 89
67 89 76
67 90 67
67 91 77
67 92 58
67 93 93
67 94 76
67 95 93
67 96 56
67 97 86
67 98 84
67 99 50
68 1 99
68 2 76
68 3 82
68 4 88
68 5 95
68 6 100
68 7 79
68 8 70
68 9 72
68 10 69
68 11 78
68 12 84
68 13 70
68 14 81
68 15 84
68 16 60
68 17 95
68 18 64
68 19 51
68 20 69
68 21 93
68 22 60
68 23 59
68 24 74
68 25 91
68 26 53
68 27 58
68 28 51
68 29 68
68 30 78
68 31 86
68 32 72
68 33 50
68 34 63
68 35 60
68 36 75
68 37 79
68 38 98
68 39 82
68 40 72
68 41 86
68 42 57
68 43 98
68 44 71
68 45 85
68 46 98
68 47 83
68 48 75
68 49 53
68 50 81
68 51 100
68 52 77
68 53 100
68 54 97
68 55 54
68 56 81
68 57 98
68 58 92
68 59 88
68 60 73
68 61 98
68 62 73
68 63 65
68 64 89
68 65 61
68 66 66
68 67 100
68 69 98
68 70 76
68 71 91
68 72 88
68 73 91
68 74 86
68 75 58
68 76 58
68 77 51
68 78 100
68 79 94
68 80 66
68 81 67
68 82 68
68 83 72
68 84 91
68 85 89
68 86 60
68 87 50
68 88 67
68 89 75
68 90 63
68 91 89
68 92 76
68 93 70
68 94 77
68 95 77
68 96 70
68 97 50
68 98 63
68 99 61
69 1 76
69 2 75
69 3 55
69 4 93
69 5 61
69 6 82
69 7 99
69 8 91
69 9 96
69 10 100
69 11 68
69 12 98
69 13 58
69 14 61
69 15 82
69 16 51
69 17 84
69 18 68
69 19 60
69 20 68
69 21 92
69 22 89
69 23 87
69 24 72
69 25 58
69 26 80
69 27 62
69 28 78
69 29 60
69 30 79
69 31 52
69 32 85
69 33 86
69 34 54
69 35 57
69 36 90
69 37 93
69 38 55
69 39 86
69 40 85
69 41 73
69 42 89
69 43 93
69 44 50
69 45 70
69 46 89
69 47 98
69 48 82
69 49 52
69 50 78
69 51 96
69 52 93
69 53 99
69 54 63
69 55 63
69 56 85
69 57 53
69 58 55
69 59 58
69 60 57
69 61 54
69 62 94
69 63 86
69 64 75
69 65 65
69 66 91
69 67 67
69 68 98
69 70 98
69 71 93
69 72 97
69 73 66
69 74 86
69 75 79
69 76 69
69 77 56
69 78 100
69 79 57
69 80 96
69 81 55
69 82 83
69 83 76
69 84 67
69 85 81
69 86 51
69 87 69
69 88 70
69 89 79
69 90 80
69 91 57
69 92 85
69 93 68
69 94 56
69 95 67
69 96 58
69 97 70
69 98 84
69 99 74
70 1 98
70 2 73
70 3 77
70 4 50
70 5 78
70 6 78
70 7 59
70 8 69
70 9 78
70 10 100
70 11 85
70 12 80
70 13 58
70 14 63
70 15 80
70 16 52
70 17 92
70 18 94
70 19 89
70 20 65
70 21 66
70 22 97
70 23 85
70 24 89
70 25 98
70 26 83
70 27 91
70 28 85
70 29 81
70 30 53
70 31 81
70 32 71
70 33 96
70 34 89
70 35 60
70 36 79
70 37 74
70 38 54
70 39 66
70 40 87
70 41 94
70 42 82
70 43 52
70 44 70
70 45 88
70 46 70
70 47 82
70 48 63
70 49 50
70 50 65
70 51 86
70 52 68
70 53 86
70 54 99
70 55 85
70 56 74
70 57 81
70 58 60
70 59 68
70 60 93
70 61 90
70 62 90
70 63 77
70 64 65
70 65 51
70 66 72
70 67 71
70 68 76
70 69 98
70 71 84
70 72 59
70 73 94
70 74 74
70 75 74
70 76 87
70 77 68
70 78 64
70 79 62
70 80 71
70 81 73
70 82 67
70 83 59
70 84 63
70 85 62
70 86 72
70 87 94
70 88 65
70 89 54
70 90 62
70 91 82
70 92 67
70 93 100
70 94 75
70 95 50
70 96 65
70 97 65
70 98 75
70 99 96
71 1 69
71 2 51
71 3 99
71 4 88
71 5 94
71 6 59
71 7 73
71 8 94
71 9 97
71 10 99
71 11 84
71 12 59
71 13 99
71 14 69
71 15 87
71 16 64
71 17 91
71 18 58
71 19 56
71 20 52
71 21 80
71 22 78
71 23 88
71 24 69
71 25 83
71 26 61
71 27 87
71 28 73
71 29 69
71 30 60
71 31 59
71 32 67
71 33 63
71 34 73
71 35 78
71 36 82
71 37 53
71 38 75
71 39 54
71 40 88
71 41 89
71 42 58
71 43 55
71 44 57
71 45 63
71 46 62
71 47 69
71 48 78
71 49 61
71 50 87
71 51 82
71 52 87
71 53 79
71 54 66
71 55 95
71 56 88
71 57 78
71 58 100
71 59 100
71 60 64
71 61 76
71 62 61
71 63 75
71 64 76
71 65 61
71 66 65
71 67 74
71 68 91
71 69 93
71 70 84
71 72 78
71 73 64
71 74 51
71 75 53
71 76 62
71 77 81
71 78 55
71 79 89
71 80 69
71 81 59
71 82 87
71 83 59
71 84 53
71 85 99
71 86 68
71 87 79
71 88 94
71 89 80
71 90 100
71 91 66
71 92 72
71 93 70
71 94 75
71 95 70
71 96 98
71 97 99
71 98 60
71 99 71
72 1 56
72 2 56
72 3 59
72 4 79
72 5 82
72 6 62
72 7 80
72 8 96
72 9 61
72 10 72
72 11 54
72 12 88
72 13 51
72 14 97
72 15 77
72 16 89
72 17 100
72 18 86
72 19 89
72 20 72
72 21 51
72 22 56
72 23 51
72 24 66
72 25 97
72 26 52
72 27 88
72 28 77
72 29 99
72 30 79
72 31 61
72 32 78
72 33 92
72 34 52
72 35 82
72 36 85
72 37 50
72 38 84
72 39 58
72 40 57
72 41 74
72 42 74
72 43 83
72 44 65
72 45 58
72 46 61
72 47 79
72 48 67
72 49 67
72 50 72
72 51 51
72 52 94
72 53 77
72 54 90
72 55 77
72 56 50
72 57 95
72 58 72
72 59 95
72 60 66
72 61 67
72 62 74
72 63 55
72 64 73
72 65 54
72 66 71
72 67 73
72 68 88
72 69 97
72 70 59
72 71 78
72 73 58
72 74 61
72 75 73
72 76 68
72 77 100
72 78 66
72 79 64
72 80 65
72 81 67
72 82 94
72 83 58
72 84 94
72 85 94
72 86 83
72 87 89
72 88 74
72 89 71
72 90 52
72 91 74
72 92 98
72 93 79
72 94 64
72 95 73
72 96 98
72 97 76
72 98 86
72 99 56
73 1 98
73 2 62
73 3 80
73 4 82
73 5 99
73 6 85
73 7 85
73 8 87
73 9 61
73 10 61
73 11 59
73 12 55
73 13 60
73 14 63
73 15 60
73 16 68
73 17 87
73 18 82
73 19 89
73 20 68
73 21 57
73 22 80
73 23 81
73 24 93
73 25 55
73 26 66
73 27 63
73 28 69
73 29 78
73 30 98
73 31 72
73 32 65
73 33 66
73 34 85
73 35 81
73 36 60
73 37 66
73 38 87
73 39 52
73 40 100
73 41 97
73 42 78
73 43 64
73 44 55
73 45 57
73 46 94
73 47 80
73 48 74
73 49 96
73 50 50
73 51 85
73 52 81
73 53 85
73 54 67
73 55 55
73 56 74
73 57 94
73 58 75
73 59 87
73 60 87
73 61 84
73 62 91
73 63 75
73 64 85
73 65 75
73 66 67
73 67 84
73 68 91
73 69 66
73 70 94
73 71 64
73 72 58
73 74 58
73 75 83
73 76 55
73 77 93
73 78 97
73 79 55
73 80 75
73 81 82
73 82 75
73 83 76
73 84 53
73 85 87
73 86 60
73 87 60
73 88 97
73 89 63
73 90 91
73 91 61
73 92 58
73 93 84
73 94 70
73 95 54
73 96 97
73 97 71
73 98 74
73 99 74
74 1 91
74 2 62
74 3 85
74 4 91
74 5 66
74 6 83
74 7 54
74 8 95
74 9 99
74 10 64
74 11 74
74 12 53
74 13 53
74 14 54
74 15 56
74 16 98
74 17 66
74 18 94
74 19 89
74 20 87
74 21 95
74 22 81
74 23 67
74 24 89
74 25 83
74 26 55
74 27 91
74 28 63
74 29 79
74 30 93
74 31 70
74 32 91
74 33 91
74 34 70
74 35 98
74 36 66
74 37 98
74 38 84
74 39 100
74 40 69
74 41 89
74 42 84
74 43 78
74 44 83
74 45 89
74 46 62
74 47 78
74 48 55
74 49 70
74 50 71
74 51 88
74 52 50
74 53 68
74 54 73
74 55 57
74 56 54
74 57 78
74 58 89
74 59 56
74 60 81
74 61 65
74 62 69
74 63 91
74 64 64
74 65 62
74 66 66
74 67 77
74 68 86
74 69 86
74 70 74
74 71 51
74 72 61
74 73 58
74 75 99
74 76 77
74 77 67
74 78 59
74 79 54
74 80 91
74 81 75
74 82 75
74 83 50
74 84 63
74 85 50
74 86 97
74 87 72
74 88 50
74 89 85
74 90 73
74 91 85
74 92 56
74 93 97
74 94 51
74 95 52
74 96 74
74 97 80
74 98 94
74 99 57
75 1 65
75 2 66
75 3 93
75 4 100
75 5 63
75 6 100
75 7 50
75 8 77
75 9 56
75 10 67
75 11 86
75 12 56
75 13 73
75 14 94
75 15 58
75 16 88
75 17 83
75 18 56
75 19 96
75 20 84
75 21 75
75 22 58
75 23 88
75 24 59
75 25 86
75 26 56
75 27 51
75 28 79
75 29 60
75 30 65
75 31 59
75 32 56
75 33 90
75 34 86
75 35 57
75 36 60
75 37 96
75 38 85
75 39 68
75 40 59
75 41 93
75 42 80
75 43 64
75 44 86
75 45 50
75 46 56
75 47 54
75 48 57
75 49 86
75 50 53
75 51 99
75 52 58
75 53 67
75 54 54
75 55 79
75 56 53
75 57 69
75 58 74
75 59 95
75 60 54
75 61 54
75 62 87
75 63 80
75 64 86
75 65 54
75 66 79
75 67 67
75 68 58
75 69 79
75 70 74
75 71 53
75 72 73
75 73 83
75 74 99
75 76 85
75 77 69
75 78 70
75 79 95
75 80 80
75 81 64
75 82 98
75 83 66
75 84 97
75 85 79
75 86 82
75 87 93
75 88 56
75 89 82
75 90 78
75 91 62
75 92 54
75 93 100
75 94 61
75 95 64
75 96 91
75 97 57
75 98 100
75 99 99
76 1 84
76 2 94
76 3 77
76 4 77
76 5 83
76 6 62
76 7 97
76 8 64
76 9 90
76 10 59
76 11 63
76 12 79
76 13 89
76 14 96
76 15 92
76 16 100
76 17 65
76 18 65
76 19 89
76 20 67
76 21 91
76 22 87
76 23 77
76 24 65
76 25 74
76 26 65
76 27 70
76 28 85
76 29 83
76 30 90
76 31 70
76 32 89
76 33 99
76 34 73
76 35 56
76 36 63
76 37 100
76 38 84
76 39 65
76 40 74
76 41 89
76 42 72
76 43 55
76 44 75
76 45 62
76 46 54
76 47 78
76 48 51
76 49 77
76 50 77
76 51 78
76 52 55
76 53 56
76 54 53
76 55 64
76 56 51
76 57 98
76 58 80
76 59 88
76 60 52
76 61 86
76 62 61
76 63 92
76 64 88
76 65 64
76 66 63
76 67 92
76 68 58
76 69 69
76 70 87
76 71 62
76 72 68
76 73 55
76 74 77
76 75 85
76 77 89
76 78 81
76 79 58
76 80 50
76 81 67
76 82 63
76 83 59
76 84 53
76 85 100
76 86 94
76 87 84
76 88 64
76 89 85
76 90 100
76 91 69
76 92 57
76 93 85
76 94 99
76 95 85
76 96 56
76 97 56
76 98 80
76 99 84
77 1 97
77 2 89
77 3 71
77 4 92
77 5 63
77 6 91
77 7 87
77 8 79
77 9 65
77 10 56
77 11 84
77 12 94
77 13 82
77 14 96
77 15 84
77 16 67
77 17 88
77 18 61
77 19 82
77 20 60
77 21 60
77 22 54
77 23 82
77 24 66
77 25 81
77 26 59
77 27 79
77 28 87
77 29 97
77 30 92
77 31 82
77 32 93
77 33 63
77 34 52
77 35 67
77 36 70
77 37 95
77 38 87
77 39 100
77 40 87
77 41 65
77 42 66
77 43 65
77 44 60
77 45 65
77 46 90
77 47 80
77 48 82
77 49 77
77 50 69
77 51 82
77 52 68
77 53 63
77 54 90
77 55 59
77 56 85
77 57 98
77 58 93
77 59 88
77 60 68
77 61 53
77 62 84
77 63 56
77 64 61
77 65 82
77 66 76
77 67 65
77 68 51
77 69 56
77 70 68
77 71 81
77 72 100
77 73 93
77 74 67
77 75 69
77 76 89
77 78 80
77 79 52
77 80 73
77 81 84
77 82 92
77 83 84
77 84 70
77 85 75
77 86 74
77 87 50
77 88 92
77 89 81
77 90 64
77 91 69
77 92 53
77 93 53
77 94 68
77 95 68
77 96 82
77 97 57
77 98 71
77 99 82
78 1 96
78 2 97
78 3 98
78 4 82
78 5 84
78 6 85
78 7 67
78 8 73
78 9 93
78 10 82
78 11 60
78 12 65
78 13 65
78 14 79
78 15 85
78 16 73
78 17 79
78 18 68
78 19 95
78 20 61
78 21 83
78 22 89
78 23 64
78 24 58
78 25 62
78 26 96
78 27 51
78 28 51
78 29 65
78 30 84
78 31 88
78 32 61
78 33 54
78 34 81
78 35 50
78 36 59
78 37 90
78 38 89
78 39 67
78 40 77
78 41 98
78 42 77
78 43 64
78 44 67
78 45 57
78 46 65
78 47 59
78 48 74
78 49 74
78 50 54
78 51 55
78 52 92
78 53 98
78 54 73
78 55 53
78 56 90
78 57 78
78 58 79
78 59 74
78 60 87
78 61 83
78 62 53
78 63 68
78 64 77
78 65 98
78 66 59
78 67 83
78 68 100
78 69 100
78 70 64
78 71 55
78 72 66
78 73 97
78 74 59
78 75 70
78 76 81
78 77 80
78 79 99
78 80 94
78 81 87
78 82 53
78 83 55
78 84 78
78 85 99
78 86 74
78 87 98
78 88 62
78 89 98
78 90 70
78 91 70
78 92 59
78 93 93
78 94 69
78 95 92
78 96 77
78 97 98
78 98 71
78 99 89
79 1 99
79 2 68
79 3 65
79 4 59
79 5 72
79 6 78
79 7 81
79 8 58
79 9 50
79 10 71
79 11 69
79 12 81
79 13 83
79 14 55
79 15 52
79 16 88
79 17 68
79 18 55
79 19 100
79 20 90
79 21 91
79 22 56
79 23 80
79 24 55
79 25 57
79 26 55
79 27 55
79 28 93
79 29 67
79 30 60
79 31 58
79 32 60
79 33 57
79 34 53
79 35 88
79 36 80
79 37 51
79 38 90
79 39 80
79 40 52
79 41 89
79 42 76
79 43 97
79 44 83
79 45 58
79 46 51
79 47 52
79 48 87
79 49 60
79 50 77
79 51 91
79 52 57
79 53 62
79 54 77
79 55 69
79 56 64
79 57 81
79 58 56
79 59 89
79 60 68
79 61 77
79 62 63
79 63 93
79 64 72
79 65 91
79 66 83
79 67 92
79 68 94
79 69 57
79 70 62
79 71 89
79 72 64
79 73 55
79 74 54
79 75 95
79 76 58
79 77 52
79 78 99
79 80 87
79 81 52
79 82 57
79 83 59
79 84 61
79 85 77
79 86 50
79 87 100
79 88 94
79 89 76
79 90 72
79 91 95
79 92 68
79 93 86
79 94 82
79 95 58
79 96 68
79 97 75
79 98 97
79 99 76
80 1 63
80 2 86
80 3 59
80 4 75
80 5 61
80 6 55
80 7 66
80 8 90
80 9 98
80 10 98
80 11 76
80 12 71
80 13 84
80 14 89
80 15 84
80 16 81
80 17 65
80 18 68
80 19 68
80 20 89
80 21 63
80 22 84
80 23 80
80 24 62
80 25 80
80 26 100
80 27 67
80 28 78
80 29 55
80 30 59
80 31 69
80 32 74
80 33 73
80 34 84
80 35 64
80 36 51
80 37 83
80 38 91
80 39 54
80 40 77
80 41 66
80 42 80
80 43 80
80 44 82
80 45 83
80 46 82
80 47 84
80 48 60
80 49 50
80 50 91
80 51 84
80 52 81
80 53 83
80 54 80
80 55 100
80 56 96
80 57 99
80 58 54
80 59 80
80 60 67
80 61 75
80 62 76
80 63 93
80 64 90
80 65 66
80 66 74
80 67 83
80 68 66
80 69 96
80 70 71
80 71 69
80 72 65
80 73 75
80 74 91
80 75 80
80 76 50
80 77 73
80 78 94
80 79 87
80 81 97
80 82 51
80 83 80
80 84 59
80 85 85
80 86 75
80 87 74
80 88 81
80 89 67
80 90 78
80 91 75
80 92 75
80 93 74
80 94 83
80 95 62
80 96 75
80 97 61
80 98 91
80 99 60
81 1 66
81 2 69
81 3 53
81 4 97
81 5 53
81 6 59
81 7 69
81 8 99
81 9 88
81 10 72
81 11 75
81 12 67
81 13 65
81 14 64
81 15 50
81 16 67
81 17 74
81 18 59
81 19 55
81 20 99
81 21 74
81 22 91
81 23 63
81 24 94
81 25 95
81 26 53
81 27 76
81 28 52
81 29 77
81 30 54
81 31 89
81 32 57
81 33 57
81 34 82
81 35 100
81 36 60
81 37 56
81 38 63
81 39 97
81 40 59
81 41 64
81 42 98
81 43 63
81 44 50
81 45 78
81 46 74
81 47 64
81 48 63
81 49 82
81 50 76
81 51 55
81 52 100
81 53 78
81 54 93
81 55 50
81 56 64
81 57 62
81 58 67
81 59 90
81 60 97
81 61 69
81 62 74
81 63 91
81 64 95
81 65 62
81 66 50
81 67 68
81 68 67
81 69 55
81 70 73
81 71 59
81 72 67
81 73 82
81 74 75
81 75 64
81 76 67
81 77 84
81 78 87
81 79 52
81 80 97
81 82 78
81 83 78
81 84 59
81 85 91
81 86 56
81 87 87
81 88 66
81 89 68
81 90 60
81 91 95
81 92 85
81 93 57
81 94 72
81 95 70
81 96 56
81 97 58
81 98 79
81 99 51
82 1 52
82 2 58
82 3 54
82 4 52
82 5 77
82 6 53
82 7 97
82 8 71
82 9 94
82 10 73
82 11 95
82 12 90
82 13 86
82 14 56
82 15 100
82 16 53
82 17 58
82 18 73
82 19 61
82 20 63
82 21 92
82 22 93
82 23 81
82 24 59
82 25 72
82 26 87
82 27 65
82 28 72
82 29 63
82 30 69
82 31 71
82 32 62
82 33 75
82 34 72
82 35 75
82 36 63
82 37 100
82 38 91
82 39 52
82 40 75
82 41 63
82 42 73
82 43 86
82 44 84
82 45 100
82 46 67
82 47 62
82 48 82
82 49 84
82 50 97
82 51 69
82 52 58
82 53 95
82 54 89
82 55 57
82 56 55
82 57 82
82 58 62
82 59 98
82 60 80
82 61 92
82 62 80
82 63 61
82 64 60
82 65 96
82 66 65
82 67 72
82 68 68
82 69 83
82 70 67
82 71 87
82 72 94
82 73 75
82 74 75
82 75 98
82 76 63
82 77 92
82 78 53
82 79 57
82 80 51
82 81 78
82 83 76
82 84 95
82 85 93
82 86 93
82 87 86
82 88 66
82 89 66
82 90 69
82 91 53
82 92 83
82 93 78
82 94 64
82 95 68
82 96 63
82 97 50
82 98 65
82 99 89
83 1 72
83 2 53
83 3 99
83 4 91
83 5 99
83 6 55
83 7 70
83 8 99
83 9 82
83 10 84
83 11 51
83 12 93
83 13 92
83 14 74
83 15 79
83 16 87
83 17 53
83 18 84
83 19 94
83 20 74
83 21 92
83 22 73
83 23 74
83 24 74
83 25 86
83 26 80
83 27 53
83 28 72
83 29 54
83 30 58
83 31 71
83 32 63
83 33 90
83 34 73
83 35 51
83 36 72
83 37 66
83 38 95
83 39 72
83 40 97
83 41 93
83 42 53
83 43 99
83 44 50
83 45 63
83 46 99
83 47 69
83 48 61
83 49 65
83 50 77
83 51 58
83 52 50
83 53 67
83 54 98
83 55 68
83 56 79
83 57 84
83 58 51
83 59 80
83 60 73
83 61 68
83 62 66
83 63 97
83 64 85
83 65 80
83 66 86
83 67 73
83 68 72
83 69 76
83 70 59
83 71 59
83 72 58
83 73 76
83 74 50
83 75 66
83 76 59
83 77 84
83 78 55
83 79 59
83 80 80
83 81 78
83 82 76
83 84 93
83 85 50
83 86 91
83 87 94
83 88 81
83 89 97
83 90 52
83 91 76
83 92 57
83 93 65
83 94 59
83 95 94
83 96 87
83 97 94
83 98 56
83 99 86
84 1 89
84 2 61
84 3 86
84 4 97
84 5 59
84 6 61
84 7 63
84 8 96
84 9 80
84 10 51
84 11 60
84 12 90
84 13 76
84 14 59
84 15 85
84 16 100
84 17 57
84 18 50
84 19 82
84 20 64
84 21 87
84 22 93
84 23 100
84 24 52
84 25 57
84 26 90
84 27 82
84 28 62
84 29 58
84 30 70
84 31 92
84 32 74
84 33 65
84 34 92
84 35 94
84 36 89
84 37 97
84 38 83
84 39 87
84 40 73
84 41 60
84 42 71
84 43 99
84 44 81
84 45 87
84 46 51
84 47 53
84 48 91
84 49 94
84 50 63
84 51 66
84 52 93
84 53 89
84 54 82
84 55 59
84 56 64
84 57 70
84 58 65
84 59 74
84 60 99
84 61 88
84 62 65
84 63 77
84 64 53
84 65 56
84 66 53
84 67 67
84 68 91
84 69 67
84 70 63
84 71 53
84 72 94
84 73 53
84 74 63
84 75 97
84 76 53
84 77 70
84 78 78
84 79 61
84 80 59
84 81 59
84 82 95
84 83 93
84 85 82
84 86 75
84 87 99
84 88 97
84 89 85
84 90 56
84 91 95
84 92 83
84 93 87
84 94 95
84 95 58
84 96 60
84 97 97
84 98 83
84 99 84
85 1 61
85 2 98
85 3 56
85 4 56
85 5 99
85 6 87
85 7 76
85 8 59
85 9 78
85 10 62
85 11 87
85 12 85
85 13 88
85 14 89
85 15 64
85 16 64
85 17 50
85 18 82
85 19 98
85 20 72
85 21 65
85 22 51
85 23 72
85 24 93
85 25 85
85 26 59
85 27 90
85 28 68
85 29 97
85 30 89
85 31 76
85 32 87
85 33 89
85 34 60
85 35 62
85 36 50
85 37 100
85 38 84
85 39 57
85 40 83
85 41 58
85 42 83
85 43 57
85 44 65
85 45 93
85 46 93
85 47 69
85 48 92
85 49 74
85 50 77
85 51 56
85 52 68
85 53 90
85 54 92
85 55 100
85 56 82
85 57 70
85 58 68
85 59 91
85 60 53
85 61 97
85 62 94
85 63 68
85 64 81
85 65 74
85 66 58
85 67 93
85 68 89
85 69 81
85 70 62
85 71 99
85 72 94
85 73 87
85 74 50
85 75 79
85 76 100
85 77 75
85 78 99
85 79 77
85 80 85
85 81 91
85 82 93
85 83 50
85 84 82
85 86 66
85 87 88
85 88 55
85 89 89
85 90 73
85 91 78
85 92 79
85 93 53
85 94 95
85 95 50
85 96 80
85 97 63
85 98 86
85 99 96
86 1 100
86 2 76
86 3 87
86 4 69
86 5 67
86 6 65
86 7 59
86 8 54
86 9 100
86 10 58
86 11 74
86 12 63
86 13 80
86 14 56
86 15 73
86 16 77
86 17 76
86 18 76
86 19 54
86 20 73
86 21 65
86 22 54
86 23 57
86 24 97
86 25 90
86 26 87
86 27 71
86 28 54
86 29 81
86 30 77
86 31 56
86 32 76
86 33 92
86 34 75
86 35 62
86 36 70
86 37 64
86 38 82
86 39 61
86 40 69
86 41 92
86 42 80
86 43 91
86 44 73
86 45 51
86 46 90
86 47 65
86 48 75
86 49 97
86 50 90
86 51 53
86 52 72
86 53 79
86 54 54
86 55 67
86 56 69
86 57 63
86 58 95
86 59 78
86 60 96
86 61 61
86 62 97
86 63 86
86 64 73
86 65 90
86 66 72
86 67 86
86 68 60
86 69 51
86 70 72
86 71 68
86 72 83
86 73 60
86 74 97
86 75 82
86 76 94
86 77 74
86 78 74
86 79 50
86 80 75
86 81 56
86 82 93
86 83 91
86 84 75
86 85 66
86 87 50
86 88 72
86 89 78
86 90 69
86 91 97
86 92 54
86 93 85
86 94 98
86 95 68
86 96 81
86 97 73
86 98 84
86 99 56
87 1 99
87 2 88
87 3 73
87 4 91
87 5 67
87 6 74
87 7 65
87 8 58
87 9 70
87 10 63
87 11 51
87 12 76
87 13 82
87 14 62
87 15 51
87 16 96
87 17 80
87 18 79
87 19 50
87 20 65
87 21 61
87 22 53
87 23 67
87 24 59
87 25 98
87 26 79
87 27 72
87 28 68
87 29 68
87 30 98
87 31 71
87 32 67
87 33 84
87 34 72
87 35 73
87 36 95
87 37 62
87 38 84
87 39 50
87 40 50
87 41 86
87 42 61
87 43 91
87 44 93
87 45 100
87 46 79
87 47 69
87 48 58
87 49 58
87 50 63
87 51 53
87 52 77
87 53 91
87 54 70
87 55 76
87 56 56
87 57 52
87 58 94
87 59 77
87 60 71
87 61 53
87 62 68
87 63 53
87 64 78
87 65 84
87 66 86
87 67 97
87 68 50
87 69 69
87 70 94
87 71 79
87 72 89
87 73 60
87 74 72
87 75 93
87 76 84
87 77 50
87 78 98
87 79 100
87 80 74
87 81 87
87 82 86
87 83 94
87 84 99
87 85 88
87 86 50
87 88 91
87 89 76
87 90 76
87 91 67
87 92 91
87 93 73
87 94 91
87 95 85
87 96 78
87 97 63
87 98 91
87 99 92
88 1 80
88 2 69
88 3 90
88 4 58
88 5 65
88 6 60
88 7 52
88 8 73
88 9 67
88 10 65
88 11 82
88 12 69
88 13 88
88 14 89
88 15 78
88 16 64
88 17 100
88 18 64
88 19 80
88 20 79
88 21 76
88 22 68
88 23 73
88 24 87
88 25 93
88 26 82
88 27 76
88 28 56
88 29 80
88 30 81
88 31 88
88 32 77
88 33 97
88 34 94
88 35 86
88 36 89
88 37 53
88 38 62
88 39 80
88 40 81
88 41 64
88 42 63
88 43 60
88 44 53
88 45 82
88 46 97
88 47 50
88 48 91
88 49 69
88 50 57
88 51 62
88 52 62
88 53 85
88 54 65
88 55 95
88 56 65
88 57 78
88 58 95
88 59 84
88 60 72
88 61 82
88 62 98
88 63 69
88 64 60
88 65 62
88 66 70
88 67 89
88 68 67
88 69 70
88 70 65
88 71 94
88 72 74
88 73 97
88 74 50
88 75 56
88 76 64
88 77 92
88 78 62
88 79 94
88 80 81
88 81 66
88 82 66
88 83 81
88 84 97
88 85 55
88 86 72
88 87 91
88 89 65
88 90 78
88 91 50
88 92 57
88 93 73
88 94 65
88 95 57
88 96 78
88 97 71
88 98 93
88 99 81
89 1 92
89 2 85
89 3 96
89 4 54
89 5 75
89 6 99
89 7 93
89 8 97
89 9 52
89 10 88
89 11 79
89 12 76
89 13 77
89 14 87
89 15 94
89 16 89
89 17 63
89 18 65
89 19 88
89 20 74
89 21 76
89 22 55
89 23 96
89 24 66
89 25 55
89 26 70
89 27 67
89 28 79
89 29 55
89 30 58
89 31 64
89 32 58
89 33 54
89 34 79
89 35 91
89 36 57
89 37 55
89 38 91
89 39 73
89 40 80
89 41 84
89 42 55
89 43 51
89 44 72
89 45 74
89 46 77
89 47 87
89 48 67
89 49 68
89 50 53
89 51 87
89 52 86
89 53 63
89 54 66
89 55 75
89 56 66
89 57 58
89 58 75
89 59 78
89 60 66
89 61 68
89 62 57
89 63 76
89 64 54
89 65 78
89 66 97
89 67 76
89 68 75
89 69 79
89 70 54
89 71 80
89 72 71
89 73 63
89 74 85
89 75 82
89 76 85
89 77 81
89 78 98
89 79 76
89 80 67
89 81 68
89 82 66
89 83 97
89 84 85
89 85 89
89 86 78
89 87 76
89 88 65
89 90 77
89 91 50
89 92 94
89 93 81
89 94 63
89 95 65
89 96 96
89 97 53
89 98 77
89 99 91
90 1 79
90 2 100
90 3 89
90 4 96
90 5 81
90 6 61
90 7 76
90 8 68
90 9 70
90 10 83
90 11 88
90 12 96
90 13 87
90 14 66
90 15 60
90 16 75
90 17 97
90 18 68
90 19 56
90 20 59
90 21 98
90 22 69
90 23 67
90 24 85
90 25 56
90 26 72
90 27 59
90 28 84
90 29 52
90 30 88
90 31 60
90 32 56
90 33 88
90 34 59
90 35 79
90 36 92
90 37 56
90 38 72
90 39 96
90 40 87
90 41 85
90 42 59
90 43 93
90 44 94
90 45 72
90 46 92
90 47 80
90 48 65
90 49 70
90 50 96
90 51 60
90 52 63
90 53 66
90 54 80
90 55 79
90 56 70
90 57 73
90 58 87
90 59 66
90 60 99
90 61 63
90 62 60
90 63 82
90 64 78
90 65 76
90 66 63
90 67 67
90 68 63
90 69 80
90 70 62
90 71 100
90 72 52
90 73 91
90 74 73
90 75 78
90 76 100
90 77 64
90 78 70
90 79 72
90 80 78
90 81 60
90 82 69
90 83 52
90 84 56
90 85 73
90 86 69
90 87 76
90 88 78
90 89 77
90 91 63
90 92 71
90 93 65
90 94 91
90 95 68
90 96 65
90 97 66
90 98 86
90 99 94
91 1 52
91 2 90
91 3 69
91 4 86
91 5 51
91 6 66
91 7 80
91 8 64
91 9 86
91 10 99
91 11 62
91 12 80
91 13 70
91 14 86
91 15 86
91 16 67
91 17 64
91 18 87
91 19 99
91 20 83
91 21 65
91 22 99
91 23 57
91 24 94
91 25 80
91 26 67
91 27 96
91 28 54
91 29 80
91 30 61
91 31 66
91 32 80
91 33 94
91 34 74
91 35 91
91 36 79
91 37 86
91 38 76
91 39 59
91 40 62
91 41 62
91 42 85
91 43 60
91 44 76
91 45 54
91 46 80
91 47 99
91 48 80
91 49 59
91 50 72
91 51 87
91 52 79
91 53 87
91 54 51
91 55 79
91 56 81
91 57 69
91 58 52
91 59 98
91 60 95
91 61 52
91 62 93
91 63 51
91 64 97
91 65 51
91 66 79
91 67 77
91 68 89
91 69 57
91 70 82
91 71 66
91 72 74
91 73 61
91 74 85
91 75 62
91 76 69
91 77 69
91 78 70
91 79 95
91 80 75
91 81 95
91 82 53
91 83 76
91 84 95
91 85 78
91 86 97
91 87 67
91 88 50
91 89 50
91 90 63
91 92 58
91 93 86
91 94 100
91 95 71
91 96 66
91 97 58
91 98 83
91 99 90
92 1 90
92 2 72
92 3 84
92 4 55
92 5 74
92 6 55
92 7 50
92 8 71
92 9 99
92 10 69
92 11 53
92 12 79
92 13 56
92 14 68
92 15 98
92 16 97
92 17 83
92 18 85
92 19 51
92 20 98
92 21 57
92 22 72
92 23 79
92 24 58
92 25 78
92 26 74
92 27 89
92 28 52
92 29 87
92 30 90
92 31 90
92 32 97
92 33 86
92 34 88
92 35 95
92 36 58
92 37 95
92 38 50
92 39 97
92 40 77
92 41 65
92 42 56
92 43 71
92 44 68
92 45 92
92 46 68
92 47 83
92 48 52
92 49 86
92 50 60
92 51 88
92 52 99
92 53 90
92 54 70
92 55 96
92 56 100
92 57 79
92 58 96
92 59 95
92 60 87
92 61 86
92 62 65
92 63 59
92 64 58
92 65 72
92 66 76
92 67 58
92 68 76
92 69 85
92 70 67
92 71 72
92 72 98
92 73 58
92 74 56
92 75 54
92 76 57
92 77 53
92 78 59
92 79 68
92 80 75
92 81 85
92 82 83
92 83 57
92 84 83
92 85 79
92 86 54
92 87 91
92 88 57
92 89 94
92 90 71
92 91 58
92 93 51
92 94 98
92 95 93
92 96 76
92 97 55
92 98 84
92 99 85
93 1 99
93 2 95
93 3 98
93 4 61
93 5 61
93 6 85
93 7 58
93 8 68
93 9 81
93 10 62
93 11 75
93 12 70
93 13 86
93 14 68
93 15 93
93 16 70
93 17 66
93 18 96
93 19 64
93 20 94
93 21 58
93 22 68
93 23 54
93 24 51
93 25 57
93 26 71
93 27 53
93 28 69
93 29 67
93 30 56
93 31 50
93 32 93
93 33 89
93 34 95
93 35 98
93 36 52
93 37 61
93 38 85
93 39 78
93 40 59
93 41 75
93 42 98
93 43 58
93 44 98
93 45 75
93 46 57
93 47 98
93 48 94
93 49 76
93 50 94
93 51 67
93 52 76
93 53 94
93 54 86
93 55 79
93 56 84
93 57 64
93 58 76
93 59 75
93 60 84
93 61 82
93 62 75
93 63 89
93 64 99
93 65 97
93 66 73
93 67 93
93 68 70
93 69 68
93 70 100
93 71 70
93 72 79
93 73 84
93 74 97
93 75 100
93 76 85
93 77 53
93 78 93
93 79 86
93 80 74
93 81 57
93 82 78
93 83 65
93 84 87
93 85 53
93 86 85
93 87 73
93 88 73
93 89 81
93 90 65
93 91 86
93 92 51
93 94 84
93 95 58
93 96 90
93 97 88
93 98 98
93 99 72
94 1 89
94 2 70
94 3 59
94 4 94
94 5 65
94 6 84
94 7 74
94 8 85
94 9 71
94 10 99
94 11 65
94 12 74
94 13 92
94 14 75
94 15 91
94 16 51
94 17 56
94 18 50
94 19 83
94 20 87
94 21 96
94 22 83
94 23 75
94 24 88
94 25 91
94 26 52
94 27 88
94 28 98
94 29 73
94 30 82
94 31 94
94 32 72
94 33 66
94 34 50
94 35 57
94 36 54
94 37 91
94 38 99
94 39 83
94 40 88
94 41 86
94 42 91
94 43 88
94 44 100
94 45 71
94 46 82
94 47 92
94 48 77
94 49 56
94 50 92
94 51 66
94 52 95
94 53 98
94 54 85
94 55 90
94 56 70
94 57 57
94 58 57
94 59 84
94 60 81
94 61 96
94 62 77
94 63 54
94 64 54
94 65 85
94 66 69
94 67 76
94 68 77
94 69 56
94 70 75
94 71 75
94 72 64
94 73 70
94 74 51
94 75 61
94 76 99
94 77 68
94 78 69
94 79 82
94 80 83
94 81 72
94 82 64
94 83 59
94 84 95
94 85 95
94 86 98
94 87 91
94 88 65
94 89 63
94 90 91
94 91 100
94 92 98
94 93 84
94 95 88
94 96 73
94 97 59
94 98 96
94 99 82
95 1 84
95 2 71
95 3 57
95 4 91
95 5 64
95 6 81
95 7 60
95 8 61
95 9 88
95 10 64
95 11 74
95 12 89
95 13 90
95 14 83
95 15 89
95 16 54
95 17 87
95 18 86
95 19 54
95 20 55
95 21 72
95 22 58
95 23 71
95 24 80
95 25 88
95 26 57
95 27 99
95 28 93
95 29 84
95 30 82
95 31 81
95 32 95
95 33 97
95 34 90
95 35 79
95 36 70
95 37 51
95 38 97
95 39 85
95 40 93
95 41 88
95 42 50
95 43 59
95 44 54
95 45 72
95 46 52
95 47 83
95 48 95
95 49 60
95 50 81
95 51 58
95 52 57
95 53 77
95 54 80
95 55 57
95 56 91
95 57 79
95 58 59
95 59 94
95 60 59
95 61 51
95 62 93
95 63 90
95 64 60
95 65 54
95 66 89
95 67 93
95 68 77
95 69 67
95 70 50
95 71 70
95 72 73
95 73 54
95 74 52
95 75 64
95 76 85
95 77 68
95 78 92
95 79 58
95 80 62
95 81 70
95 82 68
95 83 94
95 84 58
95 85 50
95 86 68
95 87 85
95 88 57
95 89 65
95 90 68
95 91 71
95 92 93
95 93 58
95 94 88
95 96 83
95 97 79
95 98 85
95 99 77
96 1 56
96 2 87
96 3 58
96 4 56
96 5 74
96 6 67
96 7 70
96 8 73
96 9 94
96 10 77
96 11 65
96 12 63
96 13 60
96 14 90
96 15 96
96 16 65
96 17 74
96 18 98
96 19 88
96 20 84
96 21 50
96 22 93
96 23 61
96 24 66
96 25 76
96 26 95
96 27 97
96 28 92
96 29 92
96 30 79
96 31 73
96 32 73
96 33 90
96 34 96
96 35 95
96 36 64
96 37 73
96 38 59
96 39 64
96 40 51
96 41 50
96 42 100
96 43 54
96 44 81
96 45 84
96 46 71
96 47 75
96 48 56
96 49 89
96 50 58
96 51 66
96 52 69
96 53 61
96 54 80
96 55 53
96 56 54
96 57 60
96 58 89
96 59 93
96 60 94
96 61 88
96 62 82
96 63 90
96 64 52
96 65 56
96 66 50
96 67 56
96 68 70
96 69 58
96 70 65
96 71 98
96 72 98
96 73 97
96 74 74
96 75 91
96 76 56
96 77 82
96 78 77
96 79 68
96 80 75
96 81 56
96 82 63
96 83 87
96 84 60
96 85 80
96 86 81
96 87 78
96 88 78
96 89 96
96 90 65
96 91 66
96 92 76
96 93 90
96 94 73
96 95 83
96 97 84
96 98 54
96 99 52
97 1 76
97 2 53
97 3 99
97 4 67
97 5 50
97 6 52
97 7 73
97 8 95
97 9 67
97 10 96
97 11 75
97 12 94
97 13 89
97 14 92
97 15 54
97 16 79
97 17 51
97 18 50
97 19 92
97 20 70
97 21 76
97 22 81
97 23 57
97 24 51
97 25 56
97 26 58
97 27 82
97 28 61
97 29 57
97 30 73
97 31 70
97 32 54
97 33 52
97 34 54
97 35 80
97 36 67
97 37 74
97 38 89
97 39 96
97 40 95
97 41 76
97 42 59
97 43 57
97 44 64
97 45 85
97 46 59
97 47 97
97 48 66
97 49 55
97 50 50
97 51 63
97 52 86
97 53 96
97 54 79
97 55 89
97 56 52
97 57 66
97 58 81
97 59 56
97 60 79
97 61 99
97 62 60
97 63 73
97 64 77
97 65 69
97 66 87
97 67 86
97 68 50
97 69 70
97 70 65
97 71 99
97 72 76
97 73 71
97 74 80
97 75 57
97 76 56
97 77 57
97 78 98
97 79 75
97 80 61
97 81 58
97 82 50
97 83 94
97 84 97
97 85 63
97 86 73
97 87 63
97 88 71
97 89 53
97 90 66
97 91 58
97 92 55
97 93 88
97 94 59
97 95 79
97 96 84
97 98 80
97 99 74
98 1 62
98 2 73
98 3 76
98 4 89
98 5 65
98 6 51
98 7 58
98 8 94
98 9 89
98 10 90
98 11 93
98 12 67
98 13 63
98 14 60
98 15 97
98 16 66
98 17 59
98 18 94
98 19 92
98 20 60
98 21 75
98 22 70
98 23 70
98 24 89
98 25 50
98 26 64
98 27 68
98 28 95
98 29 53
98 30 51
98 31 91
98 32 51
98 33 73
98 34 77
98 35 57
98 36 80
98 37 95
98 38 67
98 39 91
98 40 65
98 41 82
98 42 68
98 43 68
98 44 66
98 45 93
98 46 85
98 47 73
98 48 91
98 49 51
98 50 58
98 51 76
98 52 57
98 53 82
98 54 84
98 55 92
98 56 95
98 57 97
98 58 59
98 59 83
98 60 54
98 61 76
98 62 84
98 63 86
98 64 77
98 65 64
98 66 81
98 67 84
98 68 63
98 69 84
98 70 75
98 71 60
98 72 86
98 73 74
98 74 94
98 75 100
98 76 80
98 77 71
98 78 71
98 79 97
98 80 91
98 81 79
98 82 65
98 83 56
98 84 83
98 85 86
98 86 84
98 87 91
98 88 93
98 89 77
98 90 86
98 91 83
98 92 84
98 93 98
98 94 96
98 95 85
98 96 54
98 97 80
98 99 83
1 t 52
2 t 91
3 t 93
4 t 70
5 t 76
6 t 70
7 t 53
8 t 55
9 t 64
10 t 81
11 t 85
12 t 80
13 t 65
14 t 91
15 t 95
16 t 65
17 t 95
18 t 91
19 t 56
20 t 78
21 t 55
22 t 100
23 t 60
24 t 90
25 t 88
26 t 93
27 t 50
28 t 74
29 t 80
30 t 76
31 t 61
32 t 100
33 t 71
34 t 84
35 t 55
36 t 81
37 t 86
38 t 87
39 t 89
40 t 75
41 t 93
42 t 54
43 t 81
44 t 64
45 t 100
46 t 62
47 t 98
48 t 70
49 t 75
50 t 90
51 t 68
52 t 59
53 t 99
54 t 71
55 t 97
56 t 60
57 t 60
58 t 54
59 t 97
60 t 73
61 t 93
62 t 91
63 t 61
64 t 82
65 t 56
66 t 57
67 t 50
68 t 61
69 t 74
70 t 96
71 t 71
72 t 56
73 t 74
74 t 57
75 t 99
76 t 84
77 t 82
78 t 89
79 t 76
80 t 60
81 t 51
82 t 89
83 t 86
84 t 84
85 t 96
86 t 56
87 t 92
88 t 81
89 t 91
90 t 94
91 t 90
92 t 85
93 t 72
94 t 82
95 t 77
96 t 52
97 t 74
98 t 83
