s 1 331
s 2 259
s 3 455
s 4 341
s 5 334
s 6 355
s 7 401
s 8 322
s 9 500
s 10 292
s 11 298
s 12 349
s 13 389
s 14 457
s 15 446
s 16 474
s 17 473
s 18 329
s 19 292
s 20 477
s 21 430
s 22 334
s 23 405
s 24 410
s 25 335
s 26 413
s 27 448
s 28 338
s 29 392
s 30 342
s 31 250
s 32 295
s 33 350
s 34 444
s 35 262
s 36 469
s 37 359
s 38 432
s 39 311
s 40 294
s 41 365
s 42 482
s 43 286
s 44 474
s 45 461
s 46 448
s 47 456
s 48 444
s 49 297
s 50 366
s 51 405
s 52 338
s 53 276
s 54 405
s 55 402
s 56 392
s 57 428
s 58 308
s 59 449
s 60 382
s 61 462
s 62 468
s 63 492
s 64 448
s 65 287
s 66 496
s 67 327
s 68 268
s 69 451
s 70 497
s 71 311
s 72 385
s 73 404
s 74 442
s 75 344
s 76 320
s 77 398
s 78 331
s 79 298
s 80 301
s 81 381
s 82 399
s 83 371
s 84 452
s 85 450
s 86 431
s 87 478
s 88 454
s 89 420
s 90 297
s 91 412
s 92 402
s 93 499
s 94 273
s 95 400
s 96 480
s 97 340
s 98 395
s 99 294
1 2 409
1 3 462
1 4 297
1 5 485
1 6 297
1 7 420
1 8 443
1 9 372
1 10 332
1 11 397
1 12 271
1 13 420
1 14 267
1 15 304
1 16 447
1 17 287
1 18 353
1 19 272
1 20 471
1 21 390
1 22 491
1 23 423
1 24 437
1 25 500
1 26 391
1 27 495
1 28 460
1 29 449
1 30 256
1 31 493
1 32 479
1 33 410
1 34 305
1 35 381
1 36 359
1 37 295
1 38 431
1 39 280
1 40 447
1 41 327
1 42 413
1 43 477
1 44 272
1 45 448
1 46 371
1 47 390
1 48 492
1 49 427
1 50 364
1 51 352
1 52 250
1 53 380
1 54 479
1 55 487
1 56 438
1 57 367
1 58 341
1 59 434
1 60 342
1 61 455
1 62 321
1 63 433
1 64 439
1 65 452
1 66 258
1 67 408
1 68 405
1 69 266
1 70 298
1 71 431
1 72 344
1 73 321
1 74 322
1 75 411
1 76 289
1 77 406
1 78 282
1 79 428
1 80 371
1 81 361
1 82 362
1 83 429
1 84 349
1 85 433
1 86 416
1 87 260
1 88 273
1 89 281
1 90 424
1 91 476
1 92 436
1 93 456
1 94 420
1 95 424
1 96 483
1 97 427
1 98 273
1 99 405
2 1 409
2 3 384
2 4 337
2 5 318
2 6 498
2 7 311
2 8 263
2 9 368
2 10 352
2 11 340
2 12 325
2 13 446
2 14 454
2 15 295
2 16 447
2 17 406
2 18 276
2 19 439
2 20 453
2 21 447
2 22 499
2 23 471
2 24 308
2 25 331
2 26 396
2 27 313
2 28 266
2 29 433
2 30 442
2 31 444
2 32 381
2 33 365
2 34 399
2 35 457
2 36 267
2 37 499
2 38 321
2 39 342
2 40 253
2 41 474
2 42 424
2 43 342
2 44 405
2 45 360
2 46 409
2 47 324
2 48 349
2 49 391
2 50 268
2 51 494
2 52 267
2 53 367
2 54 399
2 55 497
2 56 492
2 57 460
2 58 453
2 59 382
2 60 451
2 61 253
2 62 385
2 63 437
2 64 407
2 65 492
2 66 343
2 67 273
2 68 256
2 69 270
2 70 270
2 71 468
2 72 456
2 73 335
2 74 269
2 75 281
2 76 442
2 77 434
2 78 354
2 79 493
2 80 499
2 81 256
2 82 360
2 83 258
2 84 415
2 85 391
2 86 341
2 87 251
2 88 322
2 89 253
2 90 403
2 91 317
2 92 359
2 93 277
2 94 316
2 95 497
2 96 451
2 97 460
2 98 432
2 99 378
3 1 462
3 2 384
3 4 427
3 5 347
3 6 352
3 7 275
3 8 408
3 9 382
3 10 423
3 11 327
3 12 310
3 13 468
3 14 258
3 15 322
3 16 329
3 17 336
3 18 490
3 19 347
3 20 386
3 21 412
3 22 281
3 23 408
3 24 362
3 25 448
3 26 250
3 27 296
3 28 388
3 29 401
3 30 451
3 31 280
3 32 311
3 33 349
3 34 475
3 35 429
3 36 350
3 37 335
3 38 289
3 39 371
3 40 445
3 41 418
3 42 283
3 43 359
3 44 456
3 45 413
3 46 279
3 47 347
3 48 392
3 49 462
3 50 347
3 51 495
3 52 469
3 53 329
3 54 398
3 55 300
3 56 466
3 57 292
3 58 465
3 59 252
3 60 481
3 61 314
3 62 369
3 63 275
3 64 266
3 65 404
3 66 452
3 67 352
3 68 419
3 69 258
3 70 337
3 71 381
3 72 365
3 73 483
3 74 274
3 75 257
3 76 319
3 77 440
3 78 428
3 79 357
3 80 302
3 81 331
3 82 475
3 83 487
3 84 485
3 85 394
3 86 425
3 87 352
3 88 496
3 89 411
3 90 298
3 91 425
3 92 309
3 93 422
3 94 285
3 95 449
3 96 254
3 97 434
3 98 318
3 99 363
4 1 297
4 2 337
4 3 427
4 5 329
4 6 340
4 7 379
4 8 343
4 9 262
4 10 455
4 11 297
4 12 337
4 13 468
4 14 463
4 15 469
4 16 331
4 17 263
4 18 494
4 19 444
4 20 263
4 21 293
4 22 340
4 23 402
4 24 353
4 25 297
4 26 404
4 27 386
4 28 250
4 29 312
4 30 261
4 31 423
4 32 454
4 33 492
4 34 250
4 35 442
4 36 370
4 37 355
4 38 308
4 39 384
4 40 442
4 41 252
4 42 265
4 43 423
4 44 437
4 45 449
4 46 367
4 47 407
4 48 459
4 49 480
4 50 303
4 51 291
4 52 367
4 53 469
4 54 309
4 55 305
4 56 337
4 57 305
4 58 455
4 59 263
4 60 314
4 61 403
4 62 415
4 63 375
4 64 402
4 65 282
4 66 437
4 67 324
4 68 358
4 69 415
4 70 342
4 71 331
4 72 327
4 73 279
4 74 462
4 75 329
4 76 461
4 77 372
4 78 482
4 79 328
4 80 490
4 81 452
4 82 477
4 83 278
4 84 387
4 85 423
4 86 305
4 87 349
4 88 394
4 89 343
4 90 500
4 91 413
4 92 425
4 93 426
4 94 476
4 95 384
4 96 401
4 97 321
4 98 392
4 99 348
5 1 485
5 2 318
5 3 347
5 4 329
5 6 486
5 7 420
5 8 356
5 9 377
5 10 404
5 11 446
5 12 332
5 13 350
5 14 306
5 15 269
5 16 464
5 17 251
5 18 359
5 19 370
5 20 250
5 21 362
5 22 371
5 23 371
5 24 428
5 25 412
5 26 492
5 27 497
5 28 453
5 29 417
5 30 326
5 31 402
5 32 454
5 33 434
5 34 444
5 35 313
5 36 446
5 37 376
5 38 401
5 39 309
5 40 296
5 41 352
5 42 319
5 43 432
5 44 313
5 45 323
5 46 410
5 47 367
5 48 292
5 49 354
5 50 491
5 51 365
5 52 457
5 53 408
5 54 485
5 55 268
5 56 469
5 57 330
5 58 496
5 59 298
5 60 379
5 61 318
5 62 295
5 63 398
5 64 488
5 65 299
5 66 383
5 67 395
5 68 277
5 69 473
5 70 325
5 71 351
5 72 462
5 73 261
5 74 431
5 75 428
5 76 389
5 77 490
5 78 453
5 79 264
5 80 357
5 81 391
5 82 470
5 83 493
5 84 445
5 85 252
5 86 332
5 87 321
5 88 331
5 89 484
5 90 266
5 91 423
5 92 472
5 93 418
5 94 483
5 95 303
5 96 429
5 97 425
5 98 338
5 99 320
6 1 297
6 2 498
6 3 352
6 4 340
6 5 486
6 7 447
6 8 328
6 9 374
6 10 388
6 11 279
6 12 300
6 13 283
6 14 480
6 15 350
6 16 449
6 17 446
6 18 270
6 19 487
6 20 286
6 21 382
6 22 326
6 23 292
6 24 251
6 25 439
6 26 289
6 27 393
6 28 467
6 29 316
6 30 266
6 31 334
6 32 391
6 33 330
6 34 300
6 35 352
6 36 326
6 37 478
6 38 500
6 39 354
6 40 279
6 41 445
6 42 350
6 43 413
6 44 492
6 45 436
6 46 456
6 47 464
6 48 415
6 49 302
6 50 474
6 51 427
6 52 311
6 53 328
6 54 354
6 55 497
6 56 429
6 57 427
6 58 305
6 59 431
6 60 278
6 61 432
6 62 404
6 63 417
6 64 400
6 65 306
6 66 368
6 67 448
6 68 367
6 69 489
6 70 497
6 71 450
6 72 287
6 73 343
6 74 390
6 75 260
6 76 413
6 77 366
6 78 256
6 79 275
6 80 263
6 81 329
6 82 445
6 83 387
6 84 428
6 85 298
6 86 405
6 87 452
6 88 306
6 89 457
6 90 283
6 91 357
6 92 281
6 93 468
6 94 491
6 95 350
6 96 295
6 97 458
6 98 348
6 99 339
7 1 420
7 2 311
7 3 275
7 4 379
7 5 420
7 6 447
7 8 263
7 9 303
7 10 441
7 11 361
7 12 330
7 13 298
7 14 483
7 15 484
7 16 343
7 17 409
7 18 325
7 19 427
7 20 464
7 21 412
7 22 258
7 23 307
7 24 401
7 25 345
7 26 259
7 27 463
7 28 384
7 29 364
7 30 359
7 31 415
7 32 270
7 33 371
7 34 423
7 35 310
7 36 288
7 37 274
7 38 486
7 39 401
7 40 390
7 41 264
7 42 275
7 43 466
7 44 311
7 45 458
7 46 330
7 47 351
7 48 263
7 49 399
7 50 402
7 51 424
7 52 472
7 53 485
7 54 327
7 55 480
7 56 460
7 57 377
7 58 360
7 59 497
7 60 434
7 61 254
7 62 474
7 63 414
7 64 345
7 65 490
7 66 380
7 67 428
7 68 289
7 69 323
7 70 350
7 71 315
7 72 373
7 73 409
7 74 285
7 75 372
7 76 442
7 77 453
7 78 297
7 79 496
7 80 459
7 81 351
7 82 388
7 83 364
7 84 461
7 85 382
7 86 294
7 87 396
7 88 284
7 89 480
7 90 263
7 91 258
7 92 314
7 93 295
7 94 361
7 95 495
7 96 402
7 97 489
7 98 300
7 99 400
8 1 443
8 2 263
8 3 408
8 4 343
8 5 356
8 6 328
8 7 263
8 9 287
8 10 309
8 11 275
8 12 390
8 13 319
8 14 391
8 15 406
8 16 292
8 17 399
8 18 459
8 19 463
8 20 359
8 21 276
8 22 396
8 23 330
8 24 303
8 25 498
8 26 284
8 27 383
8 28 464
8 29 357
8 30 435
8 31 378
8 32 349
8 33 482
8 34 338
8 35 258
8 36 251
8 37 306
8 38 306
8 39 451
8 40 392
8 41 303
8 42 280
8 43 331
8 44 409
8 45 430
8 46 462
8 47 255
8 48 441
8 49 326
8 50 324
8 51 383
8 52 424
8 53 379
8 54 330
8 55 404
8 56 257
8 57 437
8 58 368
8 59 481
8 60 375
8 61 324
8 62 268
8 63 317
8 64 289
8 65 331
8 66 479
8 67 313
8 68 375
8 69 308
8 70 400
8 71 411
8 72 466
8 73 482
8 74 264
8 75 417
8 76 449
8 77 263
8 78 386
8 79 250
8 80 393
8 81 290
8 82 367
8 83 357
8 84 257
8 85 394
8 86 472
8 87 491
8 88 407
8 89 463
8 90 417
8 91 487
8 92 408
8 93 478
8 94 359
8 95 485
8 96 373
8 97 348
8 98 467
8 99 405
9 1 372
9 2 368
9 3 382
9 4 262
9 5 377
9 6 374
9 7 303
9 8 287
9 10 285
9 11 324
9 12 417
9 13 460
9 14 419
9 15 491
9 16 421
9 17 393
9 18 475
9 19 390
9 20 366
9 21 258
9 22 471
9 23 286
9 24 308
9 25 274
9 26 290
9 27 430
9 28 448
9 29 401
9 30 264
9 31 449
9 32 266
9 33 284
9 34 439
9 35 365
9 36 463
9 37 322
9 38 273
9 39 294
9 40 348
9 41 482
9 42 280
9 43 403
9 44 254
9 45 454
9 46 403
9 47 361
9 48 445
9 49 343
9 50 259
9 51 487
9 52 345
9 53 272
9 54 332
9 55 367
9 56 264
9 57 331
9 58 394
9 59 309
9 60 356
9 61 370
9 62 469
9 63 416
9 64 327
9 65 339
9 66 397
9 67 456
9 68 421
9 69 498
9 70 477
9 71 323
9 72 280
9 73 380
9 74 361
9 75 432
9 76 388
9 77 299
9 78 255
9 79 407
9 80 348
9 81 487
9 82 360
9 83 350
9 84 357
9 85 251
9 86 280
9 87 265
9 88 358
9 89 346
9 90 376
9 91 350
9 92 414
9 93 256
9 94 359
9 95 253
9 96 327
9 97 493
9 98 422
9 99 263
10 1 332
10 2 352
10 3 423
10 4 455
10 5 404
10 6 388
10 7 441
10 8 309
10 9 285
10 11 403
10 12 363
10 13 343
10 14 434
10 15 265
10 16 332
10 17 458
10 18 458
10 19 390
10 20 393
10 21 370
10 22 318
10 23 376
10 24 482
10 25 398
10 26 268
10 27 472
10 28 420
10 29 265
10 30 406
10 31 328
10 32 429
10 33 302
10 34 427
10 35 351
10 36 282
10 37 298
10 38 338
10 39 437
10 40 378
10 41 467
10 42 255
10 43 340
10 44 289
10 45 418
10 46 367
10 47 484
10 48 455
10 49 442
10 50 448
10 51 327
10 52 297
10 53 344
10 54 471
10 55 491
10 56 306
10 57 275
10 58 500
10 59 328
10 60 418
10 61 439
10 62 257
10 63 451
10 64 316
10 65 269
10 66 393
10 67 302
10 68 390
10 69 340
10 70 484
10 71 432
10 72 466
10 73 290
10 74 288
10 75 320
10 76 417
10 77 332
10 78 269
10 79 436
10 80 450
10 81 298
10 82 342
10 83 310
10 84 444
10 85 405
10 86 397
10 87 294
10 88 477
10 89 392
10 90 433
10 91 399
10 92 337
10 93 452
10 94 464
10 95 458
10 96 257
10 97 323
10 98 358
10 99 379
11 1 397
11 2 340
11 3 327
11 4 297
11 5 446
11 6 279
11 7 361
11 8 275
11 9 324
11 10 403
11 12 404
11 13 271
11 14 411
11 15 299
11 16 296
11 17 401
11 18 338
11 19 253
11 20 326
11 21 254
11 22 366
11 23 496
11 24 387
11 25 403
11 26 430
11 27 277
11 28 267
11 29 314
11 30 293
11 31 403
11 32 341
11 33 467
11 34 353
11 35 340
11 36 447
11 37 482
11 38 322
11 39 459
11 40 360
11 41 470
11 42 364
11 43 412
11 44 250
11 45 250
11 46 359
11 47 430
11 48 413
11 49 314
11 50 371
11 51 485
11 52 438
11 53 419
11 54 272
11 55 319
11 56 325
11 57 376
11 58 319
11 59 378
11 60 290
11 61 286
11 62 322
11 63 380
11 64 459
11 65 318
11 66 373
11 67 313
11 68 283
11 69 340
11 70 405
11 71 278
11 72 441
11 73 252
11 74 303
11 75 463
11 76 345
11 77 250
11 78 358
11 79 472
11 80 348
11 81 332
11 82 385
11 83 426
11 84 278
11 85 481
11 86 253
11 87 426
11 88 476
11 89 375
11 90 302
11 91 468
11 92 455
11 93 272
11 94 301
11 95 431
11 96 365
11 97 427
11 98 487
11 99 414
12 1 271
12 2 325
12 3 310
12 4 337
12 5 332
12 6 300
12 7 330
12 8 390
12 9 417
12 10 363
12 11 404
12 13 429
12 14 412
12 15 406
12 16 261
12 17 392
12 18 360
12 19 251
12 20 358
12 21 360
12 22 291
12 23 436
12 24 499
12 25 306
12 26 459
12 27 474
12 28 407
12 29 281
12 30 368
12 31 377
12 32 326
12 33 425
12 34 401
12 35 377
12 36 379
12 37 483
12 38 253
12 39 272
12 40 348
12 41 305
12 42 389
12 43 290
12 44 364
12 45 361
12 46 499
12 47 379
12 48 484
12 49 490
12 50 308
12 51 390
12 52 440
12 53 342
12 54 354
12 55 306
12 56 271
12 57 411
12 58 252
12 59 430
12 60 261
12 61 278
12 62 333
12 63 416
12 64 312
12 65 292
12 66 267
12 67 343
12 68 437
12 69 452
12 70 327
12 71 398
12 72 473
12 73 276
12 74 352
12 75 371
12 76 259
12 77 473
12 78 499
12 79 454
12 80 346
12 81 275
12 82 462
12 83 485
12 84 276
12 85 334
12 86 269
12 87 429
12 88 454
12 89 321
12 90 275
12 91 372
12 92 280
12 93 254
12 94 395
12 95 351
12 96 374
12 97 319
12 98 486
12 99 499
13 1 420
13 2 446
13 3 468
13 4 468
13 5 350
13 6 283
13 7 298
13 8 319
13 9 460
13 10 343
13 11 271
13 12 429
13 14 499
13 15 310
13 16 449
13 17 393
13 18 332
13 19 433
13 20 391
13 21 316
13 22 323
13 23 483
13 24 473
13 25 322
13 26 366
13 27 273
13 28 253
13 29 450
13 30 402
13 31 356
13 32 283
13 33 361
13 34 362
13 35 250
13 36 397
13 37 479
13 38 471
13 39 309
13 40 393
13 41 287
13 42 251
13 43 263
13 44 439
13 45 344
13 46 495
13 47 274
13 48 269
13 49 442
13 50 428
13 51 416
13 52 318
13 53 381
13 54 288
13 55 387
13 56 443
13 57 318
13 58 256
13 59 383
13 60 372
13 61 346
13 62 452
13 63 257
13 64 481
13 65 425
13 66 339
13 67 263
13 68 268
13 69 426
13 70 274
13 71 386
13 72 326
13 73 356
13 74 257
13 75 354
13 76 445
13 77 336
13 78 355
13 79 292
13 80 302
13 81 272
13 82 257
13 83 409
13 84 300
13 85 347
13 86 465
13 87 436
13 88 312
13 89 271
13 90 394
13 91 493
13 92 450
13 93 272
13 94 447
13 95 361
13 96 379
13 97 412
13 98 480
13 99 490
14 1 267
14 2 454
14 3 258
14 4 463
14 5 306
14 6 480
14 7 483
14 8 391
14 9 419
14 10 434
14 11 411
14 12 412
14 13 499
14 15 282
14 16 435
14 17 373
14 18 251
14 19 297
14 20 412
14 21 425
14 22 489
14 23 259
14 24 254
14 25 256
14 26 263
14 27 267
14 28 443
14 29 428
14 30 449
14 31 338
14 32 284
14 33 434
14 34 266
14 35 332
14 36 277
14 37 409
14 38 339
14 39 296
14 40 382
14 41 364
14 42 428
14 43 445
14 44 416
14 45 310
14 46 430
14 47 436
14 48 334
14 49 441
14 50 382
14 51 488
14 52 399
14 53 415
14 54 367
14 55 458
14 56 383
14 57 259
14 58 270
14 59 381
14 60 367
14 61 381
14 62 272
14 63 323
14 64 254
14 65 375
14 66 314
14 67 454
14 68 282
14 69 448
14 70 377
14 71 257
14 72 352
14 73 400
14 74 349
14 75 285
14 76 384
14 77 364
14 78 479
14 79 438
14 80 369
14 81 412
14 82 353
14 83 433
14 84 315
14 85 252
14 86 296
14 87 256
14 88 429
14 89 260
14 90 251
14 91 267
14 92 304
14 93 381
14 94 278
14 95 316
14 96 289
14 97 446
14 98 261
14 99 271
15 1 304
15 2 295
15 3 322
15 4 469
15 5 269
15 6 350
15 7 484
15 8 406
15 9 491
15 10 265
15 11 299
15 12 406
15 13 310
15 14 282
15 16 417
15 17 393
15 18 364
15 19 343
15 20 415
15 21 470
15 22 461
15 23 253
15 24 496
15 25 271
15 26 437
15 27 477
15 28 252
15 29 472
15 30 436
15 31 325
15 32 484
15 33 385
15 34 451
15 35 342
15 36 371
15 37 400
15 38 303
15 39 364
15 40 451
15 41 448
15 42 419
15 43 347
15 44 444
15 45 307
15 46 435
15 47 416
15 48 325
15 49 366
15 50 300
15 51 383
15 52 355
15 53 463
15 54 466
15 55 483
15 56 256
15 57 323
15 58 342
15 59 413
15 60 414
15 61 285
15 62 383
15 63 367
15 64 292
15 65 267
15 66 282
15 67 385
15 68 308
15 69 465
15 70 366
15 71 335
15 72 439
15 73 483
15 74 261
15 75 252
15 76 372
15 77 495
15 78 325
15 79 492
15 80 490
15 81 252
15 82 418
15 83 265
15 84 418
15 85 471
15 86 426
15 87 461
15 88 288
15 89 351
15 90 424
15 91 372
15 92 318
15 93 271
15 94 323
15 95 399
15 96 356
15 97 307
15 98 458
15 99 377
16 1 447
16 2 447
16 3 329
16 4 331
16 5 464
16 6 449
16 7 343
16 8 292
16 9 421
16 10 332
16 11 296
16 12 261
16 13 449
16 14 435
16 15 417
16 17 347
16 18 384
16 19 480
16 20 484
16 21 440
16 22 263
16 23 345
16 24 456
16 25 406
16 26 392
16 27 355
16 28 329
16 29 304
16 30 338
16 31 326
16 32 307
16 33 271
16 34 477
16 35 288
16 36 351
16 37 402
16 38 457
16 39 260
16 40 346
16 41 321
16 42 311
16 43 439
16 44 453
16 45 426
16 46 425
16 47 265
16 48 275
16 49 324
16 50 279
16 51 358
16 52 408
16 53 419
16 54 410
16 55 287
16 56 367
16 57 292
16 58 490
16 59 453
16 60 332
16 61 267
16 62 255
16 63 267
16 64 472
16 65 370
16 66 251
16 67 485
16 68 399
16 69 430
16 70 436
16 71 356
16 72 371
16 73 497
16 74 494
16 75 319
16 76 404
16 77 493
16 78 397
16 79 414
16 80 414
16 81 418
16 82 338
16 83 281
16 84 347
16 85 376
16 86 252
16 87 362
16 88 408
16 89 433
16 90 343
16 91 325
16 92 411
16 93 423
16 94 365
16 95 296
16 96 402
16 97 298
16 98 350
16 99 373
17 1 287
17 2 406
17 3 336
17 4 263
17 5 251
17 6 446
17 7 409
17 8 399
17 9 393
17 10 458
17 11 401
17 12 392
17 13 393
17 14 373
17 15 393
17 16 347
17 18 482
17 19 397
17 20 489
17 21 494
17 22 453
17 23 375
17 24 350
17 25 374
17 26 347
17 27 416
17 28 445
17 29 364
17 30 465
17 31 357
17 32 274
17 33 433
17 34 409
17 35 362
17 36 439
17 37 335
17 38 396
17 39 396
17 40 471
17 41 462
17 42 438
17 43 301
17 44 457
17 45 350
17 46 368
17 47 413
17 48 428
17 49 446
17 50 289
17 51 401
17 52 310
17 53 378
17 54 407
17 55 452
17 56 390
17 57 449
17 58 448
17 59 373
17 60 420
17 61 306
17 62 420
17 63 407
17 64 346
17 65 366
17 66 476
17 67 408
17 68 500
17 69 441
17 70 372
17 71 260
17 72 443
17 73 466
17 74 350
17 75 353
17 76 367
17 77 278
17 78 401
17 79 451
17 80 410
17 81 256
17 82 346
17 83 257
17 84 467
17 85 437
17 86 365
17 87 305
17 88 439
17 89 275
17 90 399
17 91 378
17 92 469
17 93 295
17 94 495
17 95 300
17 96 253
17 97 360
17 98 356
17 99 371
18 1 353
18 2 276
18 3 490
18 4 494
18 5 359
18 6 270
18 7 325
18 8 459
18 9 475
18 10 458
18 11 338
18 12 360
18 13 332
18 14 251
18 15 364
18 16 384
18 17 482
18 19 471
18 20 267
18 21 362
18 22 280
18 23 401
18 24 314
18 25 272
18 26 251
18 27 496
18 28 428
18 29 462
18 30 308
18 31 310
18 32 358
18 33 406
18 34 291
18 35 470
18 36 277
18 37 317
18 38 353
18 39 322
18 40 490
18 41 478
18 42 380
18 43 324
18 44 343
18 45 372
18 46 398
18 47 450
18 48 335
18 49 459
18 50 494
18 51 281
18 52 330
18 53 251
18 54 322
18 55 279
18 56 492
18 57 488
18 58 389
18 59 477
18 60 438
18 61 363
18 62 292
18 63 370
18 64 334
18 65 317
18 66 283
18 67 255
18 68 488
18 69 464
18 70 352
18 71 369
18 72 482
18 73 264
18 74 378
18 75 302
18 76 416
18 77 486
18 78 297
18 79 358
18 80 402
18 81 372
18 82 323
18 83 250
18 84 361
18 85 473
18 86 380
18 87 263
18 88 312
18 89 413
18 90 485
18 91 256
18 92 484
18 93 358
18 94 423
18 95 433
18 96 285
18 97 395
18 98 417
18 99 421
19 1 272
19 2 439
19 3 347
19 4 444
19 5 370
19 6 487
19 7 427
19 8 463
19 9 390
19 10 390
19 11 253
19 12 251
19 13 433
19 14 297
19 15 343
19 16 480
19 17 397
19 18 471
19 20 298
19 21 466
19 22 466
19 23 321
19 24 261
19 25 399
19 26 478
19 27 495
19 28 456
19 29 456
19 30 416
19 31 448
19 32 422
19 33 286
19 34 346
19 35 319
19 36 492
19 37 256
19 38 415
19 39 393
19 40 365
19 41 366
19 42 266
19 43 256
19 44 268
19 45 477
19 46 325
19 47 266
19 48 342
19 49 431
19 50 267
19 51 317
19 52 384
19 53 255
19 54 267
19 55 364
19 56 270
19 57 322
19 58 340
19 59 291
19 60 367
19 61 450
19 62 274
19 63 485
19 64 387
19 65 261
19 66 408
19 67 358
19 68 256
19 69 300
19 70 474
19 71 333
19 72 456
19 73 278
19 74 373
19 75 386
19 76 291
19 77 391
19 78 479
19 79 417
19 80 313
19 81 478
19 82 483
19 83 454
19 84 398
19 85 308
19 86 306
19 87 263
19 88 279
19 89 290
19 90 394
19 91 416
19 92 341
19 93 305
19 94 499
19 95 485
19 96 421
19 97 464
19 98 490
19 99 412
20 1 471
20 2 453
20 3 386
20 4 263
20 5 250
20 6 286
20 7 464
20 8 359
20 9 366
20 10 393
20 11 326
20 12 358
20 13 391
20 14 412
20 15 415
20 16 484
20 17 489
20 18 267
20 19 298
20 21 382
20 22 455
20 23 426
20 24 291
20 25 302
20 26 250
20 27 290
20 28 265
20 29 300
20 30 368
20 31 317
20 32 336
20 33 321
20 34 448
20 35 432
20 36 498
20 37 349
20 38 419
20 39 299
20 40 490
20 41 352
20 42 386
20 43 488
20 44 288
20 45 458
20 46 401
20 47 274
20 48 367
20 49 298
20 50 373
20 51 381
20 52 459
20 53 453
20 54 385
20 55 495
20 56 423
20 57 407
20 58 266
20 59 430
20 60 417
20 61 272
20 62 413
20 63 379
20 64 341
20 65 417
20 66 367
20 67 489
20 68 480
20 69 461
20 70 367
20 71 327
20 72 395
20 73 394
20 74 482
20 75 324
20 76 397
20 77 370
20 78 476
20 79 411
20 80 304
20 81 463
20 82 257
20 83 286
20 84 348
20 85 353
20 86 435
20 87 342
20 88 251
20 89 385
20 90 462
20 91 434
20 92 492
20 93 373
20 94 322
20 95 352
20 96 425
20 97 387
20 98 257
20 99 475
21 1 390
21 2 447
21 3 412
21 4 293
21 5 362
21 6 382
21 7 412
21 8 276
21 9 258
21 10 370
21 11 254
21 12 360
21 13 316
21 14 425
21 15 470
21 16 440
21 17 494
21 18 362
21 19 466
21 20 382
21 22 462
21 23 287
21 24 466
21 25 275
21 26 492
21 27 275
21 28 333
21 29 264
21 30 371
21 31 406
21 32 383
21 33 396
21 34 267
21 35 500
21 36 451
21 37 440
21 38 391
21 39 481
21 40 399
21 41 253
21 42 380
21 43 324
21 44 457
21 45 313
21 46 260
21 47 343
21 48 252
21 49 301
21 50 453
21 51 364
21 52 425
21 53 357
21 54 276
21 55 397
21 56 379
21 57 346
21 58 350
21 59 346
21 60 494
21 61 401
21 62 326
21 63 418
21 64 284
21 65 500
21 66 263
21 67 413
21 68 270
21 69 281
21 70 304
21 71 404
21 72 449
21 73 320
21 74 364
21 75 361
21 76 425
21 77 430
21 78 461
21 79 361
21 80 300
21 81 489
21 82 390
21 83 286
21 84 360
21 85 294
21 86 312
21 87 378
21 88 442
21 89 434
21 90 422
21 91 391
21 92 479
21 93 451
21 94 461
21 95 254
21 96 359
21 97 272
21 98 405
21 99 484
22 1 491
22 2 499
22 3 281
22 4 340
22 5 371
22 6 326
22 7 258
22 8 396
22 9 471
22 10 318
22 11 366
22 12 291
22 13 323
22 14 489
22 15 461
22 16 263
22 17 453
22 18 280
22 19 466
22 20 455
22 21 462
22 23 407
22 24 397
22 25 378
22 26 491
22 27 335
22 28 340
22 29 362
22 30 295
22 31 402
22 32 319
22 33 419
22 34 313
22 35 362
22 36 305
22 37 250
22 38 435
22 39 439
22 40 435
22 41 409
22 42 394
22 43 435
22 44 331
22 45 464
22 46 373
22 47 394
22 48 302
22 49 300
22 50 354
22 51 440
22 52 441
22 53 486
22 54 312
22 55 471
22 56 454
22 57 363
22 58 480
22 59 422
22 60 478
22 61 441
22 62 408
22 63 345
22 64 473
22 65 444
22 66 491
22 67 256
22 68 476
22 69 361
22 70 442
22 71 484
22 72 255
22 73 318
22 74 441
22 75 430
22 76 353
22 77 268
22 78 285
22 79 423
22 80 426
22 81 451
22 82 327
22 83 281
22 84 437
22 85 493
22 86 318
22 87 324
22 88 268
22 89 468
22 90 455
22 91 451
22 92 378
22 93 361
22 94 262
22 95 296
22 96 473
22 97 323
22 98 384
22 99 494
23 1 423
23 2 471
23 3 408
23 4 402
23 5 371
23 6 292
23 7 307
23 8 330
23 9 286
23 10 376
23 11 496
23 12 436
23 13 483
23 14 259
23 15 253
23 16 345
23 17 375
23 18 401
23 19 321
23 20 426
23 21 287
23 22 407
23 24 326
23 25 363
23 26 299
23 27 425
23 28 276
23 29 453
23 30 287
23 31 342
23 32 296
23 33 439
23 34 364
23 35 275
23 36 250
23 37 295
23 38 476
23 39 471
23 40 427
23 41 334
23 42 295
23 43 495
23 44 264
23 45 444
23 46 390
23 47 378
23 48 491
23 49 387
23 50 333
23 51 486
23 52 396
23 53 467
23 54 407
23 55 375
23 56 381
23 57 474
23 58 482
23 59 276
23 60 250
23 61 379
23 62 371
23 63 351
23 64 375
23 65 349
23 66 276
23 67 263
23 68 489
23 69 417
23 70 363
23 71 441
23 72 319
23 73 499
23 74 418
23 75 325
23 76 413
23 77 463
23 78 287
23 79 498
23 80 336
23 81 325
23 82 367
23 83 299
23 84 495
23 85 329
23 86 453
23 87 365
23 88 267
23 89 342
23 90 315
23 91 252
23 92 421
23 93 439
23 94 479
23 95 356
23 96 370
23 97 442
23 98 431
23 99 385
24 1 437
24 2 308
24 3 362
24 4 353
24 5 428
24 6 251
24 7 401
24 8 303
24 9 308
24 10 482
24 11 387
24 12 499
24 13 473
24 14 254
24 15 496
24 16 456
24 17 350
24 18 314
24 19 261
24 20 291
24 21 466
24 22 397
24 23 326
24 25 408
24 26 313
24 27 461
24 28 264
24 29 398
24 30 360
24 31 254
24 32 445
24 33 388
24 34 345
24 35 386
24 36 409
24 37 424
24 38 461
24 39 316
24 40 489
24 41 407
24 42 369
24 43 388
24 44 292
24 45 458
24 46 422
24 47 445
24 48 282
24 49 312
24 50 336
24 51 466
24 52 300
24 53 253
24 54 475
24 55 380
24 56 354
24 57 483
24 58 278
24 59 319
24 60 310
24 61 449
24 62 417
24 63 282
24 64 485
24 65 339
24 66 384
24 67 330
24 68 498
24 69 436
24 70 408
24 71 335
24 72 300
24 73 476
24 74 334
24 75 326
24 76 380
24 77 444
24 78 259
24 79 384
24 80 288
24 81 468
24 82 489
24 83 452
24 84 266
24 85 341
24 86 362
24 87 282
24 88 385
24 89 393
24 90 342
24 91 272
24 92 344
24 93 251
24 94 302
24 95 291
24 96 358
24 97 292
24 98 336
24 99 357
25 1 500
25 2 331
25 3 448
25 4 297
25 5 412
25 6 439
25 7 345
25 8 498
25 9 274
25 10 398
25 11 403
25 12 306
25 13 322
25 14 256
25 15 271
25 16 406
25 17 374
25 18 272
25 19 399
25 20 302
25 21 275
25 22 378
25 23 363
25 24 408
25 26 328
25 27 479
25 28 304
25 29 323
25 30 496
25 31 366
25 32 470
25 33 327
25 34 367
25 35 306
25 36 413
25 37 462
25 38 470
25 39 464
25 40 284
25 41 406
25 42 326
25 43 356
25 44 385
25 45 461
25 46 362
25 47 448
25 48 419
25 49 347
25 50 319
25 51 253
25 52 366
25 53 351
25 54 477
25 55 379
25 56 439
25 57 250
25 58 257
25 59 431
25 60 485
25 61 359
25 62 334
25 63 321
25 64 492
25 65 313
25 66 449
25 67 340
25 68 288
25 69 285
25 70 304
25 71 317
25 72 478
25 73 480
25 74 284
25 75 265
25 76 445
25 77 264
25 78 456
25 79 288
25 80 344
25 81 273
25 82 306
25 83 421
25 84 442
25 85 409
25 86 468
25 87 494
25 88 418
25 89 442
25 90 361
25 91 291
25 92 478
25 93 313
25 94 261
25 95 412
25 96 280
25 97 288
25 98 308
25 99 461
26 1 391
26 2 396
26 3 250
26 4 404
26 5 492
26 6 289
26 7 259
26 8 284
26 9 290
26 10 268
26 11 430
26 12 459
26 13 366
26 14 263
26 15 437
26 16 392
26 17 347
26 18 251
26 19 478
26 20 250
26 21 492
26 22 491
26 23 299
26 24 313
26 25 328
26 27 301
26 28 428
26 29 426
26 30 353
26 31 485
26 32 474
26 33 423
26 34 475
26 35 496
26 36 355
26 37 428
26 38 279
26 39 365
26 40 256
26 41 470
26 42 276
26 43 261
26 44 279
26 45 388
26 46 341
26 47 389
26 48 309
26 49 428
26 50 366
26 51 312
26 52 264
26 53 439
26 54 335
26 55 419
26 56 407
26 57 354
26 58 402
26 59 324
26 60 303
26 61 469
26 62 398
26 63 385
26 64 361
26 65 404
26 66 417
26 67 329
26 68 267
26 69 330
26 70 490
26 71 440
26 72 343
26 73 381
26 74 298
26 75 375
26 76 308
26 77 450
26 78 360
26 79 442
26 80 380
26 81 253
26 82 278
26 83 401
26 84 250
26 85 421
26 86 347
26 87 450
26 88 336
26 89 411
26 90 269
26 91 395
26 92 404
26 93 351
26 94 446
26 95 449
26 96 323
26 97 334
26 98 432
26 99 426
27 1 495
27 2 313
27 3 296
27 4 386
27 5 497
27 6 393
27 7 463
27 8 383
27 9 430
27 10 472
27 11 277
27 12 474
27 13 273
27 14 267
27 15 477
27 16 355
27 17 416
27 18 496
27 19 495
27 20 290
27 21 275
27 22 335
27 23 425
27 24 461
27 25 479
27 26 301
27 28 488
27 29 319
27 30 354
27 31 328
27 32 260
27 33 320
27 34 258
27 35 329
27 36 261
27 37 344
27 38 276
27 39 361
27 40 292
27 41 429
27 42 441
27 43 399
27 44 485
27 45 418
27 46 370
27 47 455
27 48 464
27 49 367
27 50 252
27 51 472
27 52 470
27 53 465
27 54 321
27 55 368
27 56 464
27 57 449
27 58 294
27 59 456
27 60 480
27 61 308
27 62 305
27 63 296
27 64 457
27 65 403
27 66 475
27 67 288
27 68 428
27 69 287
27 70 464
27 71 346
27 72 407
27 73 382
27 74 341
27 75 287
27 76 289
27 77 449
27 78 420
27 79 323
27 80 359
27 81 344
27 82 259
27 83 496
27 84 263
27 85 482
27 86 389
27 87 323
27 88 353
27 89 392
27 90 415
27 91 411
27 92 473
27 93 369
27 94 462
27 95 348
27 96 360
27 97 332
27 98 455
27 99 488
28 1 460
28 2 266
28 3 388
28 4 250
28 5 453
28 6 467
28 7 384
28 8 464
28 9 448
28 10 420
28 11 267
28 12 407
28 13 253
28 14 443
28 15 252
28 16 329
28 17 445
28 18 428
28 19 456
28 20 265
28 21 333
28 22 340
28 23 276
28 24 264
28 25 304
28 26 428
28 27 488
28 29 399
28 30 474
28 31 278
28 32 499
28 33 493
28 34 282
28 35 363
28 36 491
28 37 319
28 38 349
28 39 390
28 40 321
28 41 488
28 42 449
28 43 458
28 44 266
28 45 414
28 46 269
28 47 260
28 48 385
28 49 434
28 50 285
28 51 425
28 52 269
28 53 270
28 54 324
28 55 344
28 56 463
28 57 345
28 58 404
28 59 445
28 60 442
28 61 450
28 62 295
28 63 284
28 64 362
28 65 255
28 66 263
28 67 485
28 68 256
28 69 428
28 70 401
28 71 292
28 72 356
28 73 384
28 74 479
28 75 428
28 76 425
28 77 303
28 78 291
28 79 414
28 80 379
28 81 383
28 82 417
28 83 375
28 84 294
28 85 440
28 86 417
28 87 342
28 88 358
28 89 427
28 90 450
28 91 497
28 92 276
28 93 370
28 94 436
28 95 290
28 96 359
28 97 366
28 98 316
28 99 250
29 1 449
29 2 433
29 3 401
29 4 312
29 5 417
29 6 316
29 7 364
29 8 357
29 9 401
29 10 265
29 11 314
29 12 281
29 13 450
29 14 428
29 15 472
29 16 304
29 17 364
29 18 462
29 19 456
29 20 300
29 21 264
29 22 362
29 23 453
29 24 398
29 25 323
29 26 426
29 27 319
29 28 399
29 30 484
29 31 254
29 32 449
29 33 276
29 34 355
29 35 268
29 36 335
29 37 404
29 38 378
29 39 259
29 40 487
29 41 321
29 42 440
29 43 459
29 44 265
29 45 270
29 46 346
29 47 345
29 48 362
29 49 265
29 50 369
29 51 470
29 52 299
29 53 499
29 54 285
29 55 437
29 56 262
29 57 468
29 58 469
29 59 466
29 60 256
29 61 315
29 62 349
29 63 348
29 64 394
29 65 429
29 66 393
29 67 486
29 68 458
29 69 447
29 70 466
29 71 489
29 72 263
29 73 356
29 74 492
29 75 496
29 76 463
29 77 325
29 78 281
29 79 356
29 80 275
29 81 273
29 82 495
29 83 489
29 84 342
29 85 423
29 86 266
29 87 321
29 88 364
29 89 443
29 90 424
29 91 480
29 92 480
29 93 450
29 94 445
29 95 378
29 96 352
29 97 292
29 98 331
29 99 268
30 1 256
30 2 442
30 3 451
30 4 261
30 5 326
30 6 266
30 7 359
30 8 435
30 9 264
30 10 406
30 11 293
30 12 368
30 13 402
30 14 449
30 15 436
30 16 338
30 17 465
30 18 308
30 19 416
30 20 368
30 21 371
30 22 295
30 23 287
30 24 360
30 25 496
30 26 353
30 27 354
30 28 474
30 29 484
30 31 400
30 32 335
30 33 487
30 34 379
30 35 350
30 36 335
30 37 410
30 38 255
30 39 343
30 40 250
30 41 306
30 42 347
30 43 430
30 44 390
30 45 489
30 46 470
30 47 382
30 48 461
30 49 418
30 50 254
30 51 446
30 52 377
30 53 268
30 54 287
30 55 359
30 56 497
30 57 355
30 58 431
30 59 324
30 60 401
30 61 300
30 62 256
30 63 366
30 64 302
30 65 298
30 66 474
30 67 380
30 68 345
30 69 286
30 70 429
30 71 368
30 72 326
30 73 278
30 74 256
30 75 259
30 76 455
30 77 376
30 78 355
30 79 267
30 80 261
30 81 261
30 82 452
30 83 358
30 84 497
30 85 326
30 86 258
30 87 438
30 88 279
30 89 420
30 90 478
30 91 453
30 92 485
30 93 468
30 94 353
30 95 325
30 96 392
30 97 454
30 98 322
30 99 271
31 1 493
31 2 444
31 3 280
31 4 423
31 5 402
31 6 334
31 7 415
31 8 378
31 9 449
31 10 328
31 11 403
31 12 377
31 13 356
31 14 338
31 15 325
31 16 326
31 17 357
31 18 310
31 19 448
31 20 317
31 21 406
31 22 402
31 23 342
31 24 254
31 25 366
31 26 485
31 27 328
31 28 278
31 29 254
31 30 400
31 32 445
31 33 388
31 34 302
31 35 438
31 36 437
31 37 287
31 38 423
31 39 261
31 40 479
31 41 440
31 42 293
31 43 306
31 44 300
31 45 294
31 46 354
31 47 496
31 48 315
31 49 329
31 50 332
31 51 433
31 52 402
31 53 499
31 54 423
31 55 376
31 56 495
31 57 456
31 58 254
31 59 457
31 60 400
31 61 475
31 62 370
31 63 476
31 64 476
31 65 274
31 66 392
31 67 475
31 68 268
31 69 488
31 70 354
31 71 322
31 72 495
31 73 446
31 74 422
31 75 352
31 76 412
31 77 378
31 78 375
31 79 263
31 80 480
31 81 331
31 82 344
31 83 362
31 84 383
31 85 363
31 86 308
31 87 338
31 88 495
31 89 474
31 90 456
31 91 439
31 92 368
31 93 419
31 94 419
31 95 311
31 96 489
31 97 301
31 98 301
31 99 384
32 1 479
32 2 381
32 3 311
32 4 454
32 5 454
32 6 391
32 7 270
32 8 349
32 9 266
32 10 429
32 11 341
32 12 326
32 13 283
32 14 284
32 15 484
32 16 307
32 17 274
32 18 358
32 19 422
32 20 336
32 21 383
32 22 319
32 23 296
32 24 445
32 25 470
32 26 474
32 27 260
32 28 499
32 29 449
32 30 335
32 31 445
32 33 412
32 34 337
32 35 411
32 36 383
32 37 499
32 38 363
32 39 356
32 40 473
32 41 340
32 42 404
32 43 473
32 44 292
32 45 493
32 46 412
32 47 451
32 48 352
32 49 358
32 50 412
32 51 363
32 52 274
32 53 298
32 54 423
32 55 368
32 56 357
32 57 422
32 58 382
32 59 433
32 60 448
32 61 343
32 62 467
32 63 486
32 64 334
32 65 313
32 66 343
32 67 486
32 68 476
32 69 263
32 70 347
32 71 338
32 72 419
32 73 500
32 74 271
32 75 473
32 76 457
32 77 403
32 78 351
32 79 434
32 80 253
32 81 313
32 82 488
32 83 273
32 84 472
32 85 298
32 86 396
32 87 405
32 88 354
32 89 278
32 90 311
32 91 421
32 92 323
32 93 369
32 94 395
32 95 370
32 96 258
32 97 371
32 98 464
32 99 450
33 1 410
33 2 365
33 3 349
33 4 492
33 5 434
33 6 330
33 7 371
33 8 482
33 9 284
33 10 302
33 11 467
33 12 425
33 13 361
33 14 434
33 15 385
33 16 271
33 17 433
33 18 406
33 19 286
33 20 321
33 21 396
33 22 419
33 23 439
33 24 388
33 25 327
33 26 423
33 27 320
33 28 493
33 29 276
33 30 487
33 31 388
33 32 412
33 34 338
33 35 435
33 36 430
33 37 405
33 38 422
33 39 330
33 40 254
33 41 458
33 42 405
33 43 270
33 44 349
33 45 284
33 46 257
33 47 444
33 48 355
33 49 411
33 50 321
33 51 279
33 52 283
33 53 365
33 54 384
33 55 476
33 56 309
33 57 351
33 58 402
33 59 435
33 60 351
33 61 487
33 62 396
33 63 395
33 64 257
33 65 308
33 66 401
33 67 484
33 68 348
33 69 274
33 70 486
33 71 478
33 72 308
33 73 362
33 74 462
33 75 430
33 76 329
33 77 357
33 78 310
33 79 482
33 80 272
33 81 353
33 82 471
33 83 429
33 84 323
33 85 426
33 86 400
33 87 276
33 88 362
33 89 323
33 90 390
33 91 407
33 92 390
33 93 415
33 94 378
33 95 392
33 96 257
33 97 307
33 98 419
33 99 463
34 1 305
34 2 399
34 3 475
34 4 250
34 5 444
34 6 300
34 7 423
34 8 338
34 9 439
34 10 427
34 11 353
34 12 401
34 13 362
34 14 266
34 15 451
34 16 477
34 17 409
34 18 291
34 19 346
34 20 448
34 21 267
34 22 313
34 23 364
34 24 345
34 25 367
34 26 475
34 27 258
34 28 282
34 29 355
34 30 379
34 31 302
34 32 337
34 33 338
34 35 443
34 36 317
34 37 444
34 38 322
34 39 274
34 40 496
34 41 460
34 42 285
34 43 297
34 44 491
34 45 479
34 46 275
34 47 345
34 48 358
34 49 490
34 50 464
34 51 459
34 52 415
34 53 278
34 54 471
34 55 450
34 56 345
34 57 449
34 58 443
34 59 355
34 60 488
34 61 428
34 62 455
34 63 346
34 64 416
34 65 283
34 66 419
34 67 451
34 68 432
34 69 376
34 70 456
34 71 453
34 72 465
34 73 454
34 74 445
34 75 471
34 76 321
34 77 412
34 78 462
34 79 416
34 80 259
34 81 321
34 82 435
34 83 260
34 84 260
34 85 288
34 86 367
34 87 262
34 88 482
34 89 318
34 90 364
34 91 312
34 92 295
34 93 272
34 94 373
34 95 474
34 96 281
34 97 488
34 98 480
34 99 432
35 1 381
35 2 457
35 3 429
35 4 442
35 5 313
35 6 352
35 7 310
35 8 258
35 9 365
35 10 351
35 11 340
35 12 377
35 13 250
35 14 332
35 15 342
35 16 288
35 17 362
35 18 470
35 19 319
35 20 432
35 21 500
35 22 362
35 23 275
35 24 386
35 25 306
35 26 496
35 27 329
35 28 363
35 29 268
35 30 350
35 31 438
35 32 411
35 33 435
35 34 443
35 36 381
35 37 431
35 38 454
35 39 325
35 40 460
35 41 373
35 42 289
35 43 399
35 44 386
35 45 453
35 46 393
35 47 285
35 48 433
35 49 498
35 50 418
35 51 398
35 52 288
35 53 308
35 54 423
35 55 491
35 56 490
35 57 250
35 58 374
35 59 351
35 60 337
35 61 305
35 62 461
35 63 260
35 64 431
35 65 383
35 66 302
35 67 403
35 68 471
35 69 433
35 70 452
35 71 339
35 72 439
35 73 351
35 74 359
35 75 287
35 76 462
35 77 338
35 78 340
35 79 311
35 80 447
35 81 445
35 82 440
35 83 371
35 84 256
35 85 268
35 86 308
35 87 396
35 88 329
35 89 413
35 90 273
35 91 366
35 92 408
35 93 334
35 94 282
35 95 492
35 96 500
35 97 477
35 98 492
35 99 351
36 1 359
36 2 267
36 3 350
36 4 370
36 5 446
36 6 326
36 7 288
36 8 251
36 9 463
36 10 282
36 11 447
36 12 379
36 13 397
36 14 277
36 15 371
36 16 351
36 17 439
36 18 277
36 19 492
36 20 498
36 21 451
36 22 305
36 23 250
36 24 409
36 25 413
36 26 355
36 27 261
36 28 491
36 29 335
36 30 335
36 31 437
36 32 383
36 33 430
36 34 317
36 35 381
36 37 435
36 38 402
36 39 414
36 40 455
36 41 491
36 42 258
36 43 430
36 44 439
36 45 332
36 46 303
36 47 265
36 48 373
36 49 462
36 50 431
36 51 341
36 52 359
36 53 418
36 54 346
36 55 497
36 56 340
36 57 275
36 58 479
36 59 280
36 60 274
36 61 312
36 62 456
36 63 366
36 64 382
36 65 275
36 66 334
36 67 383
36 68 460
36 69 485
36 70 417
36 71 318
36 72 260
36 73 408
36 74 466
36 75 477
36 76 416
36 77 297
36 78 404
36 79 432
36 80 278
36 81 496
36 82 303
36 83 389
36 84 379
36 85 389
36 86 446
36 87 283
36 88 284
36 89 410
36 90 437
36 91 294
36 92 414
36 93 448
36 94 329
36 95 369
36 96 367
36 97 274
36 98 253
36 99 305
37 1 295
37 2 499
37 3 335
37 4 355
37 5 376
37 6 478
37 7 274
37 8 306
37 9 322
37 10 298
37 11 482
37 12 483
37 13 479
37 14 409
37 15 400
37 16 402
37 17 335
37 18 317
37 19 256
37 20 349
37 21 440
37 22 250
37 23 295
37 24 424
37 25 462
37 26 428
37 27 344
37 28 319
37 29 404
37 30 410
37 31 287
37 32 499
37 33 405
37 34 444
37 35 431
37 36 435
37 38 394
37 39 367
37 40 448
37 41 275
37 42 365
37 43 500
37 44 250
37 45 315
37 46 417
37 47 466
37 48 478
37 49 396
37 50 315
37 51 334
37 52 408
37 53 448
37 54 380
37 55 306
37 56 308
37 57 456
37 58 496
37 59 468
37 60 334
37 61 445
37 62 353
37 63 401
37 64 500
37 65 476
37 66 320
37 67 494
37 68 317
37 69 445
37 70 497
37 71 403
37 72 431
37 73 401
37 74 455
37 75 304
37 76 254
37 77 267
37 78 450
37 79 438
37 80 461
37 81 408
37 82 328
37 83 342
37 84 381
37 85 391
37 86 403
37 87 328
37 88 283
37 89 266
37 90 343
37 91 438
37 92 492
37 93 452
37 94 333
37 95 467
37 96 452
37 97 440
37 98 452
37 99 265
38 1 431
38 2 321
38 3 289
38 4 308
38 5 401
38 6 500
38 7 486
38 8 306
38 9 273
38 10 338
38 11 322
38 12 253
38 13 471
38 14 339
38 15 303
38 16 457
38 17 396
38 18 353
38 19 415
38 20 419
38 21 391
38 22 435
38 23 476
38 24 461
38 25 470
38 26 279
38 27 276
38 28 349
38 29 378
38 30 255
38 31 423
38 32 363
38 33 422
38 34 322
38 35 454
38 36 402
38 37 394
38 39 270
38 40 448
38 41 409
38 42 412
38 43 406
38 44 288
38 45 455
38 46 282
38 47 446
38 48 377
38 49 356
38 50 435
38 51 348
38 52 424
38 53 407
38 54 257
38 55 363
38 56 401
38 57 474
38 58 316
38 59 402
38 60 431
38 61 489
38 62 386
38 63 407
38 64 404
38 65 376
38 66 381
38 67 405
38 68 363
38 69 439
38 70 482
38 71 268
38 72 312
38 73 357
38 74 430
38 75 479
38 76 493
38 77 494
38 78 430
38 79 445
38 80 385
38 81 419
38 82 459
38 83 496
38 84 358
38 85 285
38 86 372
38 87 331
38 88 301
38 89 455
38 90 362
38 91 327
38 92 493
38 93 489
38 94 477
38 95 437
38 96 284
38 97 456
38 98 408
38 99 433
39 1 280
39 2 342
39 3 371
39 4 384
39 5 309
39 6 354
39 7 401
39 8 451
39 9 294
39 10 437
39 11 459
39 12 272
39 13 309
39 14 296
39 15 364
39 16 260
39 17 396
39 18 322
39 19 393
39 20 299
39 21 481
39 22 439
39 23 471
39 24 316
39 25 464
39 26 365
39 27 361
39 28 390
39 29 259
39 30 343
39 31 261
39 32 356
39 33 330
39 34 274
39 35 325
39 36 414
39 37 367
39 38 270
39 40 363
39 41 479
39 42 352
39 43 400
39 44 258
39 45 493
39 46 368
39 47 280
39 48 303
39 49 260
39 50 291
39 51 377
39 52 345
39 53 344
39 54 467
39 55 324
39 56 445
39 57 333
39 58 253
39 59 303
39 60 357
39 61 431
39 62 485
39 63 396
39 64 403
39 65 473
39 66 349
39 67 287
39 68 355
39 69 328
39 70 386
39 71 476
39 72 408
39 73 327
39 74 466
39 75 448
39 76 467
39 77 446
39 78 475
39 79 304
39 80 402
39 81 362
39 82 273
39 83 500
39 84 410
39 85 258
39 86 436
39 87 421
39 88 388
39 89 346
39 90 437
39 91 280
39 92 475
39 93 429
39 94 492
39 95 485
39 96 465
39 97 485
39 98 483
39 99 298
40 1 447
40 2 253
40 3 445
40 4 442
40 5 296
40 6 279
40 7 390
40 8 392
40 9 348
40 10 378
40 11 360
40 12 348
40 13 393
40 14 382
40 15 451
40 16 346
40 17 471
40 18 490
40 19 365
40 20 490
40 21 399
40 22 435
40 23 427
40 24 489
40 25 284
40 26 256
40 27 292
40 28 321
40 29 487
40 30 250
40 31 479
40 32 473
40 33 254
40 34 496
40 35 460
40 36 455
40 37 448
40 38 448
40 39 363
40 41 348
40 42 320
40 43 447
40 44 491
40 45 370
40 46 264
40 47 392
40 48 367
40 49 342
40 50 445
40 51 487
40 52 445
40 53 363
40 54 396
40 55 483
40 56 428
40 57 457
40 58 379
40 59 388
40 60 492
40 61 328
40 62 404
40 63 318
40 64 369
40 65 368
40 66 304
40 67 329
40 68 466
40 69 366
40 70 388
40 71 435
40 72 400
40 73 324
40 74 319
40 75 448
40 76 294
40 77 423
40 78 296
40 79 398
40 80 310
40 81 403
40 82 279
40 83 383
40 84 402
40 85 372
40 86 440
40 87 487
40 88 457
40 89 395
40 90 277
40 91 422
40 92 265
40 93 395
40 94 484
40 95 354
40 96 456
40 97 381
40 98 448
40 99 455
41 1 327
41 2 474
41 3 418
41 4 252
41 5 352
41 6 445
41 7 264
41 8 303
41 9 482
41 10 467
41 11 470
41 12 305
41 13 287
41 14 364
41 15 448
41 16 321
41 17 462
41 18 478
41 19 366
41 20 352
41 21 253
41 22 409
41 23 334
41 24 407
41 25 406
41 26 470
41 27 429
41 28 488
41 29 321
41 30 306
41 31 440
41 32 340
41 33 458
41 34 460
41 35 373
41 36 491
41 37 275
41 38 409
41 39 479
41 40 348
41 42 287
41 43 330
41 44 333
41 45 256
41 46 481
41 47 407
41 48 479
41 49 313
41 50 481
41 51 465
41 52 337
41 53 259
41 54 427
41 55 321
41 56 320
41 57 473
41 58 345
41 59 331
41 60 341
41 61 303
41 62 339
41 63 342
41 64 312
41 65 352
41 66 370
41 67 266
41 68 384
41 69 260
41 70 380
41 71 330
41 72 303
41 73 398
41 74 369
41 75 354
41 76 395
41 77 329
41 78 324
41 79 429
41 80 251
41 81 286
41 82 415
41 83 465
41 84 384
41 85 266
41 86 352
41 87 274
41 88 309
41 89 450
41 90 397
41 91 496
41 92 285
41 93 346
41 94 369
41 95 333
41 96 276
41 97 391
41 98 489
41 99 449
42 1 413
42 2 424
42 3 283
42 4 265
42 5 319
42 6 350
42 7 275
42 8 280
42 9 280
42 10 255
42 11 364
42 12 389
42 13 251
42 14 428
42 15 419
42 16 311
42 17 438
42 18 380
42 19 266
42 20 386
42 21 380
42 22 394
42 23 295
42 24 369
42 25 326
42 26 276
42 27 441
42 28 449
42 29 440
42 30 347
42 31 293
42 32 404
42 33 405
42 34 285
42 35 289
42 36 258
42 37 365
42 38 412
42 39 352
42 40 320
42 41 287
42 43 279
42 44 395
42 45 463
42 46 386
42 47 252
42 48 473
42 49 448
42 50 308
42 51 276
42 52 329
42 53 321
42 54 400
42 55 453
42 56 343
42 57 310
42 58 257
42 59 480
42 60 495
42 61 266
42 62 381
42 63 294
42 64 279
42 65 360
42 66 453
42 67 413
42 68 436
42 69 339
42 70 443
42 71 345
42 72 260
42 73 278
42 74 365
42 75 265
42 76 459
42 77 420
42 78 288
42 79 310
42 80 354
42 81 452
42 82 444
42 83 312
42 84 419
42 85 298
42 86 379
42 87 336
42 88 445
42 89 288
42 90 387
42 91 374
42 92 466
42 93 392
42 94 397
42 95 255
42 96 370
42 97 462
42 98 358
42 99 288
43 1 477
43 2 342
43 3 359
43 4 423
43 5 432
43 6 413
43 7 466
43 8 331
43 9 403
43 10 340
43 11 412
43 12 290
43 13 263
43 14 445
43 15 347
43 16 439
43 17 301
43 18 324
43 19 256
43 20 488
43 21 324
43 22 435
43 23 495
43 24 388
43 25 356
43 26 261
43 27 399
43 28 458
43 29 459
43 30 430
43 31 306
43 32 473
43 33 270
43 34 297
43 35 399
43 36 430
43 37 500
43 38 406
43 39 400
43 40 447
43 41 330
43 42 279
43 44 386
43 45 367
43 46 364
43 47 418
43 48 484
43 49 337
43 50 415
43 51 362
43 52 498
43 53 308
43 54 464
43 55 391
43 56 370
43 57 399
43 58 393
43 59 406
43 60 323
43 61 272
43 62 289
43 63 319
43 64 461
43 65 304
43 66 345
43 67 322
43 68 448
43 69 333
43 70 424
43 71 439
43 72 388
43 73 404
43 74 462
43 75 465
43 76 268
43 77 492
43 78 302
43 79 264
43 80 401
43 81 493
43 82 475
43 83 377
43 84 478
43 85 421
43 86 422
43 87 304
43 88 358
43 89 293
43 90 309
43 91 403
43 92 497
43 93 250
43 94 465
43 95 295
43 96 484
43 97 416
43 98 291
43 99 276
44 1 272
44 2 405
44 3 456
44 4 437
44 5 313
44 6 492
44 7 311
44 8 409
44 9 254
44 10 289
44 11 250
44 12 364
44 13 439
44 14 416
44 15 444
44 16 453
44 17 457
44 18 343
44 19 268
44 20 288
44 21 457
44 22 331
44 23 264
44 24 292
44 25 385
44 26 279
44 27 485
44 28 266
44 29 265
44 30 390
44 31 300
44 32 292
44 33 349
44 34 491
44 35 386
44 36 439
44 37 250
44 38 288
44 39 258
44 40 491
44 41 333
44 42 395
44 43 386
44 45 330
44 46 451
44 47 436
44 48 325
44 49 418
44 50 353
44 51 468
44 52 418
44 53 334
44 54 432
44 55 319
44 56 319
44 57 371
44 58 438
44 59 428
44 60 275
44 61 410
44 62 404
44 63 442
44 64 396
44 65 477
44 66 262
44 67 446
44 68 320
44 69 371
44 70 499
44 71 315
44 72 396
44 73 326
44 74 348
44 75 422
44 76 292
44 77 394
44 78 343
44 79 461
44 80 424
44 81 452
44 82 324
44 83 288
44 84 253
44 85 285
44 86 299
44 87 469
44 88 399
44 89 392
44 90 457
44 91 254
44 92 307
44 93 487
44 94 458
44 95 257
44 96 348
44 97 323
44 98 295
44 99 259
45 1 448
45 2 360
45 3 413
45 4 449
45 5 323
45 6 436
45 7 458
45 8 430
45 9 454
45 10 418
45 11 250
45 12 361
45 13 344
45 14 310
45 15 307
45 16 426
45 17 350
45 18 372
45 19 477
45 20 458
45 21 313
45 22 464
45 23 444
45 24 458
45 25 461
45 26 388
45 27 418
45 28 414
45 29 270
45 30 489
45 31 294
45 32 493
45 33 284
45 34 479
45 35 453
45 36 332
45 37 315
45 38 455
45 39 493
45 40 370
45 41 256
45 42 463
45 43 367
45 44 330
45 46 276
45 47 317
45 48 454
45 49 343
45 50 475
45 51 463
45 52 303
45 53 305
45 54 379
45 55 338
45 56 493
45 57 374
45 58 400
45 59 421
45 60 484
45 61 446
45 62 343
45 63 400
45 64 428
45 65 407
45 66 386
45 67 402
45 68 368
45 69 415
45 70 253
45 71 383
45 72 431
45 73 435
45 74 316
45 75 275
45 76 358
45 77 309
45 78 454
45 79 443
45 80 326
45 81 489
45 82 349
45 83 343
45 84 341
45 85 383
45 86 308
45 87 329
45 88 318
45 89 298
45 90 263
45 91 291
45 92 475
45 93 385
45 94 428
45 95 256
45 96 460
45 97 299
45 98 266
45 99 364
46 1 371
46 2 409
46 3 279
46 4 367
46 5 410
46 6 456
46 7 330
46 8 462
46 9 403
46 10 367
46 11 359
46 12 499
46 13 495
46 14 430
46 15 435
46 16 425
46 17 368
46 18 398
46 19 325
46 20 401
46 21 260
46 22 373
46 23 390
46 24 422
46 25 362
46 26 341
46 27 370
46 28 269
46 29 346
46 30 470
46 31 354
46 32 412
46 33 257
46 34 275
46 35 393
46 36 303
46 37 417
46 38 282
46 39 368
46 40 264
46 41 481
46 42 386
46 43 364
46 44 451
46 45 276
46 47 480
46 48 405
46 49 366
46 50 277
46 51 434
46 52 302
46 53 417
46 54 320
46 55 493
46 56 320
46 57 458
46 58 274
46 59 478
46 60 487
46 61 323
46 62 473
46 63 406
46 64 375
46 65 314
46 66 369
46 67 277
46 68 419
46 69 404
46 70 281
46 71 299
46 72 421
46 73 274
46 74 367
46 75 296
46 76 422
46 77 384
46 78 304
46 79 409
46 80 356
46 81 495
46 82 272
46 83 434
46 84 313
46 85 482
46 86 283
46 87 326
46 88 354
46 89 454
46 90 356
46 91 498
46 92 257
46 93 477
46 94 407
46 95 492
46 96 401
46 97 444
46 98 436
46 99 373
47 1 390
47 2 324
47 3 347
47 4 407
47 5 367
47 6 464
47 7 351
47 8 255
47 9 361
47 10 484
47 11 430
47 12 379
47 13 274
47 14 436
47 15 416
47 16 265
47 17 413
47 18 450
47 19 266
47 20 274
47 21 343
47 22 394
47 23 378
47 24 445
47 25 448
47 26 389
47 27 455
47 28 260
47 29 345
47 30 382
47 31 496
47 32 451
47 33 444
47 34 345
47 35 285
47 36 265
47 37 466
47 38 446
47 39 280
47 40 392
47 41 407
47 42 252
47 43 418
47 44 436
47 45 317
47 46 480
47 48 464
47 49 364
47 50 441
47 51 267
47 52 347
47 53 299
47 54 479
47 55 496
47 56 402
47 57 372
47 58 364
47 59 277
47 60 387
47 61 408
47 62 466
47 63 344
47 64 418
47 65 290
47 66 367
47 67 419
47 68 437
47 69 446
47 70 420
47 71 361
47 72 435
47 73 289
47 74 282
47 75 298
47 76 262
47 77 404
47 78 316
47 79 390
47 80 311
47 81 279
47 82 297
47 83 325
47 84 370
47 85 302
47 86 346
47 87 415
47 88 321
47 89 478
47 90 498
47 91 335
47 92 405
47 93 292
47 94 446
47 95 474
47 96 410
47 97 384
47 98 469
47 99 294
48 1 492
48 2 349
48 3 392
48 4 459
48 5 292
48 6 415
48 7 263
48 8 441
48 9 445
48 10 455
48 11 413
48 12 484
48 13 269
48 14 334
48 15 325
48 16 275
48 17 428
48 18 335
48 19 342
48 20 367
48 21 252
48 22 302
48 23 491
48 24 282
48 25 419
48 26 309
48 27 464
48 28 385
48 29 362
48 30 461
48 31 315
48 32 352
48 33 355
48 34 358
48 35 433
48 36 373
48 37 478
48 38 377
48 39 303
48 40 367
48 41 479
48 42 473
48 43 484
48 44 325
48 45 454
48 46 405
48 47 464
48 49 262
48 50 411
48 51 391
48 52 348
48 53 283
48 54 348
48 55 440
48 56 430
48 57 376
48 58 395
48 59 343
48 60 481
48 61 419
48 62 303
48 63 494
48 64 392
48 65 455
48 66 488
48 67 489
48 68 480
48 69 473
48 70 319
48 71 443
48 72 271
48 73 252
48 74 267
48 75 291
48 76 421
48 77 299
48 78 357
48 79 489
48 80 330
48 81 330
48 82 311
48 83 300
48 84 352
48 85 408
48 86 456
48 87 394
48 88 388
48 89 500
48 90 366
48 91 374
48 92 489
48 93 393
48 94 255
48 95 471
48 96 380
48 97 305
48 98 463
48 99 277
49 1 427
49 2 391
49 3 462
49 4 480
49 5 354
49 6 302
49 7 399
49 8 326
49 9 343
49 10 442
49 11 314
49 12 490
49 13 442
49 14 441
49 15 366
49 16 324
49 17 446
49 18 459
49 19 431
49 20 298
49 21 301
49 22 300
49 23 387
49 24 312
49 25 347
49 26 428
49 27 367
49 28 434
49 29 265
49 30 418
49 31 329
49 32 358
49 33 411
49 34 490
49 35 498
49 36 462
49 37 396
49 38 356
49 39 260
49 40 342
49 41 313
49 42 448
49 43 337
49 44 418
49 45 343
49 46 366
49 47 364
49 48 262
49 50 451
49 51 474
49 52 404
49 53 322
49 54 451
49 55 358
49 56 452
49 57 368
49 58 250
49 59 463
49 60 412
49 61 479
49 62 400
49 63 477
49 64 274
49 65 264
49 66 275
49 67 326
49 68 494
49 69 350
49 70 478
49 71 413
49 72 438
49 73 500
49 74 474
49 75 450
49 76 462
49 77 299
49 78 415
49 79 258
49 80 347
49 81 401
49 82 445
49 83 328
49 84 337
49 85 346
49 86 473
49 87 461
49 88 483
49 89 407
49 90 311
49 91 255
49 92 466
49 93 348
49 94 348
49 95 350
49 96 288
49 97 448
49 98 362
49 99 406
50 1 364
50 2 268
50 3 347
50 4 303
50 5 491
50 6 474
50 7 402
50 8 324
50 9 259
50 10 448
50 11 371
50 12 308
50 13 428
50 14 382
50 15 300
50 16 279
50 17 289
50 18 494
50 19 267
50 20 373
50 21 453
50 22 354
50 23 333
50 24 336
50 25 319
50 26 366
50 27 252
50 28 285
50 29 369
50 30 254
50 31 332
50 32 412
50 33 321
50 34 464
50 35 418
50 36 431
50 37 315
50 38 435
50 39 291
50 40 445
50 41 481
50 42 308
50 43 415
50 44 353
50 45 475
50 46 277
50 47 441
50 48 411
50 49 451
50 51 276
50 52 414
50 53 259
50 54 403
50 55 389
50 56 300
50 57 495
50 58 257
50 59 356
50 60 411
50 61 478
50 62 442
50 63 414
50 64 402
50 65 322
50 66 449
50 67 293
50 68 321
50 69 466
50 70 309
50 71 395
50 72 283
50 73 403
50 74 413
50 75 447
50 76 281
50 77 495
50 78 325
50 79 301
50 80 337
50 81 318
50 82 298
50 83 321
50 84 429
50 85 289
50 86 309
50 87 424
50 88 338
50 89 339
50 90 296
50 91 409
50 92 472
50 93 336
50 94 340
50 95 458
50 96 404
50 97 460
50 98 464
50 99 478
51 1 352
51 2 494
51 3 495
51 4 291
51 5 365
51 6 427
51 7 424
51 8 383
51 9 487
51 10 327
51 11 485
51 12 390
51 13 416
51 14 488
51 15 383
51 16 358
51 17 401
51 18 281
51 19 317
51 20 381
51 21 364
51 22 440
51 23 486
51 24 466
51 25 253
51 26 312
51 27 472
51 28 425
51 29 470
51 30 446
51 31 433
51 32 363
51 33 279
51 34 459
51 35 398
51 36 341
51 37 334
51 38 348
51 39 377
51 40 487
51 41 465
51 42 276
51 43 362
51 44 468
51 45 463
51 46 434
51 47 267
51 48 391
51 49 474
51 50 276
51 52 322
51 53 500
51 54 418
51 55 454
51 56 407
51 57 379
51 58 403
51 59 329
51 60 282
51 61 332
51 62 250
51 63 405
51 64 495
51 65 356
51 66 345
51 67 373
51 68 451
51 69 475
51 70 453
51 71 313
51 72 496
51 73 439
51 74 409
51 75 324
51 76 426
51 77 311
51 78 496
51 79 408
51 80 416
51 81 389
51 82 496
51 83 368
51 84 370
51 85 443
51 86 412
51 87 483
51 88 260
51 89 428
51 90 317
51 91 311
51 92 359
51 93 323
51 94 254
51 95 304
51 96 439
51 97 349
51 98 369
51 99 468
52 1 250
52 2 267
52 3 469
52 4 367
52 5 457
52 6 311
52 7 472
52 8 424
52 9 345
52 10 297
52 11 438
52 12 440
52 13 318
52 14 399
52 15 355
52 16 408
52 17 310
52 18 330
52 19 384
52 20 459
52 21 425
52 22 441
52 23 396
52 24 300
52 25 366
52 26 264
52 27 470
52 28 269
52 29 299
52 30 377
52 31 402
52 32 274
52 33 283
52 34 415
52 35 288
52 36 359
52 37 408
52 38 424
52 39 345
52 40 445
52 41 337
52 42 329
52 43 498
52 44 418
52 45 303
52 46 302
52 47 347
52 48 348
52 49 404
52 50 414
52 51 322
52 53 331
52 54 271
52 55 375
52 56 388
52 57 373
52 58 499
52 59 255
52 60 308
52 61 299
52 62 400
52 63 251
52 64 393
52 65 253
52 66 317
52 67 298
52 68 302
52 69 395
52 70 305
52 71 328
52 72 259
52 73 394
52 74 475
52 75 475
52 76 341
52 77 397
52 78 380
52 79 257
52 80 416
52 81 383
52 82 346
52 83 308
52 84 492
52 85 387
52 86 313
52 87 325
52 88 470
52 89 353
52 90 361
52 91 387
52 92 290
52 93 345
52 94 434
52 95 439
52 96 314
52 97 357
52 98 259
52 99 292
53 1 380
53 2 367
53 3 329
53 4 469
53 5 408
53 6 328
53 7 485
53 8 379
53 9 272
53 10 344
53 11 419
53 12 342
53 13 381
53 14 415
53 15 463
53 16 419
53 17 378
53 18 251
53 19 255
53 20 453
53 21 357
53 22 486
53 23 467
53 24 253
53 25 351
53 26 439
53 27 465
53 28 270
53 29 499
53 30 268
53 31 499
53 32 298
53 33 365
53 34 278
53 35 308
53 36 418
53 37 448
53 38 407
53 39 344
53 40 363
53 41 259
53 42 321
53 43 308
53 44 334
53 45 305
53 46 417
53 47 299
53 48 283
53 49 322
53 50 259
53 51 500
53 52 331
53 54 300
53 55 309
53 56 458
53 57 488
53 58 403
53 59 353
53 60 316
53 61 489
53 62 474
53 63 313
53 64 385
53 65 483
53 66 458
53 67 348
53 68 373
53 69 301
53 70 303
53 71 306
53 72 256
53 73 444
53 74 267
53 75 266
53 76 395
53 77 281
53 78 400
53 79 409
53 80 448
53 81 357
53 82 303
53 83 484
53 84 384
53 85 399
53 86 418
53 87 335
53 88 410
53 89 393
53 90 280
53 91 473
53 92 451
53 93 429
53 94 391
53 95 383
53 96 409
53 97 492
53 98 280
53 99 445
54 1 479
54 2 399
54 3 398
54 4 309
54 5 485
54 6 354
54 7 327
54 8 330
54 9 332
54 10 471
54 11 272
54 12 354
54 13 288
54 14 367
54 15 466
54 16 410
54 17 407
54 18 322
54 19 267
54 20 385
54 21 276
54 22 312
54 23 407
54 24 475
54 25 477
54 26 335
54 27 321
54 28 324
54 29 285
54 30 287
54 31 423
54 32 423
54 33 384
54 34 471
54 35 423
54 36 346
54 37 380
54 38 257
54 39 467
54 40 396
54 41 427
54 42 400
54 43 464
54 44 432
54 45 379
54 46 320
54 47 479
54 48 348
54 49 451
54 50 403
54 51 418
54 52 271
54 53 300
54 55 368
54 56 478
54 57 321
54 58 255
54 59 371
54 60 369
54 61 468
54 62 303
54 63 258
54 64 262
54 65 412
54 66 316
54 67 289
54 68 320
54 69 374
54 70 282
54 71 447
54 72 267
54 73 380
54 74 358
54 75 387
54 76 386
54 77 398
54 78 493
54 79 252
54 80 255
54 81 328
54 82 473
54 83 326
54 84 455
54 85 259
54 86 403
54 87 375
54 88 275
54 89 256
54 90 476
54 91 279
54 92 362
54 93 479
54 94 330
54 95 360
54 96 307
54 97 310
54 98 404
54 99 434
55 1 487
55 2 497
55 3 300
55 4 305
55 5 268
55 6 497
55 7 480
55 8 404
55 9 367
55 10 491
55 11 319
55 12 306
55 13 387
55 14 458
55 15 483
55 16 287
55 17 452
55 18 279
55 19 364
55 20 495
55 21 397
55 22 471
55 23 375
55 24 380
55 25 379
55 26 419
55 27 368
55 28 344
55 29 437
55 30 359
55 31 376
55 32 368
55 33 476
55 34 450
55 35 491
55 36 497
55 37 306
55 38 363
55 39 324
55 40 483
55 41 321
55 42 453
55 43 391
55 44 319
55 45 338
55 46 493
55 47 496
55 48 440
55 49 358
55 50 389
55 51 454
55 52 375
55 53 309
55 54 368
55 56 498
55 57 281
55 58 310
55 59 326
55 60 436
55 61 451
55 62 286
55 63 356
55 64 443
55 65 430
55 66 476
55 67 412
55 68 413
55 69 271
55 70 268
55 71 252
55 72 328
55 73 304
55 74 275
55 75 449
55 76 280
55 77 367
55 78 408
55 79 323
55 80 293
55 81 311
55 82 393
55 83 262
55 84 301
55 85 256
55 86 347
55 87 284
55 88 318
55 89 374
55 90 438
55 91 460
55 92 258
55 93 460
55 94 329
55 95 411
55 96 316
55 97 431
55 98 480
55 99 346
56 1 438
56 2 492
56 3 466
56 4 337
56 5 469
56 6 429
56 7 460
56 8 257
56 9 264
56 10 306
56 11 325
56 12 271
56 13 443
56 14 383
56 15 256
56 16 367
56 17 390
56 18 492
56 19 270
56 20 423
56 21 379
56 22 454
56 23 381
56 24 354
56 25 439
56 26 407
56 27 464
56 28 463
56 29 262
56 30 497
56 31 495
56 32 357
56 33 309
56 34 345
56 35 490
56 36 340
56 37 308
56 38 401
56 39 445
56 40 428
56 41 320
56 42 343
56 43 370
56 44 319
56 45 493
56 46 320
56 47 402
56 48 430
56 49 452
56 50 300
56 51 407
56 52 388
56 53 458
56 54 478
56 55 498
56 57 445
56 58 497
56 59 340
56 60 270
56 61 462
56 62 489
56 63 454
56 64 392
56 65 445
56 66 480
56 67 468
56 68 264
56 69 270
56 70 479
56 71 439
56 72 476
56 73 310
56 74 436
56 75 360
56 76 375
56 77 364
56 78 286
56 79 376
56 80 498
56 81 381
56 82 301
56 83 378
56 84 342
56 85 416
56 86 429
56 87 358
56 88 499
56 89 396
56 90 460
56 91 455
56 92 340
56 93 349
56 94 351
56 95 406
56 96 490
56 97 415
56 98 356
56 99 429
57 1 367
57 2 460
57 3 292
57 4 305
57 5 330
57 6 427
57 7 377
57 8 437
57 9 331
57 10 275
57 11 376
57 12 411
57 13 318
57 14 259
57 15 323
57 16 292
57 17 449
57 18 488
57 19 322
57 20 407
57 21 346
57 22 363
57 23 474
57 24 483
57 25 250
57 26 354
57 27 449
57 28 345
57 29 468
57 30 355
57 31 456
57 32 422
57 33 351
57 34 449
57 35 250
57 36 275
57 37 456
57 38 474
57 39 333
57 40 457
57 41 473
57 42 310
57 43 399
57 44 371
57 45 374
57 46 458
57 47 372
57 48 376
57 49 368
57 50 495
57 51 379
57 52 373
57 53 488
57 54 321
57 55 281
57 56 445
57 58 364
57 59 491
57 60 279
57 61 476
57 62 306
57 63 484
57 64 485
57 65 454
57 66 422
57 67 266
57 68 375
57 69 469
57 70 369
57 71 429
57 72 410
57 73 267
57 74 393
57 75 486
57 76 263
57 77 356
57 78 295
57 79 483
57 80 455
57 81 347
57 82 436
57 83 442
57 84 332
57 85 370
57 86 467
57 87 288
57 88 378
57 89 402
57 90 409
57 91 316
57 92 434
57 93 377
57 94 296
57 95 294
57 96 300
57 97 376
57 98 281
57 99 317
58 1 341
58 2 453
58 3 465
58 4 455
58 5 496
58 6 305
58 7 360
58 8 368
58 9 394
58 10 500
58 11 319
58 12 252
58 13 256
58 14 270
58 15 342
58 16 490
58 17 448
58 18 389
58 19 340
58 20 266
58 21 350
58 22 480
58 23 482
58 24 278
58 25 257
58 26 402
58 27 294
58 28 404
58 29 469
58 30 431
58 31 254
58 32 382
58 33 402
58 34 443
58 35 374
58 36 479
58 37 496
58 38 316
58 39 253
58 40 379
58 41 345
58 42 257
58 43 393
58 44 438
58 45 400
58 46 274
58 47 364
58 48 395
58 49 250
58 50 257
58 51 403
58 52 499
58 53 403
58 54 255
58 55 310
58 56 497
58 57 364
58 59 485
58 60 363
58 61 370
58 62 306
58 63 457
58 64 320
58 65 392
58 66 455
58 67 438
58 68 344
58 69 362
58 70 293
58 71 372
58 72 496
58 73 440
58 74 354
58 75 381
58 76 386
58 77 384
58 78 288
58 79 393
58 80 272
58 81 381
58 82 381
58 83 393
58 84 453
58 85 271
58 86 269
58 87 314
58 88 290
58 89 459
58 90 491
58 91 350
58 92 309
58 93 358
58 94 333
58 95 406
58 96 453
58 97 425
58 98 337
58 99 269
59 1 434
59 2 382
59 3 252
59 4 263
59 5 298
59 6 431
59 7 497
59 8 481
59 9 309
59 10 328
59 11 378
59 12 430
59 13 383
59 14 381
59 15 413
59 16 453
59 17 373
59 18 477
59 19 291
59 20 430
59 21 346
59 22 422
59 23 276
59 24 319
59 25 431
59 26 324
59 27 456
59 28 445
59 29 466
59 30 324
59 31 457
59 32 433
59 33 435
59 34 355
59 35 351
59 36 280
59 37 468
59 38 402
59 39 303
59 40 388
59 41 331
59 42 480
59 43 406
59 44 428
59 45 421
59 46 478
59 47 277
59 48 343
59 49 463
59 50 356
59 51 329
59 52 255
59 53 353
59 54 371
59 55 326
59 56 340
59 57 491
59 58 485
59 60 297
59 61 408
59 62 469
59 63 293
59 64 284
59 65 370
59 66 254
59 67 493
59 68 470
59 69 499
59 70 446
59 71 255
59 72 380
59 73 329
59 74 344
59 75 256
59 76 282
59 77 485
59 78 325
59 79 452
59 80 346
59 81 251
59 82 290
59 83 255
59 84 280
59 85 460
59 86 423
59 87 469
59 88 250
59 89 339
59 90 299
59 91 497
59 92 276
59 93 359
59 94 259
59 95 364
59 96 299
59 97 444
59 98 408
59 99 377
60 1 342
60 2 451
60 3 481
60 4 314
60 5 379
60 6 278
60 7 434
60 8 375
60 9 356
60 10 418
60 11 290
60 12 261
60 13 372
60 14 367
60 15 414
60 16 332
60 17 420
60 18 438
60 19 367
60 20 417
60 21 494
60 22 478
60 23 250
60 24 310
60 25 485
60 26 303
60 27 480
60 28 442
60 29 256
60 30 401
60 31 400
60 32 448
60 33 351
60 34 488
60 35 337
60 36 274
60 37 334
60 38 431
60 39 357
60 40 492
60 41 341
60 42 495
60 43 323
60 44 275
60 45 484
60 46 487
60 47 387
60 48 481
60 49 412
60 50 411
60 51 282
60 52 308
60 53 316
60 54 369
60 55 436
60 56 270
60 57 279
60 58 363
60 59 297
60 61 499
60 62 375
60 63 311
60 64 275
60 65 392
60 66 486
60 67 259
60 68 436
60 69 369
60 70 369
60 71 269
60 72 428
60 73 394
60 74 264
60 75 308
60 76 387
60 77 481
60 78 390
60 79 294
60 80 352
60 81 498
60 82 475
60 83 280
60 84 492
60 85 266
60 86 480
60 87 256
60 88 452
60 89 393
60 90 282
60 91 389
60 92 475
60 93 493
60 94 344
60 95 485
60 96 435
60 97 498
60 98 291
60 99 447
61 1 455
61 2 253
61 3 314
61 4 403
61 5 318
61 6 432
61 7 254
61 8 324
61 9 370
61 10 439
61 11 286
61 12 278
61 13 346
61 14 381
61 15 285
61 16 267
61 17 306
61 18 363
61 19 450
61 20 272
61 21 401
61 22 441
61 23 379
61 24 449
61 25 359
61 26 469
61 27 308
61 28 450
61 29 315
61 30 300
61 31 475
61 32 343
61 33 487
61 34 428
61 35 305
61 36 312
61 37 445
61 38 489
61 39 431
61 40 328
61 41 303
61 42 266
61 43 272
61 44 410
61 45 446
61 46 323
61 47 408
61 48 419
61 49 479
61 50 478
61 51 332
61 52 299
61 53 489
61 54 468
61 55 451
61 56 462
61 57 476
61 58 370
61 59 408
61 60 499
61 62 484
61 63 265
61 64 381
61 65 350
61 66 422
61 67 299
61 68 377
61 69 450
61 70 261
61 71 287
61 72 353
61 73 284
61 74 358
61 75 347
61 76 339
61 77 472
61 78 499
61 79 291
61 80 363
61 81 272
61 82 391
61 83 432
61 84 321
61 85 390
61 86 304
61 87 495
61 88 265
61 89 310
61 90 493
61 91 410
61 92 284
61 93 304
61 94 283
61 95 309
61 96 265
61 97 348
61 98 406
61 99 342
62 1 321
62 2 385
62 3 369
62 4 415
62 5 295
62 6 404
62 7 474
62 8 268
62 9 469
62 10 257
62 11 322
62 12 333
62 13 452
62 14 272
62 15 383
62 16 255
62 17 420
62 18 292
62 19 274
62 20 413
62 21 326
62 22 408
62 23 371
62 24 417
62 25 334
62 26 398
62 27 305
62 28 295
62 29 349
62 30 256
62 31 370
62 32 467
62 33 396
62 34 455
62 35 461
62 36 456
62 37 353
62 38 386
62 39 485
62 40 404
62 41 339
62 42 381
62 43 289
62 44 404
62 45 343
62 46 473
62 47 466
62 48 303
62 49 400
62 50 442
62 51 250
62 52 400
62 53 474
62 54 303
62 55 286
62 56 489
62 57 306
62 58 306
62 59 469
62 60 375
62 61 484
62 63 326
62 64 272
62 65 291
62 66 331
62 67 291
62 68 384
62 69 325
62 70 319
62 71 466
62 72 403
62 73 415
62 74 254
62 75 348
62 76 365
62 77 442
62 78 260
62 79 434
62 80 394
62 81 343
62 82 377
62 83 269
62 84 386
62 85 309
62 86 428
62 87 273
62 88 374
62 89 415
62 90 464
62 91 358
62 92 457
62 93 406
62 94 264
62 95 495
62 96 455
62 97 355
62 98 327
62 99 411
63 1 433
63 2 437
63 3 275
63 4 375
63 5 398
63 6 417
63 7 414
63 8 317
63 9 416
63 10 451
63 11 380
63 12 416
63 13 257
63 14 323
63 15 367
63 16 267
63 17 407
63 18 370
63 19 485
63 20 379
63 21 418
63 22 345
63 23 351
63 24 282
63 25 321
63 26 385
63 27 296
63 28 284
63 29 348
63 30 366
63 31 476
63 32 486
63 33 395
63 34 346
63 35 260
63 36 366
63 37 401
63 38 407
63 39 396
63 40 318
63 41 342
63 42 294
63 43 319
63 44 442
63 45 400
63 46 406
63 47 344
63 48 494
63 49 477
63 50 414
63 51 405
63 52 251
63 53 313
63 54 258
63 55 356
63 56 454
63 57 484
63 58 457
63 59 293
63 60 311
63 61 265
63 62 326
63 64 365
63 65 308
63 66 267
63 67 382
63 68 265
63 69 405
63 70 408
63 71 369
63 72 401
63 73 349
63 74 347
63 75 437
63 76 438
63 77 491
63 78 336
63 79 304
63 80 355
63 81 378
63 82 462
63 83 375
63 84 456
63 85 447
63 86 276
63 87 301
63 88 464
63 89 476
63 90 409
63 91 311
63 92 316
63 93 318
63 94 427
63 95 251
63 96 455
63 97 464
63 98 467
63 99 462
64 1 439
64 2 407
64 3 266
64 4 402
64 5 488
64 6 400
64 7 345
64 8 289
64 9 327
64 10 316
64 11 459
64 12 312
64 13 481
64 14 254
64 15 292
64 16 472
64 17 346
64 18 334
64 19 387
64 20 341
64 21 284
64 22 473
64 23 375
64 24 485
64 25 492
64 26 361
64 27 457
64 28 362
64 29 394
64 30 302
64 31 476
64 32 334
64 33 257
64 34 416
64 35 431
64 36 382
64 37 500
64 38 404
64 39 403
64 40 369
64 41 312
64 42 279
64 43 461
64 44 396
64 45 428
64 46 375
64 47 418
64 48 392
64 49 274
64 50 402
64 51 495
64 52 393
64 53 385
64 54 262
64 55 443
64 56 392
64 57 485
64 58 320
64 59 284
64 60 275
64 61 381
64 62 272
64 63 365
64 65 287
64 66 307
64 67 331
64 68 485
64 69 456
64 70 296
64 71 386
64 72 321
64 73 300
64 74 298
64 75 316
64 76 397
64 77 464
64 78 369
64 79 467
64 80 460
64 81 371
64 82 333
64 83 495
64 84 418
64 85 412
64 86 496
64 87 319
64 88 492
64 89 387
64 90 369
64 91 360
64 92 392
64 93 477
64 94 486
64 95 431
64 96 397
64 97 400
64 98 320
64 99 461
65 1 452
65 2 492
65 3 404
65 4 282
65 5 299
65 6 306
65 7 490
65 8 331
65 9 339
65 10 269
65 11 318
65 12 292
65 13 425
65 14 375
65 15 267
65 16 370
65 17 366
65 18 317
65 19 261
65 20 417
65 21 500
65 22 444
65 23 349
65 24 339
65 25 313
65 26 404
65 27 403
65 28 255
65 29 429
65 30 298
65 31 274
65 32 313
65 33 308
65 34 283
65 35 383
65 36 275
65 37 476
65 38 376
65 39 473
65 40 368
65 41 352
65 42 360
65 43 304
65 44 477
65 45 407
65 46 314
65 47 290
65 48 455
65 49 264
65 50 322
65 51 356
65 52 253
65 53 483
65 54 412
65 55 430
65 56 445
65 57 454
65 58 392
65 59 370
65 60 392
65 61 350
65 62 291
65 63 308
65 64 287
65 66 332
65 67 299
65 68 397
65 69 350
65 70 290
65 71 342
65 72 309
65 73 283
65 74 494
65 75 450
65 76 331
65 77 281
65 78 273
65 79 326
65 80 366
65 81 366
65 82 327
65 83 299
65 84 355
65 85 437
65 86 433
65 87 288
65 88 313
65 89 378
65 90 326
65 91 464
65 92 385
65 93 419
65 94 338
65 95 325
65 96 344
65 97 304
65 98 458
65 99 482
66 1 258
66 2 343
66 3 452
66 4 437
66 5 383
66 6 368
66 7 380
66 8 479
66 9 397
66 10 393
66 11 373
66 12 267
66 13 339
66 14 314
66 15 282
66 16 251
66 17 476
66 18 283
66 19 408
66 20 367
66 21 263
66 22 491
66 23 276
66 24 384
66 25 449
66 26 417
66 27 475
66 28 263
66 29 393
66 30 474
66 31 392
66 32 343
66 33 401
66 34 419
66 35 302
66 36 334
66 37 320
66 38 381
66 39 349
66 40 304
66 41 370
66 42 453
66 43 345
66 44 262
66 45 386
66 46 369
66 47 367
66 48 488
66 49 275
66 50 449
66 51 345
66 52 317
66 53 458
66 54 316
66 55 476
66 56 480
66 57 422
66 58 455
66 59 254
66 60 486
66 61 422
66 62 331
66 63 267
66 64 307
66 65 332
66 67 390
66 68 482
66 69 405
66 70 467
66 71 275
66 72 262
66 73 309
66 74 264
66 75 343
66 76 453
66 77 282
66 78 489
66 79 416
66 80 283
66 81 456
66 82 326
66 83 401
66 84 434
66 85 282
66 86 293
66 87 306
66 88 462
66 89 430
66 90 438
66 91 442
66 92 412
66 93 426
66 94 347
66 95 298
66 96 355
66 97 310
66 98 498
66 99 447
67 1 408
67 2 273
67 3 352
67 4 324
67 5 395
67 6 448
67 7 428
67 8 313
67 9 456
67 10 302
67 11 313
67 12 343
67 13 263
67 14 454
67 15 385
67 16 485
67 17 408
67 18 255
67 19 358
67 20 489
67 21 413
67 22 256
67 23 263
67 24 330
67 25 340
67 26 329
67 27 288
67 28 485
67 29 486
67 30 380
67 31 475
67 32 486
67 33 484
67 34 451
67 35 403
67 36 383
67 37 494
67 38 405
67 39 287
67 40 329
67 41 266
67 42 413
67 43 322
67 44 446
67 45 402
67 46 277
67 47 419
67 48 489
67 49 326
67 50 293
67 51 373
67 52 298
67 53 348
67 54 289
67 55 412
67 56 468
67 57 266
67 58 438
67 59 493
67 60 259
67 61 299
67 62 291
67 63 382
67 64 331
67 65 299
67 66 390
67 68 301
67 69 418
67 70 347
67 71 347
67 72 410
67 73 257
67 74 388
67 75 258
67 76 324
67 77 256
67 78 294
67 79 365
67 80 428
67 81 284
67 82 313
67 83 339
67 84 275
67 85 409
67 86 317
67 87 472
67 88 336
67 89 461
67 90 470
67 91 481
67 92 460
67 93 492
67 94 307
67 95 281
67 96 357
67 97 308
67 98 433
67 99 420
68 1 405
68 2 256
68 3 419
68 4 358
68 5 277
68 6 367
68 7 289
68 8 375
68 9 421
68 10 390
68 11 283
68 12 437
68 13 268
68 14 282
68 15 308
68 16 399
68 17 500
68 18 488
68 19 256
68 20 480
68 21 270
68 22 476
68 23 489
68 24 498
68 25 288
68 26 267
68 27 428
68 28 256
68 29 458
68 30 345
68 31 268
68 32 476
68 33 348
68 34 432
68 35 471
68 36 460
68 37 317
68 38 363
68 39 355
68 40 466
68 41 384
68 42 436
68 43 448
68 44 320
68 45 368
68 46 419
68 47 437
68 48 480
68 49 494
68 50 321
68 51 451
68 52 302
68 53 373
68 54 320
68 55 413
68 56 264
68 57 375
68 58 344
68 59 470
68 60 436
68 61 377
68 62 384
68 63 265
68 64 485
68 65 397
68 66 482
68 67 301
68 69 252
68 70 261
68 71 466
68 72 294
68 73 335
68 74 274
68 75 329
68 76 455
68 77 484
68 78 321
68 79 327
68 80 375
68 81 377
68 82 322
68 83 407
68 84 457
68 85 483
68 86 397
68 87 461
68 88 408
68 89 335
68 90 386
68 91 466
68 92 281
68 93 326
68 94 324
68 95 337
68 96 259
68 97 411
68 98 389
68 99 306
69 1 266
69 2 270
69 3 258
69 4 415
69 5 473
69 6 489
69 7 323
69 8 308
69 9 498
69 10 340
69 11 340
69 12 452
69 13 426
69 14 448
69 15 465
69 16 430
69 17 441
69 18 464
69 19 300
69 20 461
69 21 281
69 22 361
69 23 417
69 24 436
69 25 285
69 26 330
69 27 287
69 28 428
69 29 447
69 30 286
69 31 488
69 32 263
69 33 274
69 34 376
69 35 433
69 36 485
69 37 445
69 38 439
69 39 328
69 40 366
69 41 260
69 42 339
69 43 333
69 44 371
69 45 415
69 46 404
69 47 446
69 48 473
69 49 350
69 50 466
69 51 475
69 52 395
69 53 301
69 54 374
69 55 271
69 56 270
69 57 469
69 58 362
69 59 499
69 60 369
69 61 450
69 62 325
69 63 405
69 64 456
69 65 350
69 66 405
69 67 418
69 68 252
69 70 273
69 71 289
69 72 360
69 73 305
69 74 360
69 75 473
69 76 464
69 77 420
69 78 377
69 79 434
69 80 381
69 81 266
69 82 291
69 83 277
69 84 372
69 85 466
69 86 428
69 87 437
69 88 357
69 89 429
69 90 385
69 91 344
69 92 272
69 93 302
69 94 489
69 95 314
69 96 489
69 97 394
69 98 427
69 99 423
70 1 298
70 2 270
70 3 337
70 4 342
70 5 325
70 6 497
70 7 350
70 8 400
70 9 477
70 10 484
70 11 405
70 12 327
70 13 274
70 14 377
70 15 366
70 16 436
70 17 372
70 18 352
70 19 474
70 20 367
70 21 304
70 22 442
70 23 363
70 24 408
70 25 304
70 26 490
70 27 464
70 28 401
70 29 466
70 30 429
70 31 354
70 32 347
70 33 486
70 34 456
70 35 452
70 36 417
70 37 497
70 38 482
70 39 386
70 40 388
70 41 380
70 42 443
70 43 424
70 44 499
70 45 253
70 46 281
70 47 420
70 48 319
70 49 478
70 50 309
70 51 453
70 52 305
70 53 303
70 54 282
70 55 268
70 56 479
70 57 369
70 58 293
70 59 446
70 60 369
70 61 261
70 62 319
70 63 408
70 64 296
70 65 290
70 66 467
70 67 347
70 68 261
70 69 273
70 71 419
70 72 269
70 73 259
70 74 296
70 75 345
70 76 271
70 77 288
70 78 270
70 79 450
70 80 367
70 81 459
70 82 290
70 83 378
70 84 322
70 85 328
70 86 293
70 87 316
70 88 410
70 89 500
70 90 500
70 91 357
70 92 493
70 93 440
70 94 443
70 95 291
70 96 497
70 97 411
70 98 438
70 99 458
71 1 431
71 2 468
71 3 381
71 4 331
71 5 351
71 6 450
71 7 315
71 8 411
71 9 323
71 10 432
71 11 278
71 12 398
71 13 386
71 14 257
71 15 335
71 16 356
71 17 260
71 18 369
71 19 333
71 20 327
71 21 404
71 22 484
71 23 441
71 24 335
71 25 317
71 26 440
71 27 346
71 28 292
71 29 489
71 30 368
71 31 322
71 32 338
71 33 478
71 34 453
71 35 339
71 36 318
71 37 403
71 38 268
71 39 476
71 40 435
71 41 330
71 42 345
71 43 439
71 44 315
71 45 383
71 46 299
71 47 361
71 48 443
71 49 413
71 50 395
71 51 313
71 52 328
71 53 306
71 54 447
71 55 252
71 56 439
71 57 429
71 58 372
71 59 255
71 60 269
71 61 287
71 62 466
71 63 369
71 64 386
71 65 342
71 66 275
71 67 347
71 68 466
71 69 289
71 70 419
71 72 464
71 73 329
71 74 390
71 75 298
71 76 385
71 77 284
71 78 374
71 79 406
71 80 398
71 81 288
71 82 466
71 83 498
71 84 262
71 85 258
71 86 261
71 87 488
71 88 303
71 89 377
71 90 440
71 91 347
71 92 252
71 93 386
71 94 311
71 95 423
71 96 395
71 97 456
71 98 360
71 99 490
72 1 344
72 2 456
72 3 365
72 4 327
72 5 462
72 6 287
72 7 373
72 8 466
72 9 280
72 10 466
72 11 441
72 12 473
72 13 326
72 14 352
72 15 439
72 16 371
72 17 443
72 18 482
72 19 456
72 20 395
72 21 449
72 22 255
72 23 319
72 24 300
72 25 478
72 26 343
72 27 407
72 28 356
72 29 263
72 30 326
72 31 495
72 32 419
72 33 308
72 34 465
72 35 439
72 36 260
72 37 431
72 38 312
72 39 408
72 40 400
72 41 303
72 42 260
72 43 388
72 44 396
72 45 431
72 46 421
72 47 435
72 48 271
72 49 438
72 50 283
72 51 496
72 52 259
72 53 256
72 54 267
72 55 328
72 56 476
72 57 410
72 58 496
72 59 380
72 60 428
72 61 353
72 62 403
72 63 401
72 64 321
72 65 309
72 66 262
72 67 410
72 68 294
72 69 360
72 70 269
72 71 464
72 73 469
72 74 252
72 75 420
72 76 426
72 77 499
72 78 351
72 79 419
72 80 417
72 81 386
72 82 464
72 83 352
72 84 356
72 85 488
72 86 482
72 87 318
72 88 327
72 89 368
72 90 366
72 91 300
72 92 276
72 93 384
72 94 286
72 95 428
72 96 329
72 97 422
72 98 476
72 99 405
73 1 321
73 2 335
73 3 483
73 4 279
73 5 261
73 6 343
73 7 409
73 8 482
73 9 380
73 10 290
73 11 252
73 12 276
73 13 356
73 14 400
73 15 483
73 16 497
73 17 466
73 18 264
73 19 278
73 20 394
73 21 320
73 22 318
73 23 499
73 24 476
73 25 480
73 26 381
73 27 382
73 28 384
73 29 356
73 30 278
73 31 446
73 32 500
73 33 362
73 34 454
73 35 351
73 36 408
73 37 401
73 38 357
73 39 327
73 40 324
73 41 398
73 42 278
73 43 404
73 44 326
73 45 435
73 46 274
73 47 289
73 48 252
73 49 500
73 50 403
73 51 439
73 52 394
73 53 444
73 54 380
73 55 304
73 56 310
73 57 267
73 58 440
73 59 329
73 60 394
73 61 284
73 62 415
73 63 349
73 64 300
73 65 283
73 66 309
73 67 257
73 68 335
73 69 305
73 70 259
73 71 329
73 72 469
73 74 485
73 75 299
73 76 475
73 77 497
73 78 414
73 79 361
73 80 420
73 81 328
73 82 372
73 83 345
73 84 347
73 85 315
73 86 431
73 87 499
73 88 284
73 89 473
73 90 335
73 91 386
73 92 491
73 93 385
73 94 385
73 95 417
73 96 278
73 97 398
73 98 301
73 99 470
74 1 322
74 2 269
74 3 274
74 4 462
74 5 431
74 6 390
74 7 285
74 8 264
74 9 361
74 10 288
74 11 303
74 12 352
74 13 257
74 14 349
74 15 261
74 16 494
74 17 350
74 18 378
74 19 373
74 20 482
74 21 364
74 22 441
74 23 418
74 24 334
74 25 284
74 26 298
74 27 341
74 28 479
74 29 492
74 30 256
74 31 422
74 32 271
74 33 462
74 34 445
74 35 359
74 36 466
74 37 455
74 38 430
74 39 466
74 40 319
74 41 369
74 42 365
74 43 462
74 44 348
74 45 316
74 46 367
74 47 282
74 48 267
74 49 474
74 50 413
74 51 409
74 52 475
74 53 267
74 54 358
74 55 275
74 56 436
74 57 393
74 58 354
74 59 344
74 60 264
74 61 358
74 62 254
74 63 347
74 64 298
74 65 494
74 66 264
74 67 388
74 68 274
74 69 360
74 70 296
74 71 390
74 72 252
74 73 485
74 75 398
74 76 463
74 77 480
74 78 255
74 79 267
74 80 484
74 81 443
74 82 433
74 83 291
74 84 273
74 85 443
74 86 292
74 87 332
74 88 488
74 89 486
74 90 275
74 91 259
74 92 409
74 93 387
74 94 327
74 95 347
74 96 478
74 97 476
74 98 450
74 99 433
75 1 411
75 2 281
75 3 257
75 4 329
75 5 428
75 6 260
75 7 372
75 8 417
75 9 432
75 10 320
75 11 463
75 12 371
75 13 354
75 14 285
75 15 252
75 16 319
75 17 353
75 18 302
75 19 386
75 20 324
75 21 361
75 22 430
75 23 325
75 24 326
75 25 265
75 26 375
75 27 287
75 28 428
75 29 496
75 30 259
75 31 352
75 32 473
75 33 430
75 34 471
75 35 287
75 36 477
75 37 304
75 38 479
75 39 448
75 40 448
75 41 354
75 42 265
75 43 465
75 44 422
75 45 275
75 46 296
75 47 298
75 48 291
75 49 450
75 50 447
75 51 324
75 52 475
75 53 266
75 54 387
75 55 449
75 56 360
75 57 486
75 58 381
75 59 256
75 60 308
75 61 347
75 62 348
75 63 437
75 64 316
75 65 450
75 66 343
75 67 258
75 68 329
75 69 473
75 70 345
75 71 298
75 72 420
75 73 299
75 74 398
75 76 283
75 77 457
75 78 373
75 79 398
75 80 427
75 81 470
75 82 472
75 83 489
75 84 250
75 85 308
75 86 340
75 87 470
75 88 475
75 89 374
75 90 330
75 91 280
75 92 294
75 93 423
75 94 260
75 95 427
75 96 347
75 97 405
75 98 450
75 99 494
76 1 289
76 2 442
76 3 319
76 4 461
76 5 389
76 6 413
76 7 442
76 8 449
76 9 388
76 10 417
76 11 345
76 12 259
76 13 445
76 14 384
76 15 372
76 16 404
76 17 367
76 18 416
76 19 291
76 20 397
76 21 425
76 22 353
76 23 413
76 24 380
76 25 445
76 26 308
76 27 289
76 28 425
76 29 463
76 30 455
76 31 412
76 32 457
76 33 329
76 34 321
76 35 462
76 36 416
76 37 254
76 38 493
76 39 467
76 40 294
76 41 395
76 42 459
76 43 268
76 44 292
76 45 358
76 46 422
76 47 262
76 48 421
76 49 462
76 50 281
76 51 426
76 52 341
76 53 395
76 54 386
76 55 280
76 56 375
76 57 263
76 58 386
76 59 282
76 60 387
76 61 339
76 62 365
76 63 438
76 64 397
76 65 331
76 66 453
76 67 324
76 68 455
76 69 464
76 70 271
76 71 385
76 72 426
76 73 475
76 74 463
76 75 283
76 77 399
76 78 423
76 79 423
76 80 401
76 81 446
76 82 327
76 83 413
76 84 360
76 85 448
76 86 454
76 87 403
76 88 389
76 89 316
76 90 415
76 91 490
76 92 332
76 93 443
76 94 375
76 95 282
76 96 454
76 97 478
76 98 293
76 99 401
77 1 406
77 2 434
77 3 440
77 4 372
77 5 490
77 6 366
77 7 453
77 8 263
77 9 299
77 10 332
77 11 250
77 12 473
77 13 336
77 14 364
77 15 495
77 16 493
77 17 278
77 18 486
77 19 391
77 20 370
77 21 430
77 22 268
77 23 463
77 24 444
77 25 264
77 26 450
77 27 449
77 28 303
77 29 325
77 30 376
77 31 378
77 32 403
77 33 357
77 34 412
77 35 338
77 36 297
77 37 267
77 38 494
77 39 446
77 40 423
77 41 329
77 42 420
77 43 492
77 44 394
77 45 309
77 46 384
77 47 404
77 48 299
77 49 299
77 50 495
77 51 311
77 52 397
77 53 281
77 54 398
77 55 367
77 56 364
77 57 356
77 58 384
77 59 485
77 60 481
77 61 472
77 62 442
77 63 491
77 64 464
77 65 281
77 66 282
77 67 256
77 68 484
77 69 420
77 70 288
77 71 284
77 72 499
77 73 497
77 74 480
77 75 457
77 76 399
77 78 269
77 79 394
77 80 419
77 81 344
77 82 354
77 83 291
77 84 456
77 85 414
77 86 358
77 87 425
77 88 312
77 89 409
77 90 395
77 91 459
77 92 385
77 93 296
77 94 318
77 95 255
77 96 497
77 97 359
77 98 292
77 99 277
78 1 282
78 2 354
78 3 428
78 4 482
78 5 453
78 6 256
78 7 297
78 8 386
78 9 255
78 10 269
78 11 358
78 12 499
78 13 355
78 14 479
78 15 325
78 16 397
78 17 401
78 18 297
78 19 479
78 20 476
78 21 461
78 22 285
78 23 287
78 24 259
78 25 456
78 26 360
78 27 420
78 28 291
78 29 281
78 30 355
78 31 375
78 32 351
78 33 310
78 34 462
78 35 340
78 36 404
78 37 450
78 38 430
78 39 475
78 40 296
78 41 324
78 42 288
78 43 302
78 44 343
78 45 454
78 46 304
78 47 316
78 48 357
78 49 415
78 50 325
78 51 496
78 52 380
78 53 400
78 54 493
78 55 408
78 56 286
78 57 295
78 58 288
78 59 325
78 60 390
78 61 499
78 62 260
78 63 336
78 64 369
78 65 273
78 66 489
78 67 294
78 68 321
78 69 377
78 70 270
78 71 374
78 72 351
78 73 414
78 74 255
78 75 373
78 76 423
78 77 269
78 79 378
78 80 329
78 81 428
78 82 427
78 83 439
78 84 448
78 85 464
78 86 424
78 87 361
78 88 474
78 89 316
78 90 307
78 91 363
78 92 288
78 93 302
78 94 496
78 95 443
78 96 348
78 97 322
78 98 276
78 99 397
79 1 428
79 2 493
79 3 357
79 4 328
79 5 264
79 6 275
79 7 496
79 8 250
79 9 407
79 10 436
79 11 472
79 12 454
79 13 292
79 14 438
79 15 492
79 16 414
79 17 451
79 18 358
79 19 417
79 20 411
79 21 361
79 22 423
79 23 498
79 24 384
79 25 288
79 26 442
79 27 323
79 28 414
79 29 356
79 30 267
79 31 263
79 32 434
79 33 482
79 34 416
79 35 311
79 36 432
79 37 438
79 38 445
79 39 304
79 40 398
79 41 429
79 42 310
79 43 264
79 44 461
79 45 443
79 46 409
79 47 390
79 48 489
79 49 258
79 50 301
79 51 408
79 52 257
79 53 409
79 54 252
79 55 323
79 56 376
79 57 483
79 58 393
79 59 452
79 60 294
79 61 291
79 62 434
79 63 304
79 64 467
79 65 326
79 66 416
79 67 365
79 68 327
79 69 434
79 70 450
79 71 406
79 72 419
79 73 361
79 74 267
79 75 398
79 76 423
79 77 394
79 78 378
79 80 417
79 81 318
79 82 399
79 83 418
79 84 421
79 85 397
79 86 450
79 87 362
79 88 418
79 89 352
79 90 483
79 91 358
79 92 447
79 93 479
79 94 486
79 95 281
79 96 322
79 97 269
79 98 287
79 99 405
80 1 371
80 2 499
80 3 302
80 4 490
80 5 357
80 6 263
80 7 459
80 8 393
80 9 348
80 10 450
80 11 348
80 12 346
80 13 302
80 14 369
80 15 490
80 16 414
80 17 410
80 18 402
80 19 313
80 20 304
80 21 300
80 22 426
80 23 336
80 24 288
80 25 344
80 26 380
80 27 359
80 28 379
80 29 275
80 30 261
80 31 480
80 32 253
80 33 272
80 34 259
80 35 447
80 36 278
80 37 461
80 38 385
80 39 402
80 40 310
80 41 251
80 42 354
80 43 401
80 44 424
80 45 326
80 46 356
80 47 311
80 48 330
80 49 347
80 50 337
80 51 416
80 52 416
80 53 448
80 54 255
80 55 293
80 56 498
80 57 455
80 58 272
80 59 346
80 60 352
80 61 363
80 62 394
80 63 355
80 64 460
80 65 366
80 66 283
80 67 428
80 68 375
80 69 381
80 70 367
80 71 398
80 72 417
80 73 420
80 74 484
80 75 427
80 76 401
80 77 419
80 78 329
80 79 417
80 81 409
80 82 347
80 83 305
80 84 426
80 85 487
80 86 465
80 87 262
80 88 500
80 89 409
80 90 450
80 91 407
80 92 373
80 93 334
80 94 433
80 95 451
80 96 411
80 97 276
80 98 268
80 99 251
81 1 361
81 2 256
81 3 331
81 4 452
81 5 391
81 6 329
81 7 351
81 8 290
81 9 487
81 10 298
81 11 332
81 12 275
81 13 272
81 14 412
81 15 252
81 16 418
81 17 256
81 18 372
81 19 478
81 20 463
81 21 489
81 22 451
81 23 325
81 24 468
81 25 273
81 26 253
81 27 344
81 28 383
81 29 273
81 30 261
81 31 331
81 32 313
81 33 353
81 34 321
81 35 445
81 36 496
81 37 408
81 38 419
81 39 362
81 40 403
81 41 286
81 42 452
81 43 493
81 44 452
81 45 489
81 46 495
81 47 279
81 48 330
81 49 401
81 50 318
81 51 389
81 52 383
81 53 357
81 54 328
81 55 311
81 56 381
81 57 347
81 58 381
81 59 251
81 60 498
81 61 272
81 62 343
81 63 378
81 64 371
81 65 366
81 66 456
81 67 284
81 68 377
81 69 266
81 70 459
81 71 288
81 72 386
81 73 328
81 74 443
81 75 470
81 76 446
81 77 344
81 78 428
81 79 318
81 80 409
81 82 283
81 83 357
81 84 360
81 85 482
81 86 270
81 87 460
81 88 400
81 89 489
81 90 444
81 91 466
81 92 405
81 93 400
81 94 392
81 95 317
81 96 400
81 97 431
81 98 412
81 99 435
82 1 362
82 2 360
82 3 475
82 4 477
82 5 470
82 6 445
82 7 388
82 8 367
82 9 360
82 10 342
82 11 385
82 12 462
82 13 257
82 14 353
82 15 418
82 16 338
82 17 346
82 18 323
82 19 483
82 20 257
82 21 390
82 22 327
82 23 367
82 24 489
82 25 306
82 26 278
82 27 259
82 28 417
82 29 495
82 30 452
82 31 344
82 32 488
82 33 471
82 34 435
82 35 440
82 36 303
82 37 328
82 38 459
82 39 273
82 40 279
82 41 415
82 42 444
82 43 475
82 44 324
82 45 349
82 46 272
82 47 297
82 48 311
82 49 445
82 50 298
82 51 496
82 52 346
82 53 303
82 54 473
82 55 393
82 56 301
82 57 436
82 58 381
82 59 290
82 60 475
82 61 391
82 62 377
82 63 462
82 64 333
82 65 327
82 66 326
82 67 313
82 68 322
82 69 291
82 70 290
82 71 466
82 72 464
82 73 372
82 74 433
82 75 472
82 76 327
82 77 354
82 78 427
82 79 399
82 80 347
82 81 283
82 83 490
82 84 419
82 85 375
82 86 385
82 87 292
82 88 330
82 89 322
82 90 421
82 91 300
82 92 414
82 93 313
82 94 294
82 95 353
82 96 258
82 97 485
82 98 290
82 99 404
83 1 429
83 2 258
83 3 487
83 4 278
83 5 493
83 6 387
83 7 364
83 8 357
83 9 350
83 10 310
83 11 426
83 12 485
83 13 409
83 14 433
83 15 265
83 16 281
83 17 257
83 18 250
83 19 454
83 20 286
83 21 286
83 22 281
83 23 299
83 24 452
83 25 421
83 26 401
83 27 496
83 28 375
83 29 489
83 30 358
83 31 362
83 32 273
83 33 429
83 34 260
83 35 371
83 36 389
83 37 342
83 38 496
83 39 500
83 40 383
83 41 465
83 42 312
83 43 377
83 44 288
83 45 343
83 46 434
83 47 325
83 48 300
83 49 328
83 50 321
83 51 368
83 52 308
83 53 484
83 54 326
83 55 262
83 56 378
83 57 442
83 58 393
83 59 255
83 60 280
83 61 432
83 62 269
83 63 375
83 64 495
83 65 299
83 66 401
83 67 339
83 68 407
83 69 277
83 70 378
83 71 498
83 72 352
83 73 345
83 74 291
83 75 489
83 76 413
83 77 291
83 78 439
83 79 418
83 80 305
83 81 357
83 82 490
83 84 386
83 85 295
83 86 344
83 87 334
83 88 398
83 89 376
83 90 268
83 91 353
83 92 346
83 93 447
83 94 286
83 95 400
83 96 397
83 97 452
83 98 411
83 99 401
84 1 349
84 2 415
84 3 485
84 4 387
84 5 445
84 6 428
84 7 461
84 8 257
84 9 357
84 10 444
84 11 278
84 12 276
84 13 300
84 14 315
84 15 418
84 16 347
84 17 467
84 18 361
84 19 398
84 20 348
84 21 360
84 22 437
84 23 495
84 24 266
84 25 442
84 26 250
84 27 263
84 28 294
84 29 342
84 30 497
84 31 383
84 32 472
84 33 323
84 34 260
84 35 256
84 36 379
84 37 381
84 38 358
84 39 410
84 40 402
84 41 384
84 42 419
84 43 478
84 44 253
84 45 341
84 46 313
84 47 370
84 48 352
84 49 337
84 50 429
84 51 370
84 52 492
84 53 384
84 54 455
84 55 301
84 56 342
84 57 332
84 58 453
84 59 280
84 60 492
84 61 321
84 62 386
84 63 456
84 64 418
84 65 355
84 66 434
84 67 275
84 68 457
84 69 372
84 70 322
84 71 262
84 72 356
84 73 347
84 74 273
84 75 250
84 76 360
84 77 456
84 78 448
84 79 421
84 80 426
84 81 360
84 82 419
84 83 386
84 85 439
84 86 337
84 87 260
84 88 451
84 89 377
84 90 298
84 91 356
84 92 385
84 93 357
84 94 326
84 95 427
84 96 478
84 97 415
84 98 397
84 99 306
85 1 433
85 2 391
85 3 394
85 4 423
85 5 252
85 6 298
85 7 382
85 8 394
85 9 251
85 10 405
85 11 481
85 12 334
85 13 347
85 14 252
85 15 471
85 16 376
85 17 437
85 18 473
85 19 308
85 20 353
85 21 294
85 22 493
85 23 329
85 24 341
85 25 409
85 26 421
85 27 482
85 28 440
85 29 423
85 30 326
85 31 363
85 32 298
85 33 426
85 34 288
85 35 268
85 36 389
85 37 391
85 38 285
85 39 258
85 40 372
85 41 266
85 42 298
85 43 421
85 44 285
85 45 383
85 46 482
85 47 302
85 48 408
85 49 346
85 50 289
85 51 443
85 52 387
85 53 399
85 54 259
85 55 256
85 56 416
85 57 370
85 58 271
85 59 460
85 60 266
85 61 390
85 62 309
85 63 447
85 64 412
85 65 437
85 66 282
85 67 409
85 68 483
85 69 466
85 70 328
85 71 258
85 72 488
85 73 315
85 74 443
85 75 308
85 76 448
85 77 414
85 78 464
85 79 397
85 80 487
85 81 482
85 82 375
85 83 295
85 84 439
85 86 442
85 87 299
85 88 322
85 89 267
85 90 376
85 91 297
85 92 433
85 93 303
85 94 370
85 95 339
85 96 275
85 97 395
85 98 423
85 99 404
86 1 416
86 2 341
86 3 425
86 4 305
86 5 332
86 6 405
86 7 294
86 8 472
86 9 280
86 10 397
86 11 253
86 12 269
86 13 465
86 14 296
86 15 426
86 16 252
86 17 365
86 18 380
86 19 306
86 20 435
86 21 312
86 22 318
86 23 453
86 24 362
86 25 468
86 26 347
86 27 389
86 28 417
86 29 266
86 30 258
86 31 308
86 32 396
86 33 400
86 34 367
86 35 308
86 36 446
86 37 403
86 38 372
86 39 436
86 40 440
86 41 352
86 42 379
86 43 422
86 44 299
86 45 308
86 46 283
86 47 346
86 48 456
86 49 473
86 50 309
86 51 412
86 52 313
86 53 418
86 54 403
86 55 347
86 56 429
86 57 467
86 58 269
86 59 423
86 60 480
86 61 304
86 62 428
86 63 276
86 64 496
86 65 433
86 66 293
86 67 317
86 68 397
86 69 428
86 70 293
86 71 261
86 72 482
86 73 431
86 74 292
86 75 340
86 76 454
86 77 358
86 78 424
86 79 450
86 80 465
86 81 270
86 82 385
86 83 344
86 84 337
86 85 442
86 87 386
86 88 450
86 89 373
86 90 500
86 91 326
86 92 337
86 93 280
86 94 398
86 95 285
86 96 360
86 97 262
86 98 260
86 99 380
87 1 260
87 2 251
87 3 352
87 4 349
87 5 321
87 6 452
87 7 396
87 8 491
87 9 265
87 10 294
87 11 426
87 12 429
87 13 436
87 14 256
87 15 461
87 16 362
87 17 305
87 18 263
87 19 263
87 20 342
87 21 378
87 22 324
87 23 365
87 24 282
87 25 494
87 26 450
87 27 323
87 28 342
87 29 321
87 30 438
87 31 338
87 32 405
87 33 276
87 34 262
87 35 396
87 36 283
87 37 328
87 38 331
87 39 421
87 40 487
87 41 274
87 42 336
87 43 304
87 44 469
87 45 329
87 46 326
87 47 415
87 48 394
87 49 461
87 50 424
87 51 483
87 52 325
87 53 335
87 54 375
87 55 284
87 56 358
87 57 288
87 58 314
87 59 469
87 60 256
87 61 495
87 62 273
87 63 301
87 64 319
87 65 288
87 66 306
87 67 472
87 68 461
87 69 437
87 70 316
87 71 488
87 72 318
87 73 499
87 74 332
87 75 470
87 76 403
87 77 425
87 78 361
87 79 362
87 80 262
87 81 460
87 82 292
87 83 334
87 84 260
87 85 299
87 86 386
87 88 433
87 89 342
87 90 400
87 91 469
87 92 422
87 93 279
87 94 310
87 95 314
87 96 461
87 97 314
87 98 490
87 99 479
88 1 273
88 2 322
88 3 496
88 4 394
88 5 331
88 6 306
88 7 284
88 8 407
88 9 358
88 10 477
88 11 476
88 12 454
88 13 312
88 14 429
88 15 288
88 16 408
88 17 439
88 18 312
88 19 279
88 20 251
88 21 442
88 22 268
88 23 267
88 24 385
88 25 418
88 26 336
88 27 353
88 28 358
88 29 364
88 30 279
88 31 495
88 32 354
88 33 362
88 34 482
88 35 329
88 36 284
88 37 283
88 38 301
88 39 388
88 40 457
88 41 309
88 42 445
88 43 358
88 44 399
88 45 318
88 46 354
88 47 321
88 48 388
88 49 483
88 50 338
88 51 260
88 52 470
88 53 410
88 54 275
88 55 318
88 56 499
88 57 378
88 58 290
88 59 250
88 60 452
88 61 265
88 62 374
88 63 464
88 64 492
88 65 313
88 66 462
88 67 336
88 68 408
88 69 357
88 70 410
88 71 303
88 72 327
88 73 284
88 74 488
88 75 475
88 76 389
88 77 312
88 78 474
88 79 418
88 80 500
88 81 400
88 82 330
88 83 398
88 84 451
88 85 322
88 86 450
88 87 433
88 89 299
88 90 448
88 91 468
88 92 252
88 93 295
88 94 309
88 95 427
88 96 336
88 97 456
88 98 413
88 99 396
89 1 281
89 2 253
89 3 411
89 4 343
89 5 484
89 6 457
89 7 480
89 8 463
89 9 346
89 10 392
89 11 375
89 12 321
89 13 271
89 14 260
89 15 351
89 16 433
89 17 275
89 18 413
89 19 290
89 20 385
89 21 434
89 22 468
89 23 342
89 24 393
89 25 442
89 26 411
89 27 392
89 28 427
89 29 443
89 30 420
89 31 474
89 32 278
89 33 323
89 34 318
89 35 413
89 36 410
89 37 266
89 38 455
89 39 346
89 40 395
89 41 450
89 42 288
89 43 293
89 44 392
89 45 298
89 46 454
89 47 478
89 48 500
89 49 407
89 50 339
89 51 428
89 52 353
89 53 393
89 54 256
89 55 374
89 56 396
89 57 402
89 58 459
89 59 339
89 60 393
89 61 310
89 62 415
89 63 476
89 64 387
89 65 378
89 66 430
89 67 461
89 68 335
89 69 429
89 70 500
89 71 377
89 72 368
89 73 473
89 74 486
89 75 374
89 76 316
89 77 409
89 78 316
89 79 352
89 80 409
89 81 489
89 82 322
89 83 376
89 84 377
89 85 267
89 86 373
89 87 342
89 88 299
89 90 288
89 91 401
89 92 333
89 93 402
89 94 448
89 95 353
89 96 281
89 97 445
89 98 332
89 99 413
90 1 424
90 2 403
90 3 298
90 4 500
90 5 266
90 6 283
90 7 263
90 8 417
90 9 376
90 10 433
90 11 302
90 12 275
90 13 394
90 14 251
90 15 424
90 16 343
90 17 399
90 18 485
90 19 394
90 20 462
90 21 422
90 22 455
90 23 315
90 24 342
90 25 361
90 26 269
90 27 415
90 28 450
90 29 424
90 30 478
90 31 456
90 32 311
90 33 390
90 34 364
90 35 273
90 36 437
90 37 343
90 38 362
90 39 437
90 40 277
90 41 397
90 42 387
90 43 309
90 44 457
90 45 263
90 46 356
90 47 498
90 48 366
90 49 311
90 50 296
90 51 317
90 52 361
90 53 280
90 54 476
90 55 438
90 56 460
90 57 409
90 58 491
90 59 299
90 60 282
90 61 493
90 62 464
90 63 409
90 64 369
90 65 326
90 66 438
90 67 470
90 68 386
90 69 385
90 70 500
90 71 440
90 72 366
90 73 335
90 74 275
90 75 330
90 76 415
90 77 395
90 78 307
90 79 483
90 80 450
90 81 444
90 82 421
90 83 268
90 84 298
90 85 376
90 86 500
90 87 400
90 88 448
90 89 288
90 91 461
90 92 442
90 93 405
90 94 392
90 95 498
90 96 300
90 97 279
90 98 379
90 99 393
91 1 476
91 2 317
91 3 425
91 4 413
91 5 423
91 6 357
91 7 258
91 8 487
91 9 350
91 10 399
91 11 468
91 12 372
91 13 493
91 14 267
91 15 372
91 16 325
91 17 378
91 18 256
91 19 416
91 20 434
91 21 391
91 22 451
91 23 252
91 24 272
91 25 291
91 26 395
91 27 411
91 28 497
91 29 480
91 30 453
91 31 439
91 32 421
91 33 407
91 34 312
91 35 366
91 36 294
91 37 438
91 38 327
91 39 280
91 40 422
91 41 496
91 42 374
91 43 403
91 44 254
91 45 291
91 46 498
91 47 335
91 48 374
91 49 255
91 50 409
91 51 311
91 52 387
91 53 473
91 54 279
91 55 460
91 56 455
91 57 316
91 58 350
91 59 497
91 60 389
91 61 410
91 62 358
91 63 311
91 64 360
91 65 464
91 66 442
91 67 481
91 68 466
91 69 344
91 70 357
91 71 347
91 72 300
91 73 386
91 74 259
91 75 280
91 76 490
91 77 459
91 78 363
91 79 358
91 80 407
91 81 466
91 82 300
91 83 353
91 84 356
91 85 297
91 86 326
91 87 469
91 88 468
91 89 401
91 90 461
91 92 495
91 93 278
91 94 329
91 95 475
91 96 256
91 97 345
91 98 411
91 99 433
92 1 436
92 2 359
92 3 309
92 4 425
92 5 472
92 6 281
92 7 314
92 8 408
92 9 414
92 10 337
92 11 455
92 12 280
92 13 450
92 14 304
92 15 318
92 16 411
92 17 469
92 18 484
92 19 341
92 20 492
92 21 479
92 22 378
92 23 421
92 24 344
92 25 478
92 26 404
92 27 473
92 28 276
92 29 480
92 30 485
92 31 368
92 32 323
92 33 390
92 34 295
92 35 408
92 36 414
92 37 492
92 38 493
92 39 475
92 40 265
92 41 285
92 42 466
92 43 497
92 44 307
92 45 475
92 46 257
92 47 405
92 48 489
92 49 466
92 50 472
92 51 359
92 52 290
92 53 451
92 54 362
92 55 258
92 56 340
92 57 434
92 58 309
92 59 276
92 60 475
92 61 284
92 62 457
92 63 316
92 64 392
92 65 385
92 66 412
92 67 460
92 68 281
92 69 272
92 70 493
92 71 252
92 72 276
92 73 491
92 74 409
92 75 294
92 76 332
92 77 385
92 78 288
92 79 447
92 80 373
92 81 405
92 82 414
92 83 346
92 84 385
92 85 433
92 86 337
92 87 422
92 88 252
92 89 333
92 90 442
92 91 495
92 93 477
92 94 341
92 95 444
92 96 328
92 97 319
92 98 447
92 99 305
93 1 456
93 2 277
93 3 422
93 4 426
93 5 418
93 6 468
93 7 295
93 8 478
93 9 256
93 10 452
93 11 272
93 12 254
93 13 272
93 14 381
93 15 271
93 16 423
93 17 295
93 18 358
93 19 305
93 20 373
93 21 451
93 22 361
93 23 439
93 24 251
93 25 313
93 26 351
93 27 369
93 28 370
93 29 450
93 30 468
93 31 419
93 32 369
93 33 415
93 34 272
93 35 334
93 36 448
93 37 452
93 38 489
93 39 429
93 40 395
93 41 346
93 42 392
93 43 250
93 44 487
93 45 385
93 46 477
93 47 292
93 48 393
93 49 348
93 50 336
93 51 323
93 52 345
93 53 429
93 54 479
93 55 460
93 56 349
93 57 377
93 58 358
93 59 359
93 60 493
93 61 304
93 62 406
93 63 318
93 64 477
93 65 419
93 66 426
93 67 492
93 68 326
93 69 302
93 70 440
93 71 386
93 72 384
93 73 385
93 74 387
93 75 423
93 76 443
93 77 296
93 78 302
93 79 479
93 80 334
93 81 400
93 82 313
93 83 447
93 84 357
93 85 303
93 86 280
93 87 279
93 88 295
93 89 402
93 90 405
93 91 278
93 92 477
93 94 445
93 95 256
93 96 260
93 97 382
93 98 455
93 99 416
94 1 420
94 2 316
94 3 285
94 4 476
94 5 483
94 6 491
94 7 361
94 8 359
94 9 359
94 10 464
94 11 301
94 12 395
94 13 447
94 14 278
94 15 323
94 16 365
94 17 495
94 18 423
94 19 499
94 20 322
94 21 461
94 22 262
94 23 479
94 24 302
94 25 261
94 26 446
94 27 462
94 28 436
94 29 445
94 30 353
94 31 419
94 32 395
94 33 378
94 34 373
94 35 282
94 36 329
94 37 333
94 38 477
94 39 492
94 40 484
94 41 369
94 42 397
94 43 465
94 44 458
94 45 428
94 46 407
94 47 446
94 48 255
94 49 348
94 50 340
94 51 254
94 52 434
94 53 391
94 54 330
94 55 329
94 56 351
94 57 296
94 58 333
94 59 259
94 60 344
94 61 283
94 62 264
94 63 427
94 64 486
94 65 338
94 66 347
94 67 307
94 68 324
94 69 489
94 70 443
94 71 311
94 72 286
94 73 385
94 74 327
94 75 260
94 76 375
94 77 318
94 78 496
94 79 486
94 80 433
94 81 392
94 82 294
94 83 286
94 84 326
94 85 370
94 86 398
94 87 310
94 88 309
94 89 448
94 90 392
94 91 329
94 92 341
94 93 445
94 95 365
94 96 300
94 97 385
94 98 260
94 99 271
95 1 424
95 2 497
95 3 449
95 4 384
95 5 303
95 6 350
95 7 495
95 8 485
95 9 253
95 10 458
95 11 431
95 12 351
95 13 361
95 14 316
95 15 399
95 16 296
95 17 300
95 18 433
95 19 485
95 20 352
95 21 254
95 22 296
95 23 356
95 24 291
95 25 412
95 26 449
95 27 348
95 28 290
95 29 378
95 30 325
95 31 311
95 32 370
95 33 392
95 34 474
95 35 492
95 36 369
95 37 467
95 38 437
95 39 485
95 40 354
95 41 333
95 42 255
95 43 295
95 44 257
95 45 256
95 46 492
95 47 474
95 48 471
95 49 350
95 50 458
95 51 304
95 52 439
95 53 383
95 54 360
95 55 411
95 56 406
95 57 294
95 58 406
95 59 364
95 60 485
95 61 309
95 62 495
95 63 251
95 64 431
95 65 325
95 66 298
95 67 281
95 68 337
95 69 314
95 70 291
95 71 423
95 72 428
95 73 417
95 74 347
95 75 427
95 76 282
95 77 255
95 78 443
95 79 281
95 80 451
95 81 317
95 82 353
95 83 400
95 84 427
95 85 339
95 86 285
95 87 314
95 88 427
95 89 353
95 90 498
95 91 475
95 92 444
95 93 256
95 94 365
95 96 269
95 97 409
95 98 328
95 99 342
96 1 483
96 2 451
96 3 254
96 4 401
96 5 429
96 6 295
96 7 402
96 8 373
96 9 327
96 10 257
96 11 365
96 12 374
96 13 379
96 14 289
96 15 356
96 16 402
96 17 253
96 18 285
96 19 421
96 20 425
96 21 359
96 22 473
96 23 370
96 24 358
96 25 280
96 26 323
96 27 360
96 28 359
96 29 352
96 30 392
96 31 489
96 32 258
96 33 257
96 34 281
96 35 500
96 36 367
96 37 452
96 38 284
96 39 465
96 40 456
96 41 276
96 42 370
96 43 484
96 44 348
96 45 460
96 46 401
96 47 410
96 48 380
96 49 288
96 50 404
96 51 439
96 52 314
96 53 409
96 54 307
96 55 316
96 56 490
96 57 300
96 58 453
96 59 299
96 60 435
96 61 265
96 62 455
96 63 455
96 64 397
96 65 344
96 66 355
96 67 357
96 68 259
96 69 489
96 70 497
96 71 395
96 72 329
96 73 278
96 74 478
96 75 347
96 76 454
96 77 497
96 78 348
96 79 322
96 80 411
96 81 400
96 82 258
96 83 397
96 84 478
96 85 275
96 86 360
96 87 461
96 88 336
96 89 281
96 90 300
96 91 256
96 92 328
96 93 260
96 94 300
96 95 269
96 97 253
96 98 398
96 99 357
97 1 427
97 2 460
97 3 434
97 4 321
97 5 425
97 6 458
97 7 489
97 8 348
97 9 493
97 10 323
97 11 427
97 12 319
97 13 412
97 14 446
97 15 307
97 16 298
97 17 360
97 18 395
97 19 464
97 20 387
97 21 272
97 22 323
97 23 442
97 24 292
97 25 288
97 26 334
97 27 332
97 28 366
97 29 292
97 30 454
97 31 301
97 32 371
97 33 307
97 34 488
97 35 477
97 36 274
97 37 440
97 38 456
97 39 485
97 40 381
97 41 391
97 42 462
97 43 416
97 44 323
97 45 299
97 46 444
97 47 384
97 48 305
97 49 448
97 50 460
97 51 349
97 52 357
97 53 492
97 54 310
97 55 431
97 56 415
97 57 376
97 58 425
97 59 444
97 60 498
97 61 348
97 62 355
97 63 464
97 64 400
97 65 304
97 66 310
97 67 308
97 68 411
97 69 394
97 70 411
97 71 456
97 72 422
97 73 398
97 74 476
97 75 405
97 76 478
97 77 359
97 78 322
97 79 269
97 80 276
97 81 431
97 82 485
97 83 452
97 84 415
97 85 395
97 86 262
97 87 314
97 88 456
97 89 445
97 90 279
97 91 345
97 92 319
97 93 382
97 94 385
97 95 409
97 96 253
97 98 430
97 99 305
98 1 273
98 2 432
98 3 318
98 4 392
98 5 338
98 6 348
98 7 300
98 8 467
98 9 422
98 10 358
98 11 487
98 12 486
98 13 480
98 14 261
98 15 458
98 16 350
98 17 356
98 18 417
98 19 490
98 20 257
98 21 405
98 22 384
98 23 431
98 24 336
98 25 308
98 26 432
98 27 455
98 28 316
98 29 331
98 30 322
98 31 301
98 32 464
98 33 419
98 34 480
98 35 492
98 36 253
98 37 452
98 38 408
98 39 483
98 40 448
98 41 489
98 42 358
98 43 291
98 44 295
98 45 266
98 46 436
98 47 469
98 48 463
98 49 362
98 50 464
98 51 369
98 52 259
98 53 280
98 54 404
98 55 480
98 56 356
98 57 281
98 58 337
98 59 408
98 60 291
98 61 406
98 62 327
98 63 467
98 64 320
98 65 458
98 66 498
98 67 433
98 68 389
98 69 427
98 70 438
98 71 360
98 72 476
98 73 301
98 74 450
98 75 450
98 76 293
98 77 292
98 78 276
98 79 287
98 80 268
98 81 412
98 82 290
98 83 411
98 84 397
98 85 423
98 86 260
98 87 490
98 88 413
98 89 332
98 90 379
98 91 411
98 92 447
98 93 455
98 94 260
98 95 328
98 96 398
98 97 430
98 99 418
1 t 405
2 t 378
3 t 363
4 t 348
5 t 320
6 t 339
7 t 400
8 t 405
9 t 263
10 t 379
11 t 414
12 t 499
13 t 490
14 t 271
15 t 377
16 t 373
17 t 371
18 t 421
19 t 412
20 t 475
21 t 484
22 t 494
23 t 385
24 t 357
25 t 461
26 t 426
27 t 488
28 t 250
29 t 268
30 t 271
31 t 384
32 t 450
33 t 463
34 t 432
35 t 351
36 t 305
37 t 265
38 t 433
39 t 298
40 t 455
41 t 449
42 t 288
43 t 276
44 t 259
45 t 364
46 t 373
47 t 294
48 t 277
49 t 406
50 t 478
51 t 468
52 t 292
53 t 445
54 t 434
55 t 346
56 t 429
57 t 317
58 t 269
59 t 377
60 t 447
61 t 342
62 t 411
63 t 462
64 t 461
65 t 482
66 t 447
67 t 420
68 t 306
69 t 423
70 t 458
71 t 490
72 t 405
73 t 470
74 t 433
75 t 494
76 t 401
77 t 277
78 t 397
79 t 405
80 t 251
81 t 435
82 t 404
83 t 401
84 t 306
85 t 404
86 t 380
87 t 479
88 t 396
89 t 413
90 t 393
91 t 433
92 t 305
93 t 416
94 t 271
95 t 342
96 t 357
97 t 305
98 t 418
