s 1 53
s 2 104
s 3 133
s 4 141
s 5 126
s 6 68
s 7 101
s 8 140
s 9 88
s 10 70
s 11 129
s 12 132
s 13 107
s 14 51
s 15 114
s 16 141
s 17 110
s 18 57
s 19 95
s 20 122
s 21 80
s 22 62
s 23 61
s 24 98
s 25 100
s 26 72
s 27 126
s 28 55
s 29 121
s 30 67
s 31 150
s 32 127
s 33 90
s 34 114
s 35 109
s 36 56
s 37 50
s 38 125
s 39 91
s 40 101
s 41 147
s 42 74
s 43 65
s 44 129
s 45 138
s 46 62
s 47 130
s 48 128
s 49 126
s 50 129
s 51 114
s 52 75
s 53 79
s 54 119
s 55 103
s 56 136
s 57 60
s 58 137
s 59 105
s 60 119
s 61 104
s 62 60
s 63 120
s 64 86
s 65 50
s 66 118
s 67 124
s 68 92
s 69 121
s 70 131
s 71 127
s 72 90
s 73 135
s 74 101
s 75 145
s 76 83
s 77 112
s 78 72
s 79 57
s 80 115
s 81 66
s 82 138
s 83 61
s 84 86
s 85 117
s 86 98
s 87 54
s 88 60
s 89 85
s 90 125
s 91 95
s 92 65
s 93 82
s 94 107
s 95 111
s 96 101
s 97 75
s 98 150
s 99 116
1 2 70
1 3 111
1 4 149
1 5 120
1 6 70
1 7 94
1 8 128
1 9 78
1 10 114
1 11 89
1 12 147
1 13 59
1 14 108
1 15 148
1 16 120
1 17 120
1 18 135
1 19 56
1 20 108
1 21 61
1 22 123
1 23 96
1 24 117
1 25 131
1 26 50
1 27 99
1 28 121
1 29 141
1 30 106
1 31 98
1 32 109
1 33 131
1 34 61
1 35 55
1 36 147
1 37 87
1 38 111
1 39 98
1 40 112
1 41 93
1 42 142
1 43 132
1 44 61
1 45 140
1 46 131
1 47 88
1 48 67
1 49 101
1 50 147
1 51 101
1 52 136
1 53 120
1 54 130
1 55 102
1 56 144
1 57 134
1 58 129
1 59 101
1 60 148
1 61 80
1 62 90
1 63 113
1 64 112
1 65 122
1 66 144
1 67 62
1 68 124
1 69 69
1 70 147
1 71 131
1 72 146
1 73 79
1 74 121
1 75 58
1 76 94
1 77 142
1 78 145
1 79 111
1 80 123
1 81 52
1 82 109
1 83 148
1 84 106
1 85 107
1 86 78
1 87 130
1 88 149
1 89 134
1 90 96
1 91 105
1 92 108
1 93 103
1 94 119
1 95 130
1 96 109
1 97 149
1 98 125
1 99 106
2 1 70
2 3 128
2 4 71
2 5 74
2 6 114
2 7 91
2 8 97
2 9 137
2 10 60
2 11 113
2 12 144
2 13 149
2 14 69
2 15 80
2 16 124
2 17 58
2 18 136
2 19 123
2 20 98
2 21 55
2 22 78
2 23 98
2 24 100
2 25 99
2 26 135
2 27 79
2 28 93
2 29 59
2 30 70
2 31 108
2 32 59
2 33 143
2 34 122
2 35 78
2 36 116
2 37 119
2 38 143
2 39 130
2 40 117
2 41 134
2 42 121
2 43 122
2 44 51
2 45 118
2 46 127
2 47 64
2 48 123
2 49 91
2 50 54
2 51 137
2 52 149
2 53 55
2 54 87
2 55 96
2 56 98
2 57 92
2 58 104
2 59 81
2 60 79
2 61 121
2 62 54
2 63 126
2 64 124
2 65 96
2 66 133
2 67 148
2 68 89
2 69 107
2 70 56
2 71 63
2 72 100
2 73 118
2 74 94
2 75 109
2 76 117
2 77 139
2 78 121
2 79 85
2 80 124
2 81 82
2 82 83
2 83 100
2 84 102
2 85 106
2 86 130
2 87 100
2 88 55
2 89 63
2 90 141
2 91 72
2 92 84
2 93 88
2 94 90
2 95 88
2 96 105
2 97 128
2 98 121
2 99 121
3 1 111
3 2 128
3 4 66
3 5 133
3 6 101
3 7 56
3 8 62
3 9 89
3 10 124
3 11 50
3 12 102
3 13 50
3 14 97
3 15 67
3 16 94
3 17 81
3 18 94
3 19 94
3 20 60
3 21 111
3 22 77
3 23 120
3 24 51
3 25 117
3 26 147
3 27 69
3 28 74
3 29 147
3 30 150
3 31 82
3 32 80
3 33 91
3 34 63
3 35 77
3 36 129
3 37 73
3 38 50
3 39 99
3 40 108
3 41 140
3 42 58
3 43 148
3 44 56
3 45 66
3 46 145
3 47 134
3 48 117
3 49 97
3 50 109
3 51 98
3 52 146
3 53 126
3 54 102
3 55 77
3 56 83
3 57 76
3 58 141
3 59 116
3 60 123
3 61 64
3 62 125
3 63 89
3 64 114
3 65 148
3 66 108
3 67 81
3 68 95
3 69 61
3 70 55
3 71 113
3 72 103
3 73 126
3 74 65
3 75 57
3 76 81
3 77 55
3 78 74
3 79 116
3 80 124
3 81 52
3 82 95
3 83 59
3 84 126
3 85 62
3 86 143
3 87 147
3 88 126
3 89 89
3 90 60
3 91 51
3 92 138
3 93 61
3 94 66
3 95 82
3 96 100
3 97 110
3 98 148
3 99 63
4 1 149
4 2 71
4 3 66
4 5 106
4 6 139
4 7 117
4 8 76
4 9 130
4 10 67
4 11 75
4 12 55
4 13 66
4 14 60
4 15 70
4 16 90
4 17 96
4 18 96
4 19 82
4 20 150
4 21 133
4 22 50
4 23 136
4 24 136
4 25 65
4 26 150
4 27 60
4 28 54
4 29 105
4 30 77
4 31 128
4 32 92
4 33 92
4 34 149
4 35 106
4 36 113
4 37 136
4 38 70
4 39 86
4 40 93
4 41 85
4 42 54
4 43 66
4 44 59
4 45 85
4 46 75
4 47 73
4 48 115
4 49 104
4 50 50
4 51 112
4 52 121
4 53 138
4 54 133
4 55 97
4 56 61
4 57 121
4 58 52
4 59 100
4 60 78
4 61 99
4 62 117
4 63 137
4 64 139
4 65 72
4 66 115
4 67 88
4 68 88
4 69 106
4 70 134
4 71 132
4 72 109
4 73 142
4 74 115
4 75 104
4 76 75
4 77 64
4 78 59
4 79 81
4 80 83
4 81 116
4 82 115
4 83 77
4 84 108
4 85 67
4 86 150
4 87 149
4 88 150
4 89 51
4 90 68
4 91 111
4 92 73
4 93 69
4 94 135
4 95 134
4 96 109
4 97 111
4 98 86
4 99 65
5 1 120
5 2 74
5 3 133
5 4 106
5 6 147
5 7 104
5 8 142
5 9 83
5 10 149
5 11 65
5 12 123
5 13 95
5 14 53
5 15 72
5 16 113
5 17 76
5 18 112
5 19 118
5 20 79
5 21 98
5 22 137
5 23 92
5 24 53
5 25 135
5 26 88
5 27 79
5 28 120
5 29 109
5 30 67
5 31 65
5 32 94
5 33 69
5 34 120
5 35 90
5 36 136
5 37 109
5 38 87
5 39 110
5 40 137
5 41 121
5 42 125
5 43 103
5 44 137
5 45 89
5 46 58
5 47 121
5 48 92
5 49 101
5 50 121
5 51 63
5 52 81
5 53 120
5 54 138
5 55 64
5 56 124
5 57 54
5 58 139
5 59 90
5 60 68
5 61 112
5 62 92
5 63 138
5 64 133
5 65 138
5 66 99
5 67 125
5 68 121
5 69 107
5 70 76
5 71 143
5 72 119
5 73 77
5 74 102
5 75 106
5 76 72
5 77 63
5 78 148
5 79 146
5 80 149
5 81 65
5 82 139
5 83 133
5 84 83
5 85 106
5 86 144
5 87 102
5 88 96
5 89 114
5 90 103
5 91 131
5 92 80
5 93 126
5 94 106
5 95 109
5 96 72
5 97 102
5 98 91
5 99 112
6 1 70
6 2 114
6 3 101
6 4 139
6 5 147
6 7 129
6 8 143
6 9 96
6 10 60
6 11 84
6 12 141
6 13 140
6 14 75
6 15 80
6 16 93
6 17 132
6 18 114
6 19 71
6 20 100
6 21 133
6 22 95
6 23 124
6 24 68
6 25 52
6 26 108
6 27 136
6 28 96
6 29 76
6 30 142
6 31 98
6 32 86
6 33 129
6 34 118
6 35 60
6 36 91
6 37 137
6 38 76
6 39 74
6 40 87
6 41 97
6 42 52
6 43 51
6 44 143
6 45 115
6 46 68
6 47 118
6 48 64
6 49 82
6 50 59
6 51 126
6 52 144
6 53 144
6 54 76
6 55 51
6 56 79
6 57 101
6 58 144
6 59 57
6 60 80
6 61 65
6 62 88
6 63 90
6 64 87
6 65 71
6 66 109
6 67 94
6 68 81
6 69 117
6 70 113
6 71 128
6 72 111
6 73 52
6 74 70
6 75 144
6 76 50
6 77 92
6 78 125
6 79 95
6 80 150
6 81 113
6 82 121
6 83 131
6 84 136
6 85 131
6 86 127
6 87 107
6 88 53
6 89 119
6 90 74
6 91 87
6 92 81
6 93 117
6 94 127
6 95 145
6 96 73
6 97 113
6 98 124
6 99 82
7 1 94
7 2 91
7 3 56
7 4 117
7 5 104
7 6 129
7 8 93
7 9 72
7 10 126
7 11 81
7 12 92
7 13 73
7 14 93
7 15 54
7 16 109
7 17 148
7 18 95
7 19 119
7 20 148
7 21 114
7 22 146
7 23 89
7 24 50
7 25 125
7 26 104
7 27 147
7 28 62
7 29 115
7 30 58
7 31 140
7 32 139
7 33 113
7 34 105
7 35 98
7 36 87
7 37 72
7 38 129
7 39 148
7 40 133
7 41 83
7 42 95
7 43 125
7 44 63
7 45 60
7 46 65
7 47 68
7 48 113
7 49 64
7 50 82
7 51 102
7 52 88
7 53 125
7 54 89
7 55 62
7 56 73
7 57 133
7 58 113
7 59 54
7 60 67
7 61 83
7 62 149
7 63 132
7 64 130
7 65 117
7 66 129
7 67 119
7 68 69
7 69 127
7 70 95
7 71 131
7 72 78
7 73 56
7 74 142
7 75 126
7 76 126
7 77 59
7 78 99
7 79 134
7 80 143
7 81 83
7 82 53
7 83 147
7 84 80
7 85 57
7 86 146
7 87 74
7 88 68
7 89 142
7 90 131
7 91 58
7 92 118
7 93 135
7 94 141
7 95 53
7 96 90
7 97 110
7 98 58
7 99 120
8 1 128
8 2 97
8 3 62
8 4 76
8 5 142
8 6 143
8 7 93
8 9 130
8 10 124
8 11 72
8 12 147
8 13 87
8 14 148
8 15 55
8 16 140
8 17 141
8 18 107
8 19 50
8 20 52
8 21 117
8 22 98
8 23 134
8 24 86
8 25 72
8 26 95
8 27 111
8 28 109
8 29 74
8 30 112
8 31 57
8 32 67
8 33 119
8 34 121
8 35 58
8 36 105
8 37 62
8 38 85
8 39 83
8 40 93
8 41 126
8 42 76
8 43 141
8 44 137
8 45 149
8 46 149
8 47 148
8 48 141
8 49 147
8 50 87
8 51 59
8 52 99
8 53 82
8 54 134
8 55 135
8 56 103
8 57 69
8 58 76
8 59 115
8 60 75
8 61 84
8 62 131
8 63 117
8 64 118
8 65 149
8 66 123
8 67 93
8 68 119
8 69 122
8 70 93
8 71 50
8 72 75
8 73 110
8 74 78
8 75 107
8 76 135
8 77 141
8 78 81
8 79 76
8 80 109
8 81 95
8 82 145
8 83 133
8 84 75
8 85 89
8 86 137
8 87 101
8 88 112
8 89 63
8 90 82
8 91 77
8 92 78
8 93 75
8 94 66
8 95 147
8 96 67
8 97 114
8 98 116
8 99 141
9 1 78
9 2 137
9 3 89
9 4 130
9 5 83
9 6 96
9 7 72
9 8 130
9 10 53
9 11 97
9 12 83
9 13 138
9 14 102
9 15 68
9 16 113
9 17 66
9 18 103
9 19 116
9 20 124
9 21 91
9 22 66
9 23 106
9 24 105
9 25 53
9 26 72
9 27 99
9 28 147
9 29 50
9 30 105
9 31 73
9 32 113
9 33 69
9 34 146
9 35 146
9 36 138
9 37 146
9 38 137
9 39 62
9 40 140
9 41 132
9 42 76
9 43 93
9 44 99
9 45 149
9 46 121
9 47 76
9 48 75
9 49 77
9 50 78
9 51 58
9 52 138
9 53 149
9 54 111
9 55 109
9 56 90
9 57 137
9 58 101
9 59 143
9 60 87
9 61 76
9 62 106
9 63 82
9 64 133
9 65 101
9 66 91
9 67 83
9 68 87
9 69 105
9 70 96
9 71 91
9 72 122
9 73 126
9 74 78
9 75 50
9 76 92
9 77 122
9 78 68
9 79 119
9 80 85
9 81 138
9 82 89
9 83 88
9 84 100
9 85 148
9 86 129
9 87 74
9 88 140
9 89 111
9 90 52
9 91 50
9 92 97
9 93 74
9 94 120
9 95 107
9 96 69
9 97 79
9 98 78
9 99 146
10 1 114
10 2 60
10 3 124
10 4 67
10 5 149
10 6 60
10 7 126
10 8 124
10 9 53
10 11 110
10 12 129
10 13 67
10 14 118
10 15 129
10 16 91
10 17 142
10 18 107
10 19 133
10 20 133
10 21 99
10 22 130
10 23 56
10 24 107
10 25 119
10 26 52
10 27 70
10 28 142
10 29 107
10 30 60
10 31 89
10 32 113
10 33 142
10 34 66
10 35 81
10 36 54
10 37 85
10 38 128
10 39 53
10 40 125
10 41 112
10 42 109
10 43 145
10 44 112
10 45 106
10 46 80
10 47 99
10 48 90
10 49 115
10 50 91
10 51 66
10 52 90
10 53 149
10 54 127
10 55 148
10 56 94
10 57 132
10 58 87
10 59 124
10 60 102
10 61 84
10 62 88
10 63 126
10 64 102
10 65 103
10 66 124
10 67 108
10 68 58
10 69 97
10 70 135
10 71 108
10 72 95
10 73 99
10 74 56
10 75 119
10 76 66
10 77 127
10 78 132
10 79 115
10 80 82
10 81 71
10 82 84
10 83 109
10 84 116
10 85 84
10 86 138
10 87 71
10 88 95
10 89 53
10 90 139
10 91 89
10 92 79
10 93 146
10 94 58
10 95 136
10 96 133
10 97 141
10 98 87
10 99 54
11 1 89
11 2 113
11 3 50
11 4 75
11 5 65
11 6 84
11 7 81
11 8 72
11 9 97
11 10 110
11 12 87
11 13 55
11 14 82
11 15 82
11 16 126
11 17 142
11 18 145
11 19 102
11 20 111
11 21 81
11 22 94
11 23 88
11 24 58
11 25 101
11 26 52
11 27 145
11 28 76
11 29 113
11 30 142
11 31 125
11 32 59
11 33 81
11 34 120
11 35 87
11 36 68
11 37 114
11 38 100
11 39 53
11 40 143
11 41 99
11 42 107
11 43 62
11 44 99
11 45 127
11 46 97
11 47 126
11 48 124
11 49 90
11 50 131
11 51 100
11 52 136
11 53 109
11 54 113
11 55 111
11 56 106
11 57 96
11 58 82
11 59 134
11 60 119
11 61 123
11 62 117
11 63 71
11 64 105
11 65 106
11 66 127
11 67 102
11 68 58
11 69 54
11 70 62
11 71 116
11 72 52
11 73 150
11 74 50
11 75 52
11 76 59
11 77 127
11 78 109
11 79 84
11 80 104
11 81 70
11 82 149
11 83 92
11 84 138
11 85 109
11 86 136
11 87 126
11 88 98
11 89 131
11 90 72
11 91 126
11 92 116
11 93 141
11 94 131
11 95 75
11 96 137
11 97 71
11 98 85
11 99 127
12 1 147
12 2 144
12 3 102
12 4 55
12 5 123
12 6 141
12 7 92
12 8 147
12 9 83
12 10 129
12 11 87
12 13 58
12 14 148
12 15 139
12 16 75
12 17 68
12 18 103
12 19 112
12 20 105
12 21 56
12 22 117
12 23 150
12 24 67
12 25 141
12 26 68
12 27 55
12 28 54
12 29 98
12 30 121
12 31 51
12 32 61
12 33 70
12 34 69
12 35 150
12 36 73
12 37 96
12 38 57
12 39 133
12 40 131
12 41 72
12 42 81
12 43 64
12 44 107
12 45 105
12 46 130
12 47 63
12 48 115
12 49 121
12 50 99
12 51 60
12 52 134
12 53 99
12 54 55
12 55 118
12 56 100
12 57 74
12 58 87
12 59 76
12 60 77
12 61 85
12 62 117
12 63 69
12 64 81
12 65 77
12 66 72
12 67 122
12 68 95
12 69 90
12 70 144
12 71 95
12 72 103
12 73 107
12 74 70
12 75 56
12 76 87
12 77 148
12 78 115
12 79 75
12 80 137
12 81 63
12 82 128
12 83 135
12 84 102
12 85 81
12 86 99
12 87 108
12 88 115
12 89 51
12 90 94
12 91 134
12 92 113
12 93 77
12 94 115
12 95 70
12 96 137
12 97 117
12 98 120
12 99 100
13 1 59
13 2 149
13 3 50
13 4 66
13 5 95
13 6 140
13 7 73
13 8 87
13 9 138
13 10 67
13 11 55
13 12 58
13 14 71
13 15 131
13 16 51
13 17 57
13 18 61
13 19 116
13 20 126
13 21 76
13 22 92
13 23 83
13 24 77
13 25 89
13 26 107
13 27 58
13 28 57
13 29 147
13 30 55
13 31 135
13 32 117
13 33 77
13 34 127
13 35 103
13 36 111
13 37 139
13 38 109
13 39 112
13 40 129
13 41 83
13 42 140
13 43 77
13 44 146
13 45 91
13 46 114
13 47 129
13 48 121
13 49 111
13 50 68
13 51 72
13 52 105
13 53 71
13 54 145
13 55 130
13 56 150
13 57 136
13 58 72
13 59 110
13 60 93
13 61 59
13 62 98
13 63 114
13 64 130
13 65 70
13 66 88
13 67 113
13 68 61
13 69 57
13 70 116
13 71 80
13 72 108
13 73 61
13 74 125
13 75 117
13 76 150
13 77 81
13 78 75
13 79 145
13 80 132
13 81 92
13 82 150
13 83 93
13 84 104
13 85 87
13 86 115
13 87 94
13 88 150
13 89 102
13 90 112
13 91 54
13 92 149
13 93 149
13 94 91
13 95 55
13 96 60
13 97 88
13 98 85
13 99 50
14 1 108
14 2 69
14 3 97
14 4 60
14 5 53
14 6 75
14 7 93
14 8 148
14 9 102
14 10 118
14 11 82
14 12 148
14 13 71
14 15 120
14 16 89
14 17 72
14 18 86
14 19 117
14 20 75
14 21 67
14 22 64
14 23 52
14 24 139
14 25 134
14 26 100
14 27 60
14 28 124
14 29 123
14 30 101
14 31 59
14 32 136
14 33 148
14 34 131
14 35 87
14 36 80
14 37 117
14 38 67
14 39 107
14 40 131
14 41 124
14 42 124
14 43 107
14 44 144
14 45 115
14 46 116
14 47 126
14 48 137
14 49 96
14 50 54
14 51 97
14 52 121
14 53 72
14 54 89
14 55 133
14 56 132
14 57 109
14 58 111
14 59 124
14 60 146
14 61 116
14 62 56
14 63 130
14 64 118
14 65 77
14 66 106
14 67 72
14 68 50
14 69 140
14 70 57
14 71 133
14 72 141
14 73 71
14 74 51
14 75 63
14 76 123
14 77 79
14 78 92
14 79 134
14 80 135
14 81 60
14 82 89
14 83 145
14 84 98
14 85 141
14 86 87
14 87 136
14 88 132
14 89 65
14 90 71
14 91 112
14 92 110
14 93 98
14 94 61
14 95 146
14 96 125
14 97 125
14 98 82
14 99 58
15 1 148
15 2 80
15 3 67
15 4 70
15 5 72
15 6 80
15 7 54
15 8 55
15 9 68
15 10 129
15 11 82
15 12 139
15 13 131
15 14 120
15 16 103
15 17 147
15 18 145
15 19 105
15 20 116
15 21 99
15 22 67
15 23 124
15 24 84
15 25 83
15 26 125
15 27 84
15 28 92
15 29 139
15 30 66
15 31 95
15 32 143
15 33 66
15 34 143
15 35 69
15 36 68
15 37 139
15 38 116
15 39 119
15 40 131
15 41 75
15 42 71
15 43 137
15 44 89
15 45 56
15 46 105
15 47 65
15 48 90
15 49 128
15 50 90
15 51 103
15 52 95
15 53 147
15 54 55
15 55 142
15 56 111
15 57 51
15 58 105
15 59 125
15 60 68
15 61 70
15 62 66
15 63 132
15 64 130
15 65 125
15 66 63
15 67 64
15 68 69
15 69 113
15 70 110
15 71 68
15 72 122
15 73 59
15 74 112
15 75 95
15 76 109
15 77 79
15 78 83
15 79 101
15 80 92
15 81 149
15 82 122
15 83 114
15 84 89
15 85 96
15 86 103
15 87 102
15 88 74
15 89 90
15 90 143
15 91 110
15 92 97
15 93 119
15 94 137
15 95 94
15 96 61
15 97 54
15 98 107
15 99 63
16 1 120
16 2 124
16 3 94
16 4 90
16 5 113
16 6 93
16 7 109
16 8 140
16 9 113
16 10 91
16 11 126
16 12 75
16 13 51
16 14 89
16 15 103
16 17 88
16 18 134
16 19 80
16 20 124
16 21 131
16 22 111
16 23 108
16 24 122
16 25 63
16 26 135
16 27 101
16 28 55
16 29 80
16 30 99
16 31 126
16 32 85
16 33 90
16 34 116
16 35 73
16 36 81
16 37 58
16 38 125
16 39 80
16 40 84
16 41 98
16 42 129
16 43 111
16 44 80
16 45 65
16 46 126
16 47 129
16 48 139
16 49 110
16 50 57
16 51 62
16 52 61
16 53 92
16 54 146
16 55 114
16 56 136
16 57 65
16 58 140
16 59 90
16 60 69
16 61 149
16 62 108
16 63 111
16 64 77
16 65 74
16 66 90
16 67 102
16 68 125
16 69 82
16 70 118
16 71 132
16 72 51
16 73 87
16 74 110
16 75 70
16 76 86
16 77 99
16 78 74
16 79 97
16 80 98
16 81 79
16 82 116
16 83 144
16 84 106
16 85 79
16 86 150
16 87 82
16 88 64
16 89 71
16 90 112
16 91 134
16 92 71
16 93 121
16 94 122
16 95 115
16 96 119
16 97 58
16 98 100
16 99 132
17 1 120
17 2 58
17 3 81
17 4 96
17 5 76
17 6 132
17 7 148
17 8 141
17 9 66
17 10 142
17 11 142
17 12 68
17 13 57
17 14 72
17 15 147
17 16 88
17 18 138
17 19 91
17 20 70
17 21 91
17 22 150
17 23 63
17 24 105
17 25 110
17 26 94
17 27 107
17 28 81
17 29 105
17 30 127
17 31 114
17 32 107
17 33 106
17 34 56
17 35 69
17 36 67
17 37 114
17 38 137
17 39 126
17 40 78
17 41 97
17 42 128
17 43 91
17 44 91
17 45 130
17 46 133
17 47 52
17 48 106
17 49 149
17 50 61
17 51 148
17 52 94
17 53 64
17 54 122
17 55 93
17 56 133
17 57 110
17 58 111
17 59 57
17 60 130
17 61 96
17 62 90
17 63 70
17 64 103
17 65 104
17 66 100
17 67 110
17 68 88
17 69 104
17 70 124
17 71 67
17 72 146
17 73 96
17 74 115
17 75 138
17 76 148
17 77 116
17 78 67
17 79 75
17 80 60
17 81 102
17 82 77
17 83 52
17 84 72
17 85 149
17 86 121
17 87 114
17 88 113
17 89 140
17 90 84
17 91 76
17 92 99
17 93 68
17 94 88
17 95 52
17 96 64
17 97 74
17 98 60
17 99 105
18 1 135
18 2 136
18 3 94
18 4 96
18 5 112
18 6 114
18 7 95
18 8 107
18 9 103
18 10 107
18 11 145
18 12 103
18 13 61
18 14 86
18 15 145
18 16 134
18 17 138
18 19 71
18 20 73
18 21 74
18 22 104
18 23 109
18 24 111
18 25 149
18 26 65
18 27 89
18 28 103
18 29 90
18 30 87
18 31 86
18 32 129
18 33 111
18 34 65
18 35 120
18 36 57
18 37 111
18 38 58
18 39 57
18 40 77
18 41 61
18 42 116
18 43 100
18 44 93
18 45 118
18 46 51
18 47 78
18 48 149
18 49 133
18 50 123
18 51 81
18 52 57
18 53 72
18 54 141
18 55 123
18 56 88
18 57 70
18 58 131
18 59 121
18 60 71
18 61 57
18 62 95
18 63 85
18 64 59
18 65 100
18 66 129
18 67 142
18 68 95
18 69 70
18 70 107
18 71 50
18 72 122
18 73 72
18 74 147
18 75 126
18 76 67
18 77 54
18 78 131
18 79 95
18 80 98
18 81 146
18 82 68
18 83 51
18 84 56
18 85 53
18 86 123
18 87 52
18 88 111
18 89 52
18 90 94
18 91 79
18 92 127
18 93 122
18 94 141
18 95 50
18 96 87
18 97 143
18 98 86
18 99 148
19 1 56
19 2 123
19 3 94
19 4 82
19 5 118
19 6 71
19 7 119
19 8 50
19 9 116
19 10 133
19 11 102
19 12 112
19 13 116
19 14 117
19 15 105
19 16 80
19 17 91
19 18 71
19 20 77
19 21 56
19 22 56
19 23 128
19 24 118
19 25 78
19 26 77
19 27 99
19 28 90
19 29 131
19 30 122
19 31 145
19 32 78
19 33 81
19 34 75
19 35 57
19 36 137
19 37 111
19 38 52
19 39 79
19 40 124
19 41 90
19 42 148
19 43 69
19 44 52
19 45 103
19 46 119
19 47 126
19 48 57
19 49 130
19 50 68
19 51 99
19 52 73
19 53 143
19 54 108
19 55 79
19 56 145
19 57 81
19 58 141
19 59 75
19 60 104
19 61 110
19 62 118
19 63 80
19 64 109
19 65 92
19 66 87
19 67 60
19 68 87
19 69 58
19 70 130
19 71 57
19 72 104
19 73 53
19 74 137
19 75 53
19 76 88
19 77 129
19 78 89
19 79 53
19 80 61
19 81 93
19 82 80
19 83 54
19 84 87
19 85 144
19 86 127
19 87 148
19 88 87
19 89 137
19 90 72
19 91 103
19 92 91
19 93 121
19 94 112
19 95 79
19 96 87
19 97 77
19 98 138
19 99 119
20 1 108
20 2 98
20 3 60
20 4 150
20 5 79
20 6 100
20 7 148
20 8 52
20 9 124
20 10 133
20 11 111
20 12 105
20 13 126
20 14 75
20 15 116
20 16 124
20 17 70
20 18 73
20 19 77
20 21 143
20 22 149
20 23 130
20 24 87
20 25 102
20 26 125
20 27 141
20 28 126
20 29 122
20 30 55
20 31 81
20 32 99
20 33 72
20 34 113
20 35 85
20 36 139
20 37 65
20 38 117
20 39 101
20 40 80
20 41 98
20 42 118
20 43 84
20 44 77
20 45 72
20 46 87
20 47 52
20 48 95
20 49 67
20 50 107
20 51 78
20 52 143
20 53 118
20 54 124
20 55 72
20 56 76
20 57 77
20 58 56
20 59 59
20 60 132
20 61 141
20 62 112
20 63 91
20 64 90
20 65 55
20 66 59
20 67 58
20 68 110
20 69 71
20 70 124
20 71 111
20 72 123
20 73 111
20 74 61
20 75 65
20 76 56
20 77 88
20 78 117
20 79 52
20 80 107
20 81 72
20 82 55
20 83 72
20 84 108
20 85 106
20 86 107
20 87 124
20 88 123
20 89 132
20 90 88
20 91 66
20 92 141
20 93 126
20 94 53
20 95 71
20 96 139
20 97 89
20 98 138
20 99 133
21 1 61
21 2 55
21 3 111
21 4 133
21 5 98
21 6 133
21 7 114
21 8 117
21 9 91
21 10 99
21 11 81
21 12 56
21 13 76
21 14 67
21 15 99
21 16 131
21 17 91
21 18 74
21 19 56
21 20 143
21 22 91
21 23 55
21 24 123
21 25 138
21 26 87
21 27 77
21 28 85
21 29 117
21 30 56
21 31 122
21 32 58
21 33 119
21 34 116
21 35 112
21 36 113
21 37 72
21 38 126
21 39 99
21 40 104
21 41 97
21 42 73
21 43 100
21 44 113
21 45 72
21 46 136
21 47 76
21 48 84
21 49 148
21 50 138
21 51 94
21 52 71
21 53 120
21 54 129
21 55 132
21 56 98
21 57 105
21 58 65
21 59 126
21 60 65
21 61 72
21 62 54
21 63 102
21 64 74
21 65 89
21 66 70
21 67 94
21 68 70
21 69 130
21 70 60
21 71 129
21 72 79
21 73 83
21 74 144
21 75 149
21 76 107
21 77 121
21 78 84
21 79 109
21 80 85
21 81 132
21 82 53
21 83 137
21 84 107
21 85 54
21 86 77
21 87 75
21 88 150
21 89 136
21 90 122
21 91 139
21 92 80
21 93 93
21 94 98
21 95 113
21 96 123
21 97 141
21 98 114
21 99 109
22 1 123
22 2 78
22 3 77
22 4 50
22 5 137
22 6 95
22 7 146
22 8 98
22 9 66
22 10 130
22 11 94
22 12 117
22 13 92
22 14 64
22 15 67
22 16 111
22 17 150
22 18 104
22 19 56
22 20 149
22 21 91
22 23 146
22 24 57
22 25 139
22 26 103
22 27 98
22 28 107
22 29 117
22 30 120
22 31 70
22 32 56
22 33 91
22 34 52
22 35 137
22 36 55
22 37 78
22 38 143
22 39 71
22 40 117
22 41 121
22 42 59
22 43 52
22 44 105
22 45 88
22 46 120
22 47 77
22 48 112
22 49 96
22 50 86
22 51 53
22 52 56
22 53 119
22 54 72
22 55 56
22 56 115
22 57 116
22 58 92
22 59 52
22 60 94
22 61 68
22 62 58
22 63 133
22 64 88
22 65 141
22 66 55
22 67 120
22 68 66
22 69 121
22 70 51
22 71 75
22 72 73
22 73 116
22 74 87
22 75 147
22 76 141
22 77 114
22 78 117
22 79 118
22 80 116
22 81 74
22 82 130
22 83 145
22 84 105
22 85 80
22 86 82
22 87 67
22 88 55
22 89 119
22 90 108
22 91 91
22 92 147
22 93 66
22 94 85
22 95 110
22 96 144
22 97 115
22 98 147
22 99 52
23 1 96
23 2 98
23 3 120
23 4 136
23 5 92
23 6 124
23 7 89
23 8 134
23 9 106
23 10 56
23 11 88
23 12 150
23 13 83
23 14 52
23 15 124
23 16 108
23 17 63
23 18 109
23 19 128
23 20 130
23 21 55
23 22 146
23 24 119
23 25 88
23 26 114
23 27 107
23 28 93
23 29 99
23 30 87
23 31 123
23 32 119
23 33 117
23 34 125
23 35 64
23 36 115
23 37 114
23 38 80
23 39 88
23 40 146
23 41 130
23 42 128
23 43 108
23 44 134
23 45 58
23 46 147
23 47 50
23 48 109
23 49 67
23 50 110
23 51 79
23 52 64
23 53 98
23 54 85
23 55 125
23 56 88
23 57 67
23 58 133
23 59 107
23 60 97
23 61 60
23 62 147
23 63 116
23 64 144
23 65 116
23 66 95
23 67 87
23 68 118
23 69 96
23 70 117
23 71 86
23 72 106
23 73 72
23 74 112
23 75 110
23 76 89
23 77 112
23 78 106
23 79 136
23 80 105
23 81 88
23 82 98
23 83 149
23 84 134
23 85 133
23 86 130
23 87 135
23 88 82
23 89 147
23 90 71
23 91 91
23 92 65
23 93 108
23 94 137
23 95 50
23 96 57
23 97 106
23 98 139
23 99 112
24 1 117
24 2 100
24 3 51
24 4 136
24 5 53
24 6 68
24 7 50
24 8 86
24 9 105
24 10 107
24 11 58
24 12 67
24 13 77
24 14 139
24 15 84
24 16 122
24 17 105
24 18 111
24 19 118
24 20 87
24 21 123
24 22 57
24 23 119
24 25 87
24 26 84
24 27 68
24 28 52
24 29 96
24 30 115
24 31 128
24 32 111
24 33 76
24 34 78
24 35 73
24 36 104
24 37 132
24 38 69
24 39 148
24 40 114
24 41 81
24 42 56
24 43 116
24 44 107
24 45 141
24 46 147
24 47 51
24 48 98
24 49 53
24 50 61
24 51 103
24 52 100
24 53 92
24 54 77
24 55 111
24 56 87
24 57 107
24 58 123
24 59 114
24 60 136
24 61 85
24 62 81
24 63 50
24 64 73
24 65 133
24 66 100
24 67 100
24 68 116
24 69 55
24 70 123
24 71 145
24 72 95
24 73 120
24 74 120
24 75 106
24 76 99
24 77 131
24 78 75
24 79 81
24 80 78
24 81 136
24 82 148
24 83 129
24 84 96
24 85 94
24 86 108
24 87 100
24 88 93
24 89 100
24 90 135
24 91 82
24 92 112
24 93 118
24 94 53
24 95 80
24 96 109
24 97 117
24 98 127
24 99 126
25 1 131
25 2 99
25 3 117
25 4 65
25 5 135
25 6 52
25 7 125
25 8 72
25 9 53
25 10 119
25 11 101
25 12 141
25 13 89
25 14 134
25 15 83
25 16 63
25 17 110
25 18 149
25 19 78
25 20 102
25 21 138
25 22 139
25 23 88
25 24 87
25 26 112
25 27 66
25 28 59
25 29 100
25 30 78
25 31 54
25 32 133
25 33 140
25 34 120
25 35 68
25 36 96
25 37 96
25 38 81
25 39 80
25 40 116
25 41 148
25 42 52
25 43 89
25 44 73
25 45 111
25 46 132
25 47 75
25 48 65
25 49 139
25 50 90
25 51 95
25 52 65
25 53 102
25 54 115
25 55 63
25 56 116
25 57 135
25 58 69
25 59 74
25 60 147
25 61 99
25 62 128
25 63 57
25 64 103
25 65 144
25 66 115
25 67 103
25 68 131
25 69 72
25 70 142
25 71 132
25 72 124
25 73 142
25 74 75
25 75 145
25 76 126
25 77 98
25 78 67
25 79 144
25 80 138
25 81 139
25 82 135
25 83 59
25 84 123
25 85 94
25 86 120
25 87 104
25 88 62
25 89 64
25 90 95
25 91 85
25 92 138
25 93 90
25 94 101
25 95 122
25 96 55
25 97 100
25 98 87
25 99 85
26 1 50
26 2 135
26 3 147
26 4 150
26 5 88
26 6 108
26 7 104
26 8 95
26 9 72
26 10 52
26 11 52
26 12 68
26 13 107
26 14 100
26 15 125
26 16 135
26 17 94
26 18 65
26 19 77
26 20 125
26 21 87
26 22 103
26 23 114
26 24 84
26 25 112
26 27 68
26 28 58
26 29 99
26 30 145
26 31 114
26 32 54
26 33 111
26 34 121
26 35 128
26 36 97
26 37 73
26 38 53
26 39 143
26 40 104
26 41 126
26 42 82
26 43 141
26 44 124
26 45 68
26 46 102
26 47 50
26 48 140
26 49 103
26 50 93
26 51 96
26 52 106
26 53 72
26 54 141
26 55 144
26 56 88
26 57 89
26 58 72
26 59 91
26 60 70
26 61 96
26 62 135
26 63 87
26 64 74
26 65 59
26 66 141
26 67 110
26 68 61
26 69 100
26 70 61
26 71 106
26 72 131
26 73 134
26 74 149
26 75 144
26 76 58
26 77 119
26 78 119
26 79 87
26 80 126
26 81 75
26 82 88
26 83 102
26 84 102
26 85 62
26 86 137
26 87 88
26 88 57
26 89 87
26 90 91
26 91 145
26 92 65
26 93 127
26 94 113
26 95 106
26 96 120
26 97 119
26 98 79
26 99 63
27 1 99
27 2 79
27 3 69
27 4 60
27 5 79
27 6 136
27 7 147
27 8 111
27 9 99
27 10 70
27 11 145
27 12 55
27 13 58
27 14 60
27 15 84
27 16 101
27 17 107
27 18 89
27 19 99
27 20 141
27 21 77
27 22 98
27 23 107
27 24 68
27 25 66
27 26 68
27 28 71
27 29 119
27 30 99
27 31 134
27 32 54
27 33 70
27 34 142
27 35 51
27 36 55
27 37 84
27 38 140
27 39 91
27 40 110
27 41 101
27 42 73
27 43 143
27 44 102
27 45 134
27 46 82
27 47 62
27 48 77
27 49 85
27 50 84
27 51 133
27 52 67
27 53 98
27 54 67
27 55 61
27 56 121
27 57 128
27 58 90
27 59 55
27 60 81
27 61 111
27 62 123
27 63 62
27 64 113
27 65 57
27 66 77
27 67 125
27 68 81
27 69 141
27 70 148
27 71 109
27 72 70
27 73 143
27 74 64
27 75 125
27 76 72
27 77 128
27 78 64
27 79 66
27 80 112
27 81 134
27 82 64
27 83 107
27 84 117
27 85 90
27 86 126
27 87 97
27 88 124
27 89 145
27 90 65
27 91 104
27 92 135
27 93 75
27 94 145
27 95 54
27 96 64
27 97 93
27 98 115
27 99 89
28 1 121
28 2 93
28 3 74
28 4 54
28 5 120
28 6 96
28 7 62
28 8 109
28 9 147
28 10 142
28 11 76
28 12 54
28 13 57
28 14 124
28 15 92
28 16 55
28 17 81
28 18 103
28 19 90
28 20 126
28 21 85
28 22 107
28 23 93
28 24 52
28 25 59
28 26 58
28 27 71
28 29 100
28 30 60
28 31 133
28 32 108
28 33 135
28 34 91
28 35 105
28 36 133
28 37 50
28 38 80
28 39 149
28 40 141
28 41 145
28 42 92
28 43 148
28 44 133
28 45 149
28 46 150
28 47 140
28 48 137
28 49 80
28 50 117
28 51 106
28 52 115
28 53 56
28 54 110
28 55 141
28 56 58
28 57 109
28 58 81
28 59 60
28 60 65
28 61 58
28 62 138
28 63 52
28 64 100
28 65 131
28 66 85
28 67 130
28 68 150
28 69 80
28 70 62
28 71 86
28 72 75
28 73 119
28 74 108
28 75 92
28 76 104
28 77 94
28 78 147
28 79 115
28 80 100
28 81 76
28 82 93
28 83 95
28 84 75
28 85 110
28 86 114
28 87 133
28 88 127
28 89 93
28 90 86
28 91 89
28 92 142
28 93 142
28 94 69
28 95 150
28 96 142
28 97 91
28 98 137
28 99 100
29 1 141
29 2 59
29 3 147
29 4 105
29 5 109
29 6 76
29 7 115
29 8 74
29 9 50
29 10 107
29 11 113
29 12 98
29 13 147
29 14 123
29 15 139
29 16 80
29 17 105
29 18 90
29 19 131
29 20 122
29 21 117
29 22 117
29 23 99
29 24 96
29 25 100
29 26 99
29 27 119
29 28 100
29 30 116
29 31 70
29 32 68
29 33 117
29 34 124
29 35 110
29 36 56
29 37 120
29 38 101
29 39 108
29 40 75
29 41 54
29 42 85
29 43 86
29 44 90
29 45 114
29 46 117
29 47 97
29 48 127
29 49 124
29 50 59
29 51 81
29 52 84
29 53 108
29 54 111
29 55 59
29 56 105
29 57 132
29 58 138
29 59 83
29 60 107
29 61 134
29 62 86
29 63 118
29 64 109
29 65 148
29 66 109
29 67 131
29 68 54
29 69 106
29 70 74
29 71 56
29 72 148
29 73 91
29 74 111
29 75 133
29 76 136
29 77 125
29 78 126
29 79 126
29 80 129
29 81 73
29 82 68
29 83 127
29 84 108
29 85 52
29 86 125
29 87 142
29 88 108
29 89 73
29 90 77
29 91 61
29 92 79
29 93 103
29 94 130
29 95 127
29 96 140
29 97 130
29 98 142
29 99 72
30 1 106
30 2 70
30 3 150
30 4 77
30 5 67
30 6 142
30 7 58
30 8 112
30 9 105
30 10 60
30 11 142
30 12 121
30 13 55
30 14 101
30 15 66
30 16 99
30 17 127
30 18 87
30 19 122
30 20 55
30 21 56
30 22 120
30 23 87
30 24 115
30 25 78
30 26 145
30 27 99
30 28 60
30 29 116
30 31 108
30 32 89
30 33 94
30 34 90
30 35 89
30 36 132
30 37 95
30 38 98
30 39 68
30 40 97
30 41 57
30 42 120
30 43 101
30 44 51
30 45 74
30 46 89
30 47 86
30 48 88
30 49 107
30 50 80
30 51 57
30 52 140
30 53 113
30 54 109
30 55 76
30 56 89
30 57 123
30 58 95
30 59 94
30 60 80
30 61 56
30 62 92
30 63 65
30 64 143
30 65 63
30 66 58
30 67 137
30 68 119
30 69 149
30 70 91
30 71 142
30 72 70
30 73 73
30 74 125
30 75 124
30 76 105
30 77 149
30 78 93
30 79 115
30 80 73
30 81 90
30 82 68
30 83 101
30 84 138
30 85 109
30 86 138
30 87 85
30 88 141
30 89 83
30 90 149
30 91 93
30 92 65
30 93 61
30 94 117
30 95 70
30 96 142
30 97 131
30 98 126
30 99 143
31 1 98
31 2 108
31 3 82
31 4 128
31 5 65
31 6 98
31 7 140
31 8 57
31 9 73
31 10 89
31 11 125
31 12 51
31 13 135
31 14 59
31 15 95
31 16 126
31 17 114
31 18 86
31 19 145
31 20 81
31 21 122
31 22 70
31 23 123
31 24 128
31 25 54
31 26 114
31 27 134
31 28 133
31 29 70
31 30 108
31 32 71
31 33 111
31 34 148
31 35 53
31 36 55
31 37 105
31 38 64
31 39 94
31 40 104
31 41 99
31 42 72
31 43 80
31 44 95
31 45 140
31 46 111
31 47 66
31 48 93
31 49 125
31 50 146
31 51 125
31 52 91
31 53 70
31 54 65
31 55 118
31 56 129
31 57 147
31 58 103
31 59 90
31 60 52
31 61 131
31 62 137
31 63 98
31 64 149
31 65 75
31 66 125
31 67 88
31 68 114
31 69 81
31 70 91
31 71 118
31 72 133
31 73 93
31 74 80
31 75 56
31 76 139
31 77 100
31 78 53
31 79 138
31 80 148
31 81 103
31 82 59
31 83 145
31 84 148
31 85 56
31 86 61
31 87 103
31 88 80
31 89 126
31 90 83
31 91 105
31 92 120
31 93 126
31 94 120
31 95 145
31 96 57
31 97 148
31 98 75
31 99 73
32 1 109
32 2 59
32 3 80
32 4 92
32 5 94
32 6 86
32 7 139
32 8 67
32 9 113
32 10 113
32 11 59
32 12 61
32 13 117
32 14 136
32 15 143
32 16 85
32 17 107
32 18 129
32 19 78
32 20 99
32 21 58
32 22 56
32 23 119
32 24 111
32 25 133
32 26 54
32 27 54
32 28 108
32 29 68
32 30 89
32 31 71
32 33 65
32 34 142
32 35 79
32 36 58
32 37 89
32 38 57
32 39 126
32 40 83
32 41 124
32 42 69
32 43 139
32 44 88
32 45 148
32 46 133
32 47 107
32 48 146
32 49 130
32 50 128
32 51 144
32 52 78
32 53 131
32 54 118
32 55 128
32 56 73
32 57 111
32 58 78
32 59 105
32 60 66
32 61 144
32 62 57
32 63 97
32 64 114
32 65 112
32 66 119
32 67 84
32 68 149
32 69 101
32 70 54
32 71 68
32 72 53
32 73 80
32 74 122
32 75 63
32 76 98
32 77 128
32 78 77
32 79 137
32 80 125
32 81 94
32 82 131
32 83 121
32 84 106
32 85 60
32 86 86
32 87 63
32 88 68
32 89 114
32 90 84
32 91 107
32 92 100
32 93 66
32 94 146
32 95 136
32 96 53
32 97 125
32 98 81
32 99 50
33 1 131
33 2 143
33 3 91
33 4 92
33 5 69
33 6 129
33 7 113
33 8 119
33 9 69
33 10 142
33 11 81
33 12 70
33 13 77
33 14 148
33 15 66
33 16 90
33 17 106
33 18 111
33 19 81
33 20 72
33 21 119
33 22 91
33 23 117
33 24 76
33 25 140
33 26 111
33 27 70
33 28 135
33 29 117
33 30 94
33 31 111
33 32 65
33 34 71
33 35 86
33 36 130
33 37 107
33 38 82
33 39 51
33 40 126
33 41 136
33 42 150
33 43 82
33 44 74
33 45 110
33 46 77
33 47 128
33 48 107
33 49 116
33 50 74
33 51 121
33 52 116
33 53 140
33 54 79
33 55 113
33 56 144
33 57 127
33 58 98
33 59 127
33 60 135
33 61 138
33 62 74
33 63 115
33 64 121
33 65 79
33 66 62
33 67 122
33 68 106
33 69 69
33 70 78
33 71 138
33 72 116
33 73 136
33 74 61
33 75 62
33 76 145
33 77 98
33 78 54
33 79 69
33 80 78
33 81 103
33 82 138
33 83 77
33 84 93
33 85 120
33 86 113
33 87 134
33 88 56
33 89 56
33 90 72
33 91 132
33 92 106
33 93 146
33 94 150
33 95 93
33 96 129
33 97 138
33 98 86
33 99 94
34 1 61
34 2 122
34 3 63
34 4 149
34 5 120
34 6 118
34 7 105
34 8 121
34 9 146
34 10 66
34 11 120
34 12 69
34 13 127
34 14 131
34 15 143
34 16 116
34 17 56
34 18 65
34 19 75
34 20 113
34 21 116
34 22 52
34 23 125
34 24 78
34 25 120
34 26 121
34 27 142
34 28 91
34 29 124
34 30 90
34 31 148
34 32 142
34 33 71
34 35 145
34 36 86
34 37 74
34 38 137
34 39 55
34 40 140
34 41 130
34 42 94
34 43 97
34 44 114
34 45 150
34 46 133
34 47 150
34 48 141
34 49 85
34 50 126
34 51 144
34 52 85
34 53 77
34 54 136
34 55 117
34 56 129
34 57 94
34 58 94
34 59 129
34 60 114
34 61 144
34 62 89
34 63 65
34 64 111
34 65 131
34 66 60
34 67 56
34 68 68
34 69 51
34 70 128
34 71 51
34 72 145
34 73 122
34 74 127
34 75 148
34 76 134
34 77 99
34 78 121
34 79 137
34 80 147
34 81 97
34 82 98
34 83 147
34 84 64
34 85 89
34 86 150
34 87 113
34 88 73
34 89 139
34 90 60
34 91 126
34 92 69
34 93 133
34 94 56
34 95 88
34 96 121
34 97 113
34 98 57
34 99 52
35 1 55
35 2 78
35 3 77
35 4 106
35 5 90
35 6 60
35 7 98
35 8 58
35 9 146
35 10 81
35 11 87
35 12 150
35 13 103
35 14 87
35 15 69
35 16 73
35 17 69
35 18 120
35 19 57
35 20 85
35 21 112
35 22 137
35 23 64
35 24 73
35 25 68
35 26 128
35 27 51
35 28 105
35 29 110
35 30 89
35 31 53
35 32 79
35 33 86
35 34 145
35 36 137
35 37 126
35 38 146
35 39 66
35 40 130
35 41 97
35 42 68
35 43 128
35 44 101
35 45 53
35 46 76
35 47 135
35 48 77
35 49 55
35 50 59
35 51 142
35 52 142
35 53 89
35 54 83
35 55 145
35 56 50
35 57 86
35 58 142
35 59 133
35 60 89
35 61 64
35 62 62
35 63 149
35 64 111
35 65 62
35 66 115
35 67 97
35 68 88
35 69 133
35 70 93
35 71 75
35 72 117
35 73 85
35 74 77
35 75 148
35 76 130
35 77 57
35 78 123
35 79 117
35 80 133
35 81 107
35 82 118
35 83 105
35 84 93
35 85 127
35 86 83
35 87 85
35 88 125
35 89 71
35 90 113
35 91 85
35 92 91
35 93 107
35 94 114
35 95 131
35 96 117
35 97 57
35 98 94
35 99 75
36 1 147
36 2 116
36 3 129
36 4 113
36 5 136
36 6 91
36 7 87
36 8 105
36 9 138
36 10 54
36 11 68
36 12 73
36 13 111
36 14 80
36 15 68
36 16 81
36 17 67
36 18 57
36 19 137
36 20 139
36 21 113
36 22 55
36 23 115
36 24 104
36 25 96
36 26 97
36 27 55
36 28 133
36 29 56
36 30 132
36 31 55
36 32 58
36 33 130
36 34 86
36 35 137
36 37 76
36 38 130
36 39 65
36 40 60
36 41 92
36 42 133
36 43 117
36 44 51
36 45 90
36 46 135
36 47 81
36 48 144
36 49 98
36 50 86
36 51 61
36 52 124
36 53 132
36 54 119
36 55 59
36 56 96
36 57 116
36 58 81
36 59 132
36 60 134
36 61 109
36 62 84
36 63 120
36 64 146
36 65 58
36 66 101
36 67 119
36 68 133
36 69 139
36 70 108
36 71 123
36 72 145
36 73 142
36 74 58
36 75 130
36 76 114
36 77 124
36 78 52
36 79 99
36 80 130
36 81 107
36 82 125
36 83 116
36 84 79
36 85 82
36 86 133
36 87 62
36 88 85
36 89 90
36 90 144
36 91 111
36 92 95
36 93 78
36 94 111
36 95 62
36 96 52
36 97 114
36 98 82
36 99 75
37 1 87
37 2 119
37 3 73
37 4 136
37 5 109
37 6 137
37 7 72
37 8 62
37 9 146
37 10 85
37 11 114
37 12 96
37 13 139
37 14 117
37 15 139
37 16 58
37 17 114
37 18 111
37 19 111
37 20 65
37 21 72
37 22 78
37 23 114
37 24 132
37 25 96
37 26 73
37 27 84
37 28 50
37 29 120
37 30 95
37 31 105
37 32 89
37 33 107
37 34 74
37 35 126
37 36 76
37 38 126
37 39 64
37 40 116
37 41 120
37 42 130
37 43 104
37 44 55
37 45 140
37 46 102
37 47 143
37 48 150
37 49 101
37 50 88
37 51 73
37 52 80
37 53 144
37 54 142
37 55 65
37 56 51
37 57 68
37 58 86
37 59 61
37 60 94
37 61 69
37 62 87
37 63 144
37 64 96
37 65 103
37 66 139
37 67 98
37 68 50
37 69 100
37 70 110
37 71 105
37 72 93
37 73 147
37 74 146
37 75 73
37 76 100
37 77 139
37 78 55
37 79 57
37 80 83
37 81 141
37 82 106
37 83 111
37 84 53
37 85 115
37 86 94
37 87 74
37 88 139
37 89 134
37 90 137
37 91 68
37 92 130
37 93 132
37 94 107
37 95 139
37 96 149
37 97 132
37 98 64
37 99 102
38 1 111
38 2 143
38 3 50
38 4 70
38 5 87
38 6 76
38 7 129
38 8 85
38 9 137
38 10 128
38 11 100
38 12 57
38 13 109
38 14 67
38 15 116
38 16 125
38 17 137
38 18 58
38 19 52
38 20 117
38 21 126
38 22 143
38 23 80
38 24 69
38 25 81
38 26 53
38 27 140
38 28 80
38 29 101
38 30 98
38 31 64
38 32 57
38 33 82
38 34 137
38 35 146
38 36 130
38 37 126
38 39 64
38 40 102
38 41 104
38 42 102
38 43 121
38 44 63
38 45 134
38 46 54
38 47 101
38 48 75
38 49 88
38 50 91
38 51 140
38 52 81
38 53 124
38 54 132
38 55 71
38 56 115
38 57 98
38 58 135
38 59 136
38 60 103
38 61 126
38 62 92
38 63 145
38 64 114
38 65 55
38 66 125
38 67 64
38 68 122
38 69 129
38 70 117
38 71 129
38 72 73
38 73 100
38 74 81
38 75 105
38 76 79
38 77 141
38 78 63
38 79 63
38 80 54
38 81 135
38 82 116
38 83 95
38 84 77
38 85 145
38 86 87
38 87 137
38 88 51
38 89 105
38 90 120
38 91 95
38 92 91
38 93 74
38 94 81
38 95 120
38 96 125
38 97 107
38 98 101
38 99 111
39 1 98
39 2 130
39 3 99
39 4 86
39 5 110
39 6 74
39 7 148
39 8 83
39 9 62
39 10 53
39 11 53
39 12 133
39 13 112
39 14 107
39 15 119
39 16 80
39 17 126
39 18 57
39 19 79
39 20 101
39 21 99
39 22 71
39 23 88
39 24 148
39 25 80
39 26 143
39 27 91
39 28 149
39 29 108
39 30 68
39 31 94
39 32 126
39 33 51
39 34 55
39 35 66
39 36 65
39 37 64
39 38 64
39 40 85
39 41 133
39 42 55
39 43 71
39 44 136
39 45 73
39 46 107
39 47 121
39 48 147
39 49 149
39 50 50
39 51 89
39 52 110
39 53 98
39 54 123
39 55 103
39 56 114
39 57 91
39 58 125
39 59 58
39 60 105
39 61 99
39 62 78
39 63 127
39 64 132
39 65 97
39 66 91
39 67 101
39 68 113
39 69 97
39 70 140
39 71 106
39 72 105
39 73 70
39 74 110
39 75 105
39 76 146
39 77 144
39 78 99
39 79 50
39 80 123
39 81 76
39 82 106
39 83 93
39 84 119
39 85 78
39 86 96
39 87 112
39 88 116
39 89 114
39 90 90
39 91 149
39 92 110
39 93 137
39 94 87
39 95 66
39 96 115
39 97 121
39 98 127
39 99 145
40 1 112
40 2 117
40 3 108
40 4 93
40 5 137
40 6 87
40 7 133
40 8 93
40 9 140
40 10 125
40 11 143
40 12 131
40 13 129
40 14 131
40 15 131
40 16 84
40 17 78
40 18 77
40 19 124
40 20 80
40 21 104
40 22 117
40 23 146
40 24 114
40 25 116
40 26 104
40 27 110
40 28 141
40 29 75
40 30 97
40 31 104
40 32 83
40 33 126
40 34 140
40 35 130
40 36 60
40 37 116
40 38 102
40 39 85
40 41 99
40 42 110
40 43 55
40 44 128
40 45 141
40 46 113
40 47 85
40 48 67
40 49 124
40 50 136
40 51 133
40 52 149
40 53 127
40 54 96
40 55 80
40 56 121
40 57 119
40 58 52
40 59 97
40 60 57
40 61 82
40 62 86
40 63 109
40 64 90
40 65 112
40 66 54
40 67 123
40 68 92
40 69 96
40 70 79
40 71 130
40 72 68
40 73 93
40 74 93
40 75 111
40 76 100
40 77 98
40 78 79
40 79 100
40 80 105
40 81 89
40 82 86
40 83 119
40 84 142
40 85 68
40 86 143
40 87 120
40 88 150
40 89 76
40 90 75
40 91 94
40 92 98
40 93 59
40 94 150
40 95 149
40 96 147
40 97 53
40 98 148
40 99 116
41 1 93
41 2 134
41 3 140
41 4 85
41 5 121
41 6 97
41 7 83
41 8 126
41 9 132
41 10 112
41 11 99
41 12 72
41 13 83
41 14 124
41 15 75
41 16 98
41 17 97
41 18 61
41 19 90
41 20 98
41 21 97
41 22 121
41 23 130
41 24 81
41 25 148
41 26 126
41 27 101
41 28 145
41 29 54
41 30 57
41 31 99
41 32 124
41 33 136
41 34 130
41 35 97
41 36 92
41 37 120
41 38 104
41 39 133
41 40 99
41 42 102
41 43 114
41 44 115
41 45 104
41 46 137
41 47 53
41 48 70
41 49 114
41 50 64
41 51 84
41 52 114
41 53 101
41 54 111
41 55 146
41 56 126
41 57 127
41 58 144
41 59 81
41 60 107
41 61 100
41 62 62
41 63 119
41 64 78
41 65 82
41 66 90
41 67 99
41 68 147
41 69 91
41 70 107
41 71 108
41 72 140
41 73 60
41 74 68
41 75 118
41 76 77
41 77 58
41 78 78
41 79 142
41 80 150
41 81 116
41 82 92
41 83 55
41 84 111
41 85 128
41 86 67
41 87 70
41 88 135
41 89 77
41 90 109
41 91 81
41 92 62
41 93 50
41 94 61
41 95 116
41 96 105
41 97 96
41 98 101
41 99 93
42 1 142
42 2 121
42 3 58
42 4 54
42 5 125
42 6 52
42 7 95
42 8 76
42 9 76
42 10 109
42 11 107
42 12 81
42 13 140
42 14 124
42 15 71
42 16 129
42 17 128
42 18 116
42 19 148
42 20 118
42 21 73
42 22 59
42 23 128
42 24 56
42 25 52
42 26 82
42 27 73
42 28 92
42 29 85
42 30 120
42 31 72
42 32 69
42 33 150
42 34 94
42 35 68
42 36 133
42 37 130
42 38 102
42 39 55
42 40 110
42 41 102
42 43 70
42 44 89
42 45 73
42 46 103
42 47 58
42 48 74
42 49 55
42 50 76
42 51 56
42 52 80
42 53 103
42 54 110
42 55 125
42 56 73
42 57 92
42 58 145
42 59 78
42 60 78
42 61 74
42 62 91
42 63 138
42 64 96
42 65 81
42 66 73
42 67 101
42 68 123
42 69 62
42 70 128
42 71 86
42 72 147
42 73 104
42 74 64
42 75 70
42 76 61
42 77 78
42 78 65
42 79 80
42 80 114
42 81 148
42 82 120
42 83 138
42 84 96
42 85 123
42 86 87
42 87 139
42 88 80
42 89 84
42 90 61
42 91 82
42 92 51
42 93 126
42 94 134
42 95 77
42 96 90
42 97 130
42 98 113
42 99 107
43 1 132
43 2 122
43 3 148
43 4 66
43 5 103
43 6 51
43 7 125
43 8 141
43 9 93
43 10 145
43 11 62
43 12 64
43 13 77
43 14 107
43 15 137
43 16 111
43 17 91
43 18 100
43 19 69
43 20 84
43 21 100
43 22 52
43 23 108
43 24 116
43 25 89
43 26 141
43 27 143
43 28 148
43 29 86
43 30 101
43 31 80
43 32 139
43 33 82
43 34 97
43 35 128
43 36 117
43 37 104
43 38 121
43 39 71
43 40 55
43 41 114
43 42 70
43 44 127
43 45 64
43 46 136
43 47 149
43 48 111
43 49 98
43 50 58
43 51 132
43 52 146
43 53 89
43 54 83
43 55 65
43 56 70
43 57 69
43 58 70
43 59 130
43 60 131
43 61 142
43 62 66
43 63 53
43 64 123
43 65 140
43 66 55
43 67 97
43 68 146
43 69 91
43 70 123
43 71 96
43 72 122
43 73 148
43 74 79
43 75 135
43 76 88
43 77 53
43 78 137
43 79 64
43 80 117
43 81 89
43 82 127
43 83 125
43 84 85
43 85 97
43 86 53
43 87 68
43 88 59
43 89 89
43 90 105
43 91 52
43 92 113
43 93 105
43 94 126
43 95 126
43 96 143
43 97 118
43 98 71
43 99 107
44 1 61
44 2 51
44 3 56
44 4 59
44 5 137
44 6 143
44 7 63
44 8 137
44 9 99
44 10 112
44 11 99
44 12 107
44 13 146
44 14 144
44 15 89
44 16 80
44 17 91
44 18 93
44 19 52
44 20 77
44 21 113
44 22 105
44 23 134
44 24 107
44 25 73
44 26 124
44 27 102
44 28 133
44 29 90
44 30 51
44 31 95
44 32 88
44 33 74
44 34 114
44 35 101
44 36 51
44 37 55
44 38 63
44 39 136
44 40 128
44 41 115
44 42 89
44 43 127
44 45 52
44 46 55
44 47 83
44 48 58
44 49 114
44 50 54
44 51 74
44 52 98
44 53 121
44 54 66
44 55 61
44 56 141
44 57 110
44 58 90
44 59 51
44 60 54
44 61 139
44 62 99
44 63 123
44 64 79
44 65 87
44 66 78
44 67 71
44 68 128
44 69 94
44 70 128
44 71 144
44 72 74
44 73 121
44 74 141
44 75 147
44 76 75
44 77 59
44 78 94
44 79 101
44 80 109
44 81 103
44 82 149
44 83 101
44 84 127
44 85 56
44 86 144
44 87 148
44 88 100
44 89 122
44 90 149
44 91 55
44 92 145
44 93 126
44 94 65
44 95 143
44 96 62
44 97 77
44 98 52
44 99 68
45 1 140
45 2 118
45 3 66
45 4 85
45 5 89
45 6 115
45 7 60
45 8 149
45 9 149
45 10 106
45 11 127
45 12 105
45 13 91
45 14 115
45 15 56
45 16 65
45 17 130
45 18 118
45 19 103
45 20 72
45 21 72
45 22 88
45 23 58
45 24 141
45 25 111
45 26 68
45 27 134
45 28 149
45 29 114
45 30 74
45 31 140
45 32 148
45 33 110
45 34 150
45 35 53
45 36 90
45 37 140
45 38 134
45 39 73
45 40 141
45 41 104
45 42 73
45 43 64
45 44 52
45 46 59
45 47 98
45 48 113
45 49 84
45 50 118
45 51 139
45 52 54
45 53 149
45 54 63
45 55 89
45 56 138
45 57 81
45 58 150
45 59 72
45 60 59
45 61 98
45 62 138
45 63 50
45 64 108
45 65 137
45 66 54
45 67 149
45 68 94
45 69 50
45 70 127
45 71 65
45 72 63
45 73 81
45 74 62
45 75 112
45 76 141
45 77 82
45 78 121
45 79 124
45 80 148
45 81 120
45 82 123
45 83 58
45 84 140
45 85 121
45 86 58
45 87 144
45 88 109
45 89 100
45 90 117
45 91 91
45 92 95
45 93 83
45 94 95
45 95 108
45 96 107
45 97 100
45 98 89
45 99 98
46 1 131
46 2 127
46 3 145
46 4 75
46 5 58
46 6 68
46 7 65
46 8 149
46 9 121
46 10 80
46 11 97
46 12 130
46 13 114
46 14 116
46 15 105
46 16 126
46 17 133
46 18 51
46 19 119
46 20 87
46 21 136
46 22 120
46 23 147
46 24 147
46 25 132
46 26 102
46 27 82
46 28 150
46 29 117
46 30 89
46 31 111
46 32 133
46 33 77
46 34 133
46 35 76
46 36 135
46 37 102
46 38 54
46 39 107
46 40 113
46 41 137
46 42 103
46 43 136
46 44 55
46 45 59
46 47 118
46 48 113
46 49 125
46 50 115
46 51 71
46 52 51
46 53 115
46 54 91
46 55 60
46 56 57
46 57 132
46 58 53
46 59 123
46 60 104
46 61 77
46 62 146
46 63 140
46 64 90
46 65 113
46 66 115
46 67 117
46 68 116
46 69 71
46 70 101
46 71 84
46 72 61
46 73 65
46 74 124
46 75 110
46 76 120
46 77 146
46 78 117
46 79 128
46 80 127
46 81 86
46 82 129
46 83 74
46 84 100
46 85 116
46 86 51
46 87 97
46 88 111
46 89 106
46 90 63
46 91 64
46 92 66
46 93 57
46 94 150
46 95 125
46 96 63
46 97 121
46 98 115
46 99 148
47 1 88
47 2 64
47 3 134
47 4 73
47 5 121
47 6 118
47 7 68
47 8 148
47 9 76
47 10 99
47 11 126
47 12 63
47 13 129
47 14 126
47 15 65
47 16 129
47 17 52
47 18 78
47 19 126
47 20 52
47 21 76
47 22 77
47 23 50
47 24 51
47 25 75
47 26 50
47 27 62
47 28 140
47 29 97
47 30 86
47 31 66
47 32 107
47 33 128
47 34 150
47 35 135
47 36 81
47 37 143
47 38 101
47 39 121
47 40 85
47 41 53
47 42 58
47 43 149
47 44 83
47 45 98
47 46 118
47 48 149
47 49 125
47 50 147
47 51 75
47 52 71
47 53 63
47 54 149
47 55 132
47 56 91
47 57 147
47 58 117
47 59 78
47 60 85
47 61 102
47 62 93
47 63 59
47 64 71
47 65 96
47 66 131
47 67 150
47 68 132
47 69 127
47 70 122
47 71 125
47 72 147
47 73 58
47 74 116
47 75 129
47 76 145
47 77 83
47 78 86
47 79 89
47 80 82
47 81 82
47 82 83
47 83 68
47 84 63
47 85 72
47 86 91
47 87 82
47 88 53
47 89 52
47 90 116
47 91 146
47 92 127
47 93 104
47 94 112
47 95 120
47 96 75
47 97 96
47 98 119
47 99 149
48 1 67
48 2 123
48 3 117
48 4 115
48 5 92
48 6 64
48 7 113
48 8 141
48 9 75
48 10 90
48 11 124
48 12 115
48 13 121
48 14 137
48 15 90
48 16 139
48 17 106
48 18 149
48 19 57
48 20 95
48 21 84
48 22 112
48 23 109
48 24 98
48 25 65
48 26 140
48 27 77
48 28 137
48 29 127
48 30 88
48 31 93
48 32 146
48 33 107
48 34 141
48 35 77
48 36 144
48 37 150
48 38 75
48 39 147
48 40 67
48 41 70
48 42 74
48 43 111
48 44 58
48 45 113
48 46 113
48 47 149
48 49 141
48 50 54
48 51 82
48 52 76
48 53 93
48 54 58
48 55 74
48 56 142
48 57 107
48 58 105
48 59 74
48 60 116
48 61 95
48 62 148
48 63 60
48 64 77
48 65 146
48 66 110
48 67 121
48 68 81
48 69 82
48 70 97
48 71 74
48 72 128
48 73 100
48 74 96
48 75 64
48 76 58
48 77 56
48 78 102
48 79 62
48 80 79
48 81 111
48 82 63
48 83 96
48 84 76
48 85 95
48 86 133
48 87 106
48 88 141
48 89 124
48 90 109
48 91 57
48 92 72
48 93 95
48 94 119
48 95 51
48 96 142
48 97 99
48 98 100
48 99 137
49 1 101
49 2 91
49 3 97
49 4 104
49 5 101
49 6 82
49 7 64
49 8 147
49 9 77
49 10 115
49 11 90
49 12 121
49 13 111
49 14 96
49 15 128
49 16 110
49 17 149
49 18 133
49 19 130
49 20 67
49 21 148
49 22 96
49 23 67
49 24 53
49 25 139
49 26 103
49 27 85
49 28 80
49 29 124
49 30 107
49 31 125
49 32 130
49 33 116
49 34 85
49 35 55
49 36 98
49 37 101
49 38 88
49 39 149
49 40 124
49 41 114
49 42 55
49 43 98
49 44 114
49 45 84
49 46 125
49 47 125
49 48 141
49 50 89
49 51 90
49 52 84
49 53 120
49 54 108
49 55 97
49 56 84
49 57 120
49 58 71
49 59 133
49 60 57
49 61 59
49 62 100
49 63 87
49 64 146
49 65 61
49 66 60
49 67 104
49 68 83
49 69 126
49 70 149
49 71 117
49 72 92
49 73 50
49 74 53
49 75 100
49 76 111
49 77 60
49 78 149
49 79 132
49 80 137
49 81 103
49 82 68
49 83 108
49 84 131
49 85 132
49 86 103
49 87 73
49 88 146
49 89 118
49 90 131
49 91 140
49 92 94
49 93 64
49 94 138
49 95 115
49 96 79
49 97 120
49 98 109
49 99 145
50 1 147
50 2 54
50 3 109
50 4 50
50 5 121
50 6 59
50 7 82
50 8 87
50 9 78
50 10 91
50 11 131
50 12 99
50 13 68
50 14 54
50 15 90
50 16 57
50 17 61
50 18 123
50 19 68
50 20 107
50 21 138
50 22 86
50 23 110
50 24 61
50 25 90
50 26 93
50 27 84
50 28 117
50 29 59
50 30 80
50 31 146
50 32 128
50 33 74
50 34 126
50 35 59
50 36 86
50 37 88
50 38 91
50 39 50
50 40 136
50 41 64
50 42 76
50 43 58
50 44 54
50 45 118
50 46 115
50 47 147
50 48 54
50 49 89
50 51 74
50 52 91
50 53 132
50 54 67
50 55 59
50 56 79
50 57 78
50 58 63
50 59 131
50 60 71
50 61 140
50 62 55
50 63 76
50 64 121
50 65 140
50 66 67
50 67 73
50 68 74
50 69 104
50 70 115
50 71 96
50 72 111
50 73 71
50 74 147
50 75 82
50 76 53
50 77 51
50 78 88
50 79 93
50 80 119
50 81 79
50 82 127
50 83 84
50 84 70
50 85 85
50 86 109
50 87 63
50 88 100
50 89 133
50 90 150
50 91 52
50 92 146
50 93 75
50 94 147
50 95 120
50 96 97
50 97 63
50 98 95
50 99 85
51 1 101
51 2 137
51 3 98
51 4 112
51 5 63
51 6 126
51 7 102
51 8 59
51 9 58
51 10 66
51 11 100
51 12 60
51 13 72
51 14 97
51 15 103
51 16 62
51 17 148
51 18 81
51 19 99
51 20 78
51 21 94
51 22 53
51 23 79
51 24 103
51 25 95
51 26 96
51 27 133
51 28 106
51 29 81
51 30 57
51 31 125
51 32 144
51 33 121
51 34 144
51 35 142
51 36 61
51 37 73
51 38 140
51 39 89
51 40 133
51 41 84
51 42 56
51 43 132
51 44 74
51 45 139
51 46 71
51 47 75
51 48 82
51 49 90
51 50 74
51 52 94
51 53 139
51 54 114
51 55 129
51 56 70
51 57 122
51 58 136
51 59 92
51 60 104
51 61 98
51 62 129
51 63 95
51 64 92
51 65 67
51 66 122
51 67 71
51 68 116
51 69 98
51 70 109
51 71 130
51 72 75
51 73 136
51 74 112
51 75 75
51 76 57
51 77 112
51 78 95
51 79 70
51 80 116
51 81 107
51 82 117
51 83 53
51 84 105
51 85 133
51 86 101
51 87 90
51 88 118
51 89 101
51 90 94
51 91 141
51 92 64
51 93 63
51 94 117
51 95 136
51 96 78
51 97 114
51 98 79
51 99 112
52 1 136
52 2 149
52 3 146
52 4 121
52 5 81
52 6 144
52 7 88
52 8 99
52 9 138
52 10 90
52 11 136
52 12 134
52 13 105
52 14 121
52 15 95
52 16 61
52 17 94
52 18 57
52 19 73
52 20 143
52 21 71
52 22 56
52 23 64
52 24 100
52 25 65
52 26 106
52 27 67
52 28 115
52 29 84
52 30 140
52 31 91
52 32 78
52 33 116
52 34 85
52 35 142
52 36 124
52 37 80
52 38 81
52 39 110
52 40 149
52 41 114
52 42 80
52 43 146
52 44 98
52 45 54
52 46 51
52 47 71
52 48 76
52 49 84
52 50 91
52 51 94
52 53 68
52 54 68
52 55 118
52 56 82
52 57 106
52 58 76
52 59 63
52 60 111
52 61 114
52 62 83
52 63 98
52 64 102
52 65 77
52 66 116
52 67 56
52 68 147
52 69 65
52 70 146
52 71 115
52 72 117
52 73 63
52 74 57
52 75 103
52 76 93
52 77 103
52 78 106
52 79 94
52 80 61
52 81 81
52 82 99
52 83 59
52 84 128
52 85 122
52 86 134
52 87 54
52 88 56
52 89 84
52 90 139
52 91 106
52 92 65
52 93 145
52 94 128
52 95 111
52 96 133
52 97 135
52 98 98
52 99 97
53 1 120
53 2 55
53 3 126
53 4 138
53 5 120
53 6 144
53 7 125
53 8 82
53 9 149
53 10 149
53 11 109
53 12 99
53 13 71
53 14 72
53 15 147
53 16 92
53 17 64
53 18 72
53 19 143
53 20 118
53 21 120
53 22 119
53 23 98
53 24 92
53 25 102
53 26 72
53 27 98
53 28 56
53 29 108
53 30 113
53 31 70
53 32 131
53 33 140
53 34 77
53 35 89
53 36 132
53 37 144
53 38 124
53 39 98
53 40 127
53 41 101
53 42 103
53 43 89
53 44 121
53 45 149
53 46 115
53 47 63
53 48 93
53 49 120
53 50 132
53 51 139
53 52 68
53 54 123
53 55 67
53 56 147
53 57 62
53 58 50
53 59 127
53 60 80
53 61 99
53 62 139
53 63 119
53 64 129
53 65 145
53 66 146
53 67 140
53 68 116
53 69 123
53 70 116
53 71 92
53 72 82
53 73 99
53 74 74
53 75 131
53 76 137
53 77 127
53 78 105
53 79 145
53 80 135
53 81 78
53 82 133
53 83 132
53 84 118
53 85 61
53 86 147
53 87 139
53 88 140
53 89 148
53 90 113
53 91 132
53 92 76
53 93 105
53 94 122
53 95 128
53 96 124
53 97 87
53 98 131
53 99 107
54 1 130
54 2 87
54 3 102
54 4 133
54 5 138
54 6 76
54 7 89
54 8 134
54 9 111
54 10 127
54 11 113
54 12 55
54 13 145
54 14 89
54 15 55
54 16 146
54 17 122
54 18 141
54 19 108
54 20 124
54 21 129
54 22 72
54 23 85
54 24 77
54 25 115
54 26 141
54 27 67
54 28 110
54 29 111
54 30 109
54 31 65
54 32 118
54 33 79
54 34 136
54 35 83
54 36 119
54 37 142
54 38 132
54 39 123
54 40 96
54 41 111
54 42 110
54 43 83
54 44 66
54 45 63
54 46 91
54 47 149
54 48 58
54 49 108
54 50 67
54 51 114
54 52 68
54 53 123
54 55 139
54 56 127
54 57 95
54 58 146
54 59 81
54 60 96
54 61 52
54 62 129
54 63 127
54 64 91
54 65 84
54 66 118
54 67 92
54 68 124
54 69 144
54 70 146
54 71 125
54 72 83
54 73 137
54 74 72
54 75 148
54 76 126
54 77 58
54 78 121
54 79 128
54 80 98
54 81 57
54 82 110
54 83 85
54 84 73
54 85 96
54 86 103
54 87 125
54 88 109
54 89 64
54 90 131
54 91 123
54 92 84
54 93 127
54 94 63
54 95 71
54 96 51
54 97 71
54 98 142
54 99 52
55 1 102
55 2 96
55 3 77
55 4 97
55 5 64
55 6 51
55 7 62
55 8 135
55 9 109
55 10 148
55 11 111
55 12 118
55 13 130
55 14 133
55 15 142
55 16 114
55 17 93
55 18 123
55 19 79
55 20 72
55 21 132
55 22 56
55 23 125
55 24 111
55 25 63
55 26 144
55 27 61
55 28 141
55 29 59
55 30 76
55 31 118
55 32 128
55 33 113
55 34 117
55 35 145
55 36 59
55 37 65
55 38 71
55 39 103
55 40 80
55 41 146
55 42 125
55 43 65
55 44 61
55 45 89
55 46 60
55 47 132
55 48 74
55 49 97
55 50 59
55 51 129
55 52 118
55 53 67
55 54 139
55 56 147
55 57 134
55 58 90
55 59 138
55 60 141
55 61 119
55 62 143
55 63 148
55 64 66
55 65 118
55 66 78
55 67 146
55 68 150
55 69 60
55 70 70
55 71 97
55 72 65
55 73 57
55 74 146
55 75 55
55 76 57
55 77 149
55 78 137
55 79 144
55 80 114
55 81 111
55 82 69
55 83 116
55 84 71
55 85 149
55 86 100
55 87 136
55 88 149
55 89 99
55 90 124
55 91 125
55 92 144
55 93 124
55 94 116
55 95 77
55 96 60
55 97 92
55 98 104
55 99 137
56 1 144
56 2 98
56 3 83
56 4 61
56 5 124
56 6 79
56 7 73
56 8 103
56 9 90
56 10 94
56 11 106
56 12 100
56 13 150
56 14 132
56 15 111
56 16 136
56 17 133
56 18 88
56 19 145
56 20 76
56 21 98
56 22 115
56 23 88
56 24 87
56 25 116
56 26 88
56 27 121
56 28 58
56 29 105
56 30 89
56 31 129
56 32 73
56 33 144
56 34 129
56 35 50
56 36 96
56 37 51
56 38 115
56 39 114
56 40 121
56 41 126
56 42 73
56 43 70
56 44 141
56 45 138
56 46 57
56 47 91
56 48 142
56 49 84
56 50 79
56 51 70
56 52 82
56 53 147
56 54 127
56 55 147
56 57 66
56 58 56
56 59 90
56 60 80
56 61 122
56 62 127
56 63 120
56 64 139
56 65 50
56 66 65
56 67 88
56 68 72
56 69 90
56 70 115
56 71 116
56 72 138
56 73 53
56 74 129
56 75 136
56 76 125
56 77 69
56 78 127
56 79 86
56 80 137
56 81 148
56 82 75
56 83 78
56 84 83
56 85 50
56 86 126
56 87 92
56 88 105
56 89 135
56 90 115
56 91 92
56 92 51
56 93 93
56 94 86
56 95 126
56 96 117
56 97 132
56 98 106
56 99 134
57 1 134
57 2 92
57 3 76
57 4 121
57 5 54
57 6 101
57 7 133
57 8 69
57 9 137
57 10 132
57 11 96
57 12 74
57 13 136
57 14 109
57 15 51
57 16 65
57 17 110
57 18 70
57 19 81
57 20 77
57 21 105
57 22 116
57 23 67
57 24 107
57 25 135
57 26 89
57 27 128
57 28 109
57 29 132
57 30 123
57 31 147
57 32 111
57 33 127
57 34 94
57 35 86
57 36 116
57 37 68
57 38 98
57 39 91
57 40 119
57 41 127
57 42 92
57 43 69
57 44 110
57 45 81
57 46 132
57 47 147
57 48 107
57 49 120
57 50 78
57 51 122
57 52 106
57 53 62
57 54 95
57 55 134
57 56 66
57 58 149
57 59 134
57 60 89
57 61 123
57 62 56
57 63 127
57 64 137
57 65 101
57 66 53
57 67 149
57 68 141
57 69 113
57 70 78
57 71 87
57 72 97
57 73 61
57 74 103
57 75 96
57 76 146
57 77 131
57 78 55
57 79 138
57 80 127
57 81 60
57 82 86
57 83 132
57 84 96
57 85 67
57 86 110
57 87 148
57 88 64
57 89 139
57 90 64
57 91 65
57 92 57
57 93 93
57 94 110
57 95 96
57 96 136
57 97 105
57 98 119
57 99 94
58 1 129
58 2 104
58 3 141
58 4 52
58 5 139
58 6 144
58 7 113
58 8 76
58 9 101
58 10 87
58 11 82
58 12 87
58 13 72
58 14 111
58 15 105
58 16 140
58 17 111
58 18 131
58 19 141
58 20 56
58 21 65
58 22 92
58 23 133
58 24 123
58 25 69
58 26 72
58 27 90
58 28 81
58 29 138
58 30 95
58 31 103
58 32 78
58 33 98
58 34 94
58 35 142
58 36 81
58 37 86
58 38 135
58 39 125
58 40 52
58 41 144
58 42 145
58 43 70
58 44 90
58 45 150
58 46 53
58 47 117
58 48 105
58 49 71
58 50 63
58 51 136
58 52 76
58 53 50
58 54 146
58 55 90
58 56 56
58 57 149
58 59 149
58 60 134
58 61 84
58 62 110
58 63 79
58 64 147
58 65 133
58 66 98
58 67 102
58 68 77
58 69 140
58 70 141
58 71 134
58 72 150
58 73 143
58 74 136
58 75 70
58 76 50
58 77 119
58 78 120
58 79 129
58 80 67
58 81 79
58 82 115
58 83 57
58 84 70
58 85 53
58 86 111
58 87 139
58 88 118
58 89 71
58 90 116
58 91 130
58 92 124
58 93 150
58 94 88
58 95 54
58 96 145
58 97 122
58 98 61
58 99 109
59 1 101
59 2 81
59 3 116
59 4 100
59 5 90
59 6 57
59 7 54
59 8 115
59 9 143
59 10 124
59 11 134
59 12 76
59 13 110
59 14 124
59 15 125
59 16 90
59 17 57
59 18 121
59 19 75
59 20 59
59 21 126
59 22 52
59 23 107
59 24 114
59 25 74
59 26 91
59 27 55
59 28 60
59 29 83
59 30 94
59 31 90
59 32 105
59 33 127
59 34 129
59 35 133
59 36 132
59 37 61
59 38 136
59 39 58
59 40 97
59 41 81
59 42 78
59 43 130
59 44 51
59 45 72
59 46 123
59 47 78
59 48 74
59 49 133
59 50 131
59 51 92
59 52 63
59 53 127
59 54 81
59 55 138
59 56 90
59 57 134
59 58 149
59 60 114
59 61 144
59 62 146
59 63 109
59 64 109
59 65 127
59 66 78
59 67 53
59 68 118
59 69 106
59 70 81
59 71 82
59 72 109
59 73 65
59 74 149
59 75 123
59 76 144
59 77 98
59 78 120
59 79 70
59 80 102
59 81 138
59 82 101
59 83 62
59 84 69
59 85 89
59 86 138
59 87 142
59 88 139
59 89 53
59 90 79
59 91 127
59 92 82
59 93 71
59 94 120
59 95 51
59 96 93
59 97 132
59 98 106
59 99 146
60 1 148
60 2 79
60 3 123
60 4 78
60 5 68
60 6 80
60 7 67
60 8 75
60 9 87
60 10 102
60 11 119
60 12 77
60 13 93
60 14 146
60 15 68
60 16 69
60 17 130
60 18 71
60 19 104
60 20 132
60 21 65
60 22 94
60 23 97
60 24 136
60 25 147
60 26 70
60 27 81
60 28 65
60 29 107
60 30 80
60 31 52
60 32 66
60 33 135
60 34 114
60 35 89
60 36 134
60 37 94
60 38 103
60 39 105
60 40 57
60 41 107
60 42 78
60 43 131
60 44 54
60 45 59
60 46 104
60 47 85
60 48 116
60 49 57
60 50 71
60 51 104
60 52 111
60 53 80
60 54 96
60 55 141
60 56 80
60 57 89
60 58 134
60 59 114
60 61 139
60 62 135
60 63 80
60 64 79
60 65 86
60 66 84
60 67 56
60 68 108
60 69 52
60 70 72
60 71 121
60 72 135
60 73 139
60 74 72
60 75 76
60 76 124
60 77 52
60 78 53
60 79 145
60 80 99
60 81 112
60 82 58
60 83 88
60 84 137
60 85 133
60 86 140
60 87 57
60 88 67
60 89 90
60 90 105
60 91 89
60 92 115
60 93 126
60 94 118
60 95 52
60 96 138
60 97 81
60 98 61
60 99 59
61 1 80
61 2 121
61 3 64
61 4 99
61 5 112
61 6 65
61 7 83
61 8 84
61 9 76
61 10 84
61 11 123
61 12 85
61 13 59
61 14 116
61 15 70
61 16 149
61 17 96
61 18 57
61 19 110
61 20 141
61 21 72
61 22 68
61 23 60
61 24 85
61 25 99
61 26 96
61 27 111
61 28 58
61 29 134
61 30 56
61 31 131
61 32 144
61 33 138
61 34 144
61 35 64
61 36 109
61 37 69
61 38 126
61 39 99
61 40 82
61 41 100
61 42 74
61 43 142
61 44 139
61 45 98
61 46 77
61 47 102
61 48 95
61 49 59
61 50 140
61 51 98
61 52 114
61 53 99
61 54 52
61 55 119
61 56 122
61 57 123
61 58 84
61 59 144
61 60 139
61 62 64
61 63 67
61 64 84
61 65 138
61 66 65
61 67 51
61 68 141
61 69 57
61 70 59
61 71 84
61 72 104
61 73 97
61 74 106
61 75 144
61 76 71
61 77 82
61 78 130
61 79 50
61 80 77
61 81 112
61 82 97
61 83 109
61 84 58
61 85 72
61 86 57
61 87 71
61 88 125
61 89 85
61 90 109
61 91 74
61 92 130
61 93 138
61 94 81
61 95 100
61 96 142
61 97 103
61 98 63
61 99 56
62 1 90
62 2 54
62 3 125
62 4 117
62 5 92
62 6 88
62 7 149
62 8 131
62 9 106
62 10 88
62 11 117
62 12 117
62 13 98
62 14 56
62 15 66
62 16 108
62 17 90
62 18 95
62 19 118
62 20 112
62 21 54
62 22 58
62 23 147
62 24 81
62 25 128
62 26 135
62 27 123
62 28 138
62 29 86
62 30 92
62 31 137
62 32 57
62 33 74
62 34 89
62 35 62
62 36 84
62 37 87
62 38 92
62 39 78
62 40 86
62 41 62
62 42 91
62 43 66
62 44 99
62 45 138
62 46 146
62 47 93
62 48 148
62 49 100
62 50 55
62 51 129
62 52 83
62 53 139
62 54 129
62 55 143
62 56 127
62 57 56
62 58 110
62 59 146
62 60 135
62 61 64
62 63 115
62 64 82
62 65 103
62 66 90
62 67 114
62 68 61
62 69 93
62 70 110
62 71 94
62 72 132
62 73 147
62 74 131
62 75 64
62 76 100
62 77 91
62 78 76
62 79 110
62 80 140
62 81 125
62 82 118
62 83 135
62 84 126
62 85 127
62 86 97
62 87 97
62 88 115
62 89 84
62 90 127
62 91 149
62 92 82
62 93 143
62 94 62
62 95 124
62 96 93
62 97 82
62 98 146
62 99 136
63 1 113
63 2 126
63 3 89
63 4 137
63 5 138
63 6 90
63 7 132
63 8 117
63 9 82
63 10 126
63 11 71
63 12 69
63 13 114
63 14 130
63 15 132
63 16 111
63 17 70
63 18 85
63 19 80
63 20 91
63 21 102
63 22 133
63 23 116
63 24 50
63 25 57
63 26 87
63 27 62
63 28 52
63 29 118
63 30 65
63 31 98
63 32 97
63 33 115
63 34 65
63 35 149
63 36 120
63 37 144
63 38 145
63 39 127
63 40 109
63 41 119
63 42 138
63 43 53
63 44 123
63 45 50
63 46 140
63 47 59
63 48 60
63 49 87
63 50 76
63 51 95
63 52 98
63 53 119
63 54 127
63 55 148
63 56 120
63 57 127
63 58 79
63 59 109
63 60 80
63 61 67
63 62 115
63 64 65
63 65 65
63 66 92
63 67 133
63 68 119
63 69 112
63 70 97
63 71 69
63 72 79
63 73 113
63 74 96
63 75 132
63 76 56
63 77 122
63 78 80
63 79 74
63 80 140
63 81 69
63 82 66
63 83 92
63 84 70
63 85 93
63 86 144
63 87 77
63 88 117
63 89 112
63 90 88
63 91 69
63 92 141
63 93 92
63 94 60
63 95 145
63 96 88
63 97 68
63 98 132
63 99 143
64 1 112
64 2 124
64 3 114
64 4 139
64 5 133
64 6 87
64 7 130
64 8 118
64 9 133
64 10 102
64 11 105
64 12 81
64 13 130
64 14 118
64 15 130
64 16 77
64 17 103
64 18 59
64 19 109
64 20 90
64 21 74
64 22 88
64 23 144
64 24 73
64 25 103
64 26 74
64 27 113
64 28 100
64 29 109
64 30 143
64 31 149
64 32 114
64 33 121
64 34 111
64 35 111
64 36 146
64 37 96
64 38 114
64 39 132
64 40 90
64 41 78
64 42 96
64 43 123
64 44 79
64 45 108
64 46 90
64 47 71
64 48 77
64 49 146
64 50 121
64 51 92
64 52 102
64 53 129
64 54 91
64 55 66
64 56 139
64 57 137
64 58 147
64 59 109
64 60 79
64 61 84
64 62 82
64 63 65
64 65 122
64 66 103
64 67 70
64 68 70
64 69 149
64 70 146
64 71 117
64 72 99
64 73 55
64 74 135
64 75 63
64 76 76
64 77 121
64 78 63
64 79 139
64 80 97
64 81 133
64 82 115
64 83 135
64 84 95
64 85 110
64 86 135
64 87 146
64 88 93
64 89 67
64 90 76
64 91 149
64 92 131
64 93 123
64 94 129
64 95 113
64 96 115
64 97 80
64 98 62
64 99 143
65 1 122
65 2 96
65 3 148
65 4 72
65 5 138
65 6 71
65 7 117
65 8 149
65 9 101
65 10 103
65 11 106
65 12 77
65 13 70
65 14 77
65 15 125
65 16 74
65 17 104
65 18 100
65 19 92
65 20 55
65 21 89
65 22 141
65 23 116
65 24 133
65 25 144
65 26 59
65 27 57
65 28 131
65 29 148
65 30 63
65 31 75
65 32 112
65 33 79
65 34 131
65 35 62
65 36 58
65 37 103
65 38 55
65 39 97
65 40 112
65 41 82
65 42 81
65 43 140
65 44 87
65 45 137
65 46 113
65 47 96
65 48 146
65 49 61
65 50 140
65 51 67
65 52 77
65 53 145
65 54 84
65 55 118
65 56 50
65 57 101
65 58 133
65 59 127
65 60 86
65 61 138
65 62 103
65 63 65
65 64 122
65 66 65
65 67 74
65 68 53
65 69 98
65 70 148
65 71 92
65 72 143
65 73 138
65 74 50
65 75 50
65 76 77
65 77 143
65 78 55
65 79 60
65 80 147
65 81 60
65 82 133
65 83 51
65 84 68
65 85 145
65 86 54
65 87 120
65 88 143
65 89 79
65 90 58
65 91 51
65 92 123
65 93 97
65 94 97
65 95 71
65 96 65
65 97 146
65 98 103
65 99 131
66 1 144
66 2 133
66 3 108
66 4 115
66 5 99
66 6 109
66 7 129
66 8 123
66 9 91
66 10 124
66 11 127
66 12 72
66 13 88
66 14 106
66 15 63
66 16 90
66 17 100
66 18 129
66 19 87
66 20 59
66 21 70
66 22 55
66 23 95
66 24 100
66 25 115
66 26 141
66 27 77
66 28 85
66 29 109
66 30 58
66 31 125
66 32 119
66 33 62
66 34 60
66 35 115
66 36 101
66 37 139
66 38 125
66 39 91
66 40 54
66 41 90
66 42 73
66 43 55
66 44 78
66 45 54
66 46 115
66 47 131
66 48 110
66 49 60
66 50 67
66 51 122
66 52 116
66 53 146
66 54 118
66 55 78
66 56 65
66 57 53
66 58 98
66 59 78
66 60 84
66 61 65
66 62 90
66 63 92
66 64 103
66 65 65
66 67 95
66 68 148
66 69 53
66 70 53
66 71 54
66 72 144
66 73 78
66 74 137
66 75 78
66 76 119
66 77 135
66 78 94
66 79 96
66 80 112
66 81 64
66 82 136
66 83 131
66 84 68
66 85 122
66 86 94
66 87 131
66 88 117
66 89 109
66 90 89
66 91 89
66 92 55
66 93 65
66 94 67
66 95 68
66 96 143
66 97 144
66 98 94
66 99 52
67 1 62
67 2 148
67 3 81
67 4 88
67 5 125
67 6 94
67 7 119
67 8 93
67 9 83
67 10 108
67 11 102
67 12 122
67 13 113
67 14 72
67 15 64
67 16 102
67 17 110
67 18 142
67 19 60
67 20 58
67 21 94
67 22 120
67 23 87
67 24 100
67 25 103
67 26 110
67 27 125
67 28 130
67 29 131
67 30 137
67 31 88
67 32 84
67 33 122
67 34 56
67 35 97
67 36 119
67 37 98
67 38 64
67 39 101
67 40 123
67 41 99
67 42 101
67 43 97
67 44 71
67 45 149
67 46 117
67 47 150
67 48 121
67 49 104
67 50 73
67 51 71
67 52 56
67 53 140
67 54 92
67 55 146
67 56 88
67 57 149
67 58 102
67 59 53
67 60 56
67 61 51
67 62 114
67 63 133
67 64 70
67 65 74
67 66 95
67 68 93
67 69 103
67 70 102
67 71 147
67 72 75
67 73 54
67 74 102
67 75 82
67 76 94
67 77 97
67 78 108
67 79 104
67 80 69
67 81 143
67 82 140
67 83 64
67 84 59
67 85 133
67 86 124
67 87 101
67 88 139
67 89 64
67 90 75
67 91 147
67 92 82
67 93 124
67 94 75
67 95 56
67 96 124
67 97 57
67 98 96
67 99 106
68 1 124
68 2 89
68 3 95
68 4 88
68 5 121
68 6 81
68 7 69
68 8 119
68 9 87
68 10 58
68 11 58
68 12 95
68 13 61
68 14 50
68 15 69
68 16 125
68 17 88
68 18 95
68 19 87
68 20 110
68 21 70
68 22 66
68 23 118
68 24 116
68 25 131
68 26 61
68 27 81
68 28 150
68 29 54
68 30 119
68 31 114
68 32 149
68 33 106
68 34 68
68 35 88
68 36 133
68 37 50
68 38 122
68 39 113
68 40 92
68 41 147
68 42 123
68 43 146
68 44 128
68 45 94
68 46 116
68 47 132
68 48 81
68 49 83
68 50 74
68 51 116
68 52 147
68 53 116
68 54 124
68 55 150
68 56 72
68 57 141
68 58 77
68 59 118
68 60 108
68 61 141
68 62 61
68 63 119
68 64 70
68 65 53
68 66 148
68 67 93
68 69 93
68 70 145
68 71 68
68 72 122
68 73 143
68 74 111
68 75 128
68 76 108
68 77 79
68 78 65
68 79 105
68 80 146
68 81 65
68 82 136
68 83 128
68 84 82
68 85 94
68 86 76
68 87 94
68 88 117
68 89 74
68 90 61
68 91 98
68 92 73
68 93 71
68 94 126
68 95 93
68 96 116
68 97 100
68 98 68
68 99 91
69 1 69
69 2 107
69 3 61
69 4 106
69 5 107
69 6 117
69 7 127
69 8 122
69 9 105
69 10 97
69 11 54
69 12 90
69 13 57
69 14 140
69 15 113
69 16 82
69 17 104
69 18 70
69 19 58
69 20 71
69 21 130
69 22 121
69 23 96
69 24 55
69 25 72
69 26 100
69 27 141
69 28 80
69 29 106
69 30 149
69 31 81
69 32 101
69 33 69
69 34 51
69 35 133
69 36 139
69 37 100
69 38 129
69 39 97
69 40 96
69 41 91
69 42 62
69 43 91
69 44 94
69 45 50
69 46 71
69 47 127
69 48 82
69 49 126
69 50 104
69 51 98
69 52 65
69 53 123
69 54 144
69 55 60
69 56 90
69 57 113
69 58 140
69 59 106
69 60 52
69 61 57
69 62 93
69 63 112
69 64 149
69 65 98
69 66 53
69 67 103
69 68 93
69 70 66
69 71 144
69 72 128
69 73 146
69 74 119
69 75 110
69 76 99
69 77 73
69 78 79
69 79 107
69 80 124
69 81 149
69 82 51
69 83 90
69 84 123
69 85 127
69 86 146
69 87 148
69 88 83
69 89 91
69 90 143
69 91 123
69 92 97
69 93 101
69 94 72
69 95 79
69 96 122
69 97 69
69 98 59
69 99 109
70 1 147
70 2 56
70 3 55
70 4 134
70 5 76
70 6 113
70 7 95
70 8 93
70 9 96
70 10 135
70 11 62
70 12 144
70 13 116
70 14 57
70 15 110
70 16 118
70 17 124
70 18 107
70 19 130
70 20 124
70 21 60
70 22 51
70 23 117
70 24 123
70 25 142
70 26 61
70 27 148
70 28 62
70 29 74
70 30 91
70 31 91
70 32 54
70 33 78
70 34 128
70 35 93
70 36 108
70 37 110
70 38 117
70 39 140
70 40 79
70 41 107
70 42 128
70 43 123
70 44 128
70 45 127
70 46 101
70 47 122
70 48 97
70 49 149
70 50 115
70 51 109
70 52 146
70 53 116
70 54 146
70 55 70
70 56 115
70 57 78
70 58 141
70 59 81
70 60 72
70 61 59
70 62 110
70 63 97
70 64 146
70 65 148
70 66 53
70 67 102
70 68 145
70 69 66
70 71 127
70 72 78
70 73 82
70 74 97
70 75 67
70 76 71
70 77 59
70 78 133
70 79 147
70 80 78
70 81 75
70 82 59
70 83 142
70 84 70
70 85 119
70 86 90
70 87 57
70 88 150
70 89 99
70 90 55
70 91 92
70 92 99
70 93 143
70 94 96
70 95 100
70 96 89
70 97 56
70 98 81
70 99 90
71 1 131
71 2 63
71 3 113
71 4 132
71 5 143
71 6 128
71 7 131
71 8 50
71 9 91
71 10 108
71 11 116
71 12 95
71 13 80
71 14 133
71 15 68
71 16 132
71 17 67
71 18 50
71 19 57
71 20 111
71 21 129
71 22 75
71 23 86
71 24 145
71 25 132
71 26 106
71 27 109
71 28 86
71 29 56
71 30 142
71 31 118
71 32 68
71 33 138
71 34 51
71 35 75
71 36 123
71 37 105
71 38 129
71 39 106
71 40 130
71 41 108
71 42 86
71 43 96
71 44 144
71 45 65
71 46 84
71 47 125
71 48 74
71 49 117
71 50 96
71 51 130
71 52 115
71 53 92
71 54 125
71 55 97
71 56 116
71 57 87
71 58 134
71 59 82
71 60 121
71 61 84
71 62 94
71 63 69
71 64 117
71 65 92
71 66 54
71 67 147
71 68 68
71 69 144
71 70 127
71 72 92
71 73 108
71 74 146
71 75 63
71 76 113
71 77 102
71 78 103
71 79 115
71 80 144
71 81 125
71 82 85
71 83 142
71 84 125
71 85 89
71 86 138
71 87 78
71 88 145
71 89 90
71 90 91
71 91 93
71 92 63
71 93 94
71 94 112
71 95 90
71 96 112
71 97 56
71 98 71
71 99 59
72 1 146
72 2 100
72 3 103
72 4 109
72 5 119
72 6 111
72 7 78
72 8 75
72 9 122
72 10 95
72 11 52
72 12 103
72 13 108
72 14 141
72 15 122
72 16 51
72 17 146
72 18 122
72 19 104
72 20 123
72 21 79
72 22 73
72 23 106
72 24 95
72 25 124
72 26 131
72 27 70
72 28 75
72 29 148
72 30 70
72 31 133
72 32 53
72 33 116
72 34 145
72 35 117
72 36 145
72 37 93
72 38 73
72 39 105
72 40 68
72 41 140
72 42 147
72 43 122
72 44 74
72 45 63
72 46 61
72 47 147
72 48 128
72 49 92
72 50 111
72 51 75
72 52 117
72 53 82
72 54 83
72 55 65
72 56 138
72 57 97
72 58 150
72 59 109
72 60 135
72 61 104
72 62 132
72 63 79
72 64 99
72 65 143
72 66 144
72 67 75
72 68 122
72 69 128
72 70 78
72 71 92
72 73 87
72 74 52
72 75 79
72 76 139
72 77 110
72 78 74
72 79 94
72 80 109
72 81 107
72 82 120
72 83 137
72 84 99
72 85 83
72 86 130
72 87 81
72 88 127
72 89 96
72 90 133
72 91 119
72 92 138
72 93 140
72 94 91
72 95 65
72 96 103
72 97 138
72 98 74
72 99 143
73 1 79
73 2 118
73 3 126
73 4 142
73 5 77
73 6 52
73 7 56
73 8 110
73 9 126
73 10 99
73 11 150
73 12 107
73 13 61
73 14 71
73 15 59
73 16 87
73 17 96
73 18 72
73 19 53
73 20 111
73 21 83
73 22 116
73 23 72
73 24 120
73 25 142
73 26 134
73 27 143
73 28 119
73 29 91
73 30 73
73 31 93
73 32 80
73 33 136
73 34 122
73 35 85
73 36 142
73 37 147
73 38 100
73 39 70
73 40 93
73 41 60
73 42 104
73 43 148
73 44 121
73 45 81
73 46 65
73 47 58
73 48 100
73 49 50
73 50 71
73 51 136
73 52 63
73 53 99
73 54 137
73 55 57
73 56 53
73 57 61
73 58 143
73 59 65
73 60 139
73 61 97
73 62 147
73 63 113
73 64 55
73 65 138
73 66 78
73 67 54
73 68 143
73 69 146
73 70 82
73 71 108
73 72 87
73 74 111
73 75 94
73 76 107
73 77 61
73 78 75
73 79 60
73 80 65
73 81 140
73 82 146
73 83 81
73 84 54
73 85 74
73 86 51
73 87 70
73 88 67
73 89 145
73 90 103
73 91 106
73 92 61
73 93 52
73 94 81
73 95 141
73 96 126
73 97 50
73 98 65
73 99 71
74 1 121
74 2 94
74 3 65
74 4 115
74 5 102
74 6 70
74 7 142
74 8 78
74 9 78
74 10 56
74 11 50
74 12 70
74 13 125
74 14 51
74 15 112
74 16 110
74 17 115
74 18 147
74 19 137
74 20 61
74 21 144
74 22 87
74 23 112
74 24 120
74 25 75
74 26 149
74 27 64
74 28 108
74 29 111
74 30 125
74 31 80
74 32 122
74 33 61
74 34 127
74 35 77
74 36 58
74 37 146
74 38 81
74 39 110
74 40 93
74 41 68
74 42 64
74 43 79
74 44 141
74 45 62
74 46 124
74 47 116
74 48 96
74 49 53
74 50 147
74 51 112
74 52 57
74 53 74
74 54 72
74 55 146
74 56 129
74 57 103
74 58 136
74 59 149
74 60 72
74 61 106
74 62 131
74 63 96
74 64 135
74 65 50
74 66 137
74 67 102
74 68 111
74 69 119
74 70 97
74 71 146
74 72 52
74 73 111
74 75 118
74 76 101
74 77 100
74 78 98
74 79 83
74 80 91
74 81 97
74 82 74
74 83 59
74 84 144
74 85 71
74 86 148
74 87 55
74 88 80
74 89 77
74 90 121
74 91 89
74 92 145
74 93 140
74 94 91
74 95 58
74 96 142
74 97 143
74 98 106
74 99 148
75 1 58
75 2 109
75 3 57
75 4 104
75 5 106
75 6 144
75 7 126
75 8 107
75 9 50
75 10 119
75 11 52
75 12 56
75 13 117
75 14 63
75 15 95
75 16 70
75 17 138
75 18 126
75 19 53
75 20 65
75 21 149
75 22 147
75 23 110
75 24 106
75 25 145
75 26 144
75 27 125
75 28 92
75 29 133
75 30 124
75 31 56
75 32 63
75 33 62
75 34 148
75 35 148
75 36 130
75 37 73
75 38 105
75 39 105
75 40 111
75 41 118
75 42 70
75 43 135
75 44 147
75 45 112
75 46 110
75 47 129
75 48 64
75 49 100
75 50 82
75 51 75
75 52 103
75 53 131
75 54 148
75 55 55
75 56 136
75 57 96
75 58 70
75 59 123
75 60 76
75 61 144
75 62 64
75 63 132
75 64 63
75 65 50
75 66 78
75 67 82
75 68 128
75 69 110
75 70 67
75 71 63
75 72 79
75 73 94
75 74 118
75 76 120
75 77 84
75 78 133
75 79 55
75 80 115
75 81 141
75 82 98
75 83 137
75 84 110
75 85 117
75 86 68
75 87 64
75 88 119
75 89 80
75 90 68
75 91 73
75 92 124
75 93 106
75 94 143
75 95 144
75 96 88
75 97 144
75 98 79
75 99 113
76 1 94
76 2 117
76 3 81
76 4 75
76 5 72
76 6 50
76 7 126
76 8 135
76 9 92
76 10 66
76 11 59
76 12 87
76 13 150
76 14 123
76 15 109
76 16 86
76 17 148
76 18 67
76 19 88
76 20 56
76 21 107
76 22 141
76 23 89
76 24 99
76 25 126
76 26 58
76 27 72
76 28 104
76 29 136
76 30 105
76 31 139
76 32 98
76 33 145
76 34 134
76 35 130
76 36 114
76 37 100
76 38 79
76 39 146
76 40 100
76 41 77
76 42 61
76 43 88
76 44 75
76 45 141
76 46 120
76 47 145
76 48 58
76 49 111
76 50 53
76 51 57
76 52 93
76 53 137
76 54 126
76 55 57
76 56 125
76 57 146
76 58 50
76 59 144
76 60 124
76 61 71
76 62 100
76 63 56
76 64 76
76 65 77
76 66 119
76 67 94
76 68 108
76 69 99
76 70 71
76 71 113
76 72 139
76 73 107
76 74 101
76 75 120
76 77 134
76 78 78
76 79 52
76 80 119
76 81 93
76 82 87
76 83 146
76 84 94
76 85 53
76 86 103
76 87 61
76 88 126
76 89 111
76 90 67
76 91 89
76 92 128
76 93 71
76 94 86
76 95 81
76 96 85
76 97 113
76 98 73
76 99 141
77 1 142
77 2 139
77 3 55
77 4 64
77 5 63
77 6 92
77 7 59
77 8 141
77 9 122
77 10 127
77 11 127
77 12 148
77 13 81
77 14 79
77 15 79
77 16 99
77 17 116
77 18 54
77 19 129
77 20 88
77 21 121
77 22 114
77 23 112
77 24 131
77 25 98
77 26 119
77 27 128
77 28 94
77 29 125
77 30 149
77 31 100
77 32 128
77 33 98
77 34 99
77 35 57
77 36 124
77 37 139
77 38 141
77 39 144
77 40 98
77 41 58
77 42 78
77 43 53
77 44 59
77 45 82
77 46 146
77 47 83
77 48 56
77 49 60
77 50 51
77 51 112
77 52 103
77 53 127
77 54 58
77 55 149
77 56 69
77 57 131
77 58 119
77 59 98
77 60 52
77 61 82
77 62 91
77 63 122
77 64 121
77 65 143
77 66 135
77 67 97
77 68 79
77 69 73
77 70 59
77 71 102
77 72 110
77 73 61
77 74 100
77 75 84
77 76 134
77 78 103
77 79 103
77 80 62
77 81 102
77 82 130
77 83 88
77 84 60
77 85 87
77 86 125
77 87 138
77 88 114
77 89 116
77 90 55
77 91 90
77 92 105
77 93 90
77 94 148
77 95 65
77 96 123
77 97 63
77 98 71
77 99 149
78 1 145
78 2 121
78 3 74
78 4 59
78 5 148
78 6 125
78 7 99
78 8 81
78 9 68
78 10 132
78 11 109
78 12 115
78 13 75
78 14 92
78 15 83
78 16 74
78 17 67
78 18 131
78 19 89
78 20 117
78 21 84
78 22 117
78 23 106
78 24 75
78 25 67
78 26 119
78 27 64
78 28 147
78 29 126
78 30 93
78 31 53
78 32 77
78 33 54
78 34 121
78 35 123
78 36 52
78 37 55
78 38 63
78 39 99
78 40 79
78 41 78
78 42 65
78 43 137
78 44 94
78 45 121
78 46 117
78 47 86
78 48 102
78 49 149
78 50 88
78 51 95
78 52 106
78 53 105
78 54 121
78 55 137
78 56 127
78 57 55
78 58 120
78 59 120
78 60 53
78 61 130
78 62 76
78 63 80
78 64 63
78 65 55
78 66 94
78 67 108
78 68 65
78 69 79
78 70 133
78 71 103
78 72 74
78 73 75
78 74 98
78 75 133
78 76 78
78 77 103
78 79 96
78 80 94
78 81 65
78 82 121
78 83 117
78 84 145
78 85 56
78 86 103
78 87 70
78 88 137
78 89 102
78 90 109
78 91 80
78 92 142
78 93 139
78 94 136
78 95 59
78 96 87
78 97 148
78 98 145
78 99 135
79 1 111
79 2 85
79 3 116
79 4 81
79 5 146
79 6 95
79 7 134
79 8 76
79 9 119
79 10 115
79 11 84
79 12 75
79 13 145
79 14 134
79 15 101
79 16 97
79 17 75
79 18 95
79 19 53
79 20 52
79 21 109
79 22 118
79 23 136
79 24 81
79 25 144
79 26 87
79 27 66
79 28 115
79 29 126
79 30 115
79 31 138
79 32 137
79 33 69
79 34 137
79 35 117
79 36 99
79 37 57
79 38 63
79 39 50
79 40 100
79 41 142
79 42 80
79 43 64
79 44 101
79 45 124
79 46 128
79 47 89
79 48 62
79 49 132
79 50 93
79 51 70
79 52 94
79 53 145
79 54 128
79 55 144
79 56 86
79 57 138
79 58 129
79 59 70
79 60 145
79 61 50
79 62 110
79 63 74
79 64 139
79 65 60
79 66 96
79 67 104
79 68 105
79 69 107
79 70 147
79 71 115
79 72 94
79 73 60
79 74 83
79 75 55
79 76 52
79 77 103
79 78 96
79 80 113
79 81 129
79 82 132
79 83 56
79 84 52
79 85 92
79 86 121
79 87 64
79 88 75
79 89 132
79 90 133
79 91 119
79 92 87
79 93 118
79 94 100
79 95 62
79 96 74
79 97 104
79 98 58
79 99 93
80 1 123
80 2 124
80 3 124
80 4 83
80 5 149
80 6 150
80 7 143
80 8 109
80 9 85
80 10 82
80 11 104
80 12 137
80 13 132
80 14 135
80 15 92
80 16 98
80 17 60
80 18 98
80 19 61
80 20 107
80 21 85
80 22 116
80 23 105
80 24 78
80 25 138
80 26 126
80 27 112
80 28 100
80 29 129
80 30 73
80 31 148
80 32 125
80 33 78
80 34 147
80 35 133
80 36 130
80 37 83
80 38 54
80 39 123
80 40 105
80 41 150
80 42 114
80 43 117
80 44 109
80 45 148
80 46 127
80 47 82
80 48 79
80 49 137
80 50 119
80 51 116
80 52 61
80 53 135
80 54 98
80 55 114
80 56 137
80 57 127
80 58 67
80 59 102
80 60 99
80 61 77
80 62 140
80 63 140
80 64 97
80 65 147
80 66 112
80 67 69
80 68 146
80 69 124
80 70 78
80 71 144
80 72 109
80 73 65
80 74 91
80 75 115
80 76 119
80 77 62
80 78 94
80 79 113
80 81 141
80 82 134
80 83 129
80 84 133
80 85 94
80 86 148
80 87 70
80 88 124
80 89 116
80 90 61
80 91 57
80 92 103
80 93 68
80 94 83
80 95 73
80 96 53
80 97 82
80 98 146
80 99 77
81 1 52
81 2 82
81 3 52
81 4 116
81 5 65
81 6 113
81 7 83
81 8 95
81 9 138
81 10 71
81 11 70
81 12 63
81 13 92
81 14 60
81 15 149
81 16 79
81 17 102
81 18 146
81 19 93
81 20 72
81 21 132
81 22 74
81 23 88
81 24 136
81 25 139
81 26 75
81 27 134
81 28 76
81 29 73
81 30 90
81 31 103
81 32 94
81 33 103
81 34 97
81 35 107
81 36 107
81 37 141
81 38 135
81 39 76
81 40 89
81 41 116
81 42 148
81 43 89
81 44 103
81 45 120
81 46 86
81 47 82
81 48 111
81 49 103
81 50 79
81 51 107
81 52 81
81 53 78
81 54 57
81 55 111
81 56 148
81 57 60
81 58 79
81 59 138
81 60 112
81 61 112
81 62 125
81 63 69
81 64 133
81 65 60
81 66 64
81 67 143
81 68 65
81 69 149
81 70 75
81 71 125
81 72 107
81 73 140
81 74 97
81 75 141
81 76 93
81 77 102
81 78 65
81 79 129
81 80 141
81 82 123
81 83 95
81 84 132
81 85 54
81 86 82
81 87 84
81 88 114
81 89 86
81 90 61
81 91 117
81 92 71
81 93 131
81 94 53
81 95 148
81 96 82
81 97 143
81 98 141
81 99 56
82 1 109
82 2 83
82 3 95
82 4 115
82 5 139
82 6 121
82 7 53
82 8 145
82 9 89
82 10 84
82 11 149
82 12 128
82 13 150
82 14 89
82 15 122
82 16 116
82 17 77
82 18 68
82 19 80
82 20 55
82 21 53
82 22 130
82 23 98
82 24 148
82 25 135
82 26 88
82 27 64
82 28 93
82 29 68
82 30 68
82 31 59
82 32 131
82 33 138
82 34 98
82 35 118
82 36 125
82 37 106
82 38 116
82 39 106
82 40 86
82 41 92
82 42 120
82 43 127
82 44 149
82 45 123
82 46 129
82 47 83
82 48 63
82 49 68
82 50 127
82 51 117
82 52 99
82 53 133
82 54 110
82 55 69
82 56 75
82 57 86
82 58 115
82 59 101
82 60 58
82 61 97
82 62 118
82 63 66
82 64 115
82 65 133
82 66 136
82 67 140
82 68 136
82 69 51
82 70 59
82 71 85
82 72 120
82 73 146
82 74 74
82 75 98
82 76 87
82 77 130
82 78 121
82 79 132
82 80 134
82 81 123
82 83 77
82 84 58
82 85 82
82 86 124
82 87 100
82 88 112
82 89 99
82 90 136
82 91 84
82 92 113
82 93 52
82 94 91
82 95 82
82 96 80
82 97 120
82 98 70
82 99 105
83 1 148
83 2 100
83 3 59
83 4 77
83 5 133
83 6 131
83 7 147
83 8 133
83 9 88
83 10 109
83 11 92
83 12 135
83 13 93
83 14 145
83 15 114
83 16 144
83 17 52
83 18 51
83 19 54
83 20 72
83 21 137
83 22 145
83 23 149
83 24 129
83 25 59
83 26 102
83 27 107
83 28 95
83 29 127
83 30 101
83 31 145
83 32 121
83 33 77
83 34 147
83 35 105
83 36 116
83 37 111
83 38 95
83 39 93
83 40 119
83 41 55
83 42 138
83 43 125
83 44 101
83 45 58
83 46 74
83 47 68
83 48 96
83 49 108
83 50 84
83 51 53
83 52 59
83 53 132
83 54 85
83 55 116
83 56 78
83 57 132
83 58 57
83 59 62
83 60 88
83 61 109
83 62 135
83 63 92
83 64 135
83 65 51
83 66 131
83 67 64
83 68 128
83 69 90
83 70 142
83 71 142
83 72 137
83 73 81
83 74 59
83 75 137
83 76 146
83 77 88
83 78 117
83 79 56
83 80 129
83 81 95
83 82 77
83 84 64
83 85 146
83 86 101
83 87 135
83 88 85
83 89 131
83 90 74
83 91 107
83 92 102
83 93 148
83 94 91
83 95 116
83 96 51
83 97 137
83 98 63
83 99 54
84 1 106
84 2 102
84 3 126
84 4 108
84 5 83
84 6 136
84 7 80
84 8 75
84 9 100
84 10 116
84 11 138
84 12 102
84 13 104
84 14 98
84 15 89
84 16 106
84 17 72
84 18 56
84 19 87
84 20 108
84 21 107
84 22 105
84 23 134
84 24 96
84 25 123
84 26 102
84 27 117
84 28 75
84 29 108
84 30 138
84 31 148
84 32 106
84 33 93
84 34 64
84 35 93
84 36 79
84 37 53
84 38 77
84 39 119
84 40 142
84 41 111
84 42 96
84 43 85
84 44 127
84 45 140
84 46 100
84 47 63
84 48 76
84 49 131
84 50 70
84 51 105
84 52 128
84 53 118
84 54 73
84 55 71
84 56 83
84 57 96
84 58 70
84 59 69
84 60 137
84 61 58
84 62 126
84 63 70
84 64 95
84 65 68
84 66 68
84 67 59
84 68 82
84 69 123
84 70 70
84 71 125
84 72 99
84 73 54
84 74 144
84 75 110
84 76 94
84 77 60
84 78 145
84 79 52
84 80 133
84 81 132
84 82 58
84 83 64
84 85 148
84 86 129
84 87 120
84 88 91
84 89 52
84 90 93
84 91 90
84 92 87
84 93 149
84 94 83
84 95 104
84 96 93
84 97 92
84 98 106
84 99 123
85 1 107
85 2 106
85 3 62
85 4 67
85 5 106
85 6 131
85 7 57
85 8 89
85 9 148
85 10 84
85 11 109
85 12 81
85 13 87
85 14 141
85 15 96
85 16 79
85 17 149
85 18 53
85 19 144
85 20 106
85 21 54
85 22 80
85 23 133
85 24 94
85 25 94
85 26 62
85 27 90
85 28 110
85 29 52
85 30 109
85 31 56
85 32 60
85 33 120
85 34 89
85 35 127
85 36 82
85 37 115
85 38 145
85 39 78
85 40 68
85 41 128
85 42 123
85 43 97
85 44 56
85 45 121
85 46 116
85 47 72
85 48 95
85 49 132
85 50 85
85 51 133
85 52 122
85 53 61
85 54 96
85 55 149
85 56 50
85 57 67
85 58 53
85 59 89
85 60 133
85 61 72
85 62 127
85 63 93
85 64 110
85 65 145
85 66 122
85 67 133
85 68 94
85 69 127
85 70 119
85 71 89
85 72 83
85 73 74
85 74 71
85 75 117
85 76 53
85 77 87
85 78 56
85 79 92
85 80 94
85 81 54
85 82 82
85 83 146
85 84 148
85 86 99
85 87 98
85 88 135
85 89 140
85 90 131
85 91 140
85 92 133
85 93 51
85 94 83
85 95 50
85 96 78
85 97 84
85 98 143
85 99 124
86 1 78
86 2 130
86 3 143
86 4 150
86 5 144
86 6 127
86 7 146
86 8 137
86 9 129
86 10 138
86 11 136
86 12 99
86 13 115
86 14 87
86 15 103
86 16 150
86 17 121
86 18 123
86 19 127
86 20 107
86 21 77
86 22 82
86 23 130
86 24 108
86 25 120
86 26 137
86 27 126
86 28 114
86 29 125
86 30 138
86 31 61
86 32 86
86 33 113
86 34 150
86 35 83
86 36 133
86 37 94
86 38 87
86 39 96
86 40 143
86 41 67
86 42 87
86 43 53
86 44 144
86 45 58
86 46 51
86 47 91
86 48 133
86 49 103
86 50 109
86 51 101
86 52 134
86 53 147
86 54 103
86 55 100
86 56 126
86 57 110
86 58 111
86 59 138
86 60 140
86 61 57
86 62 97
86 63 144
86 64 135
86 65 54
86 66 94
86 67 124
86 68 76
86 69 146
86 70 90
86 71 138
86 72 130
86 73 51
86 74 148
86 75 68
86 76 103
86 77 125
86 78 103
86 79 121
86 80 148
86 81 82
86 82 124
86 83 101
86 84 129
86 85 99
86 87 63
86 88 74
86 89 144
86 90 133
86 91 58
86 92 87
86 93 92
86 94 54
86 95 107
86 96 71
86 97 137
86 98 95
86 99 121
87 1 130
87 2 100
87 3 147
87 4 149
87 5 102
87 6 107
87 7 74
87 8 101
87 9 74
87 10 71
87 11 126
87 12 108
87 13 94
87 14 136
87 15 102
87 16 82
87 17 114
87 18 52
87 19 148
87 20 124
87 21 75
87 22 67
87 23 135
87 24 100
87 25 104
87 26 88
87 27 97
87 28 133
87 29 142
87 30 85
87 31 103
87 32 63
87 33 134
87 34 113
87 35 85
87 36 62
87 37 74
87 38 137
87 39 112
87 40 120
87 41 70
87 42 139
87 43 68
87 44 148
87 45 144
87 46 97
87 47 82
87 48 106
87 49 73
87 50 63
87 51 90
87 52 54
87 53 139
87 54 125
87 55 136
87 56 92
87 57 148
87 58 139
87 59 142
87 60 57
87 61 71
87 62 97
87 63 77
87 64 146
87 65 120
87 66 131
87 67 101
87 68 94
87 69 148
87 70 57
87 71 78
87 72 81
87 73 70
87 74 55
87 75 64
87 76 61
87 77 138
87 78 70
87 79 64
87 80 70
87 81 84
87 82 100
87 83 135
87 84 120
87 85 98
87 86 63
87 88 60
87 89 102
87 90 133
87 91 88
87 92 71
87 93 93
87 94 115
87 95 53
87 96 135
87 97 97
87 98 128
87 99 66
88 1 149
88 2 55
88 3 126
88 4 150
88 5 96
88 6 53
88 7 68
88 8 112
88 9 140
88 10 95
88 11 98
88 12 115
88 13 150
88 14 132
88 15 74
88 16 64
88 17 113
88 18 111
88 19 87
88 20 123
88 21 150
88 22 55
88 23 82
88 24 93
88 25 62
88 26 57
88 27 124
88 28 127
88 29 108
88 30 141
88 31 80
88 32 68
88 33 56
88 34 73
88 35 125
88 36 85
88 37 139
88 38 51
88 39 116
88 40 150
88 41 135
88 42 80
88 43 59
88 44 100
88 45 109
88 46 111
88 47 53
88 48 141
88 49 146
88 50 100
88 51 118
88 52 56
88 53 140
88 54 109
88 55 149
88 56 105
88 57 64
88 58 118
88 59 139
88 60 67
88 61 125
88 62 115
88 63 117
88 64 93
88 65 143
88 66 117
88 67 139
88 68 117
88 69 83
88 70 150
88 71 145
88 72 127
88 73 67
88 74 80
88 75 119
88 76 126
88 77 114
88 78 137
88 79 75
88 80 124
88 81 114
88 82 112
88 83 85
88 84 91
88 85 135
88 86 74
88 87 60
88 89 103
88 90 137
88 91 86
88 92 107
88 93 148
88 94 147
88 95 79
88 96 122
88 97 142
88 98 59
88 99 126
89 1 134
89 2 63
89 3 89
89 4 51
89 5 114
89 6 119
89 7 142
89 8 63
89 9 111
89 10 53
89 11 131
89 12 51
89 13 102
89 14 65
89 15 90
89 16 71
89 17 140
89 18 52
89 19 137
89 20 132
89 21 136
89 22 119
89 23 147
89 24 100
89 25 64
89 26 87
89 27 145
89 28 93
89 29 73
89 30 83
89 31 126
89 32 114
89 33 56
89 34 139
89 35 71
89 36 90
89 37 134
89 38 105
89 39 114
89 40 76
89 41 77
89 42 84
89 43 89
89 44 122
89 45 100
89 46 106
89 47 52
89 48 124
89 49 118
89 50 133
89 51 101
89 52 84
89 53 148
89 54 64
89 55 99
89 56 135
89 57 139
89 58 71
89 59 53
89 60 90
89 61 85
89 62 84
89 63 112
89 64 67
89 65 79
89 66 109
89 67 64
89 68 74
89 69 91
89 70 99
89 71 90
89 72 96
89 73 145
89 74 77
89 75 80
89 76 111
89 77 116
89 78 102
89 79 132
89 80 116
89 81 86
89 82 99
89 83 131
89 84 52
89 85 140
89 86 144
89 87 102
89 88 103
89 90 72
89 91 56
89 92 98
89 93 150
89 94 52
89 95 87
89 96 137
89 97 83
89 98 87
89 99 56
90 1 96
90 2 141
90 3 60
90 4 68
90 5 103
90 6 74
90 7 131
90 8 82
90 9 52
90 10 139
90 11 72
90 12 94
90 13 112
90 14 71
90 15 143
90 16 112
90 17 84
90 18 94
90 19 72
90 20 88
90 21 122
90 22 108
90 23 71
90 24 135
90 25 95
90 26 91
90 27 65
90 28 86
90 29 77
90 30 149
90 31 83
90 32 84
90 33 72
90 34 60
90 35 113
90 36 144
90 37 137
90 38 120
90 39 90
90 40 75
90 41 109
90 42 61
90 43 105
90 44 149
90 45 117
90 46 63
90 47 116
90 48 109
90 49 131
90 50 150
90 51 94
90 52 139
90 53 113
90 54 131
90 55 124
90 56 115
90 57 64
90 58 116
90 59 79
90 60 105
90 61 109
90 62 127
90 63 88
90 64 76
90 65 58
90 66 89
90 67 75
90 68 61
90 69 143
90 70 55
90 71 91
90 72 133
90 73 103
90 74 121
90 75 68
90 76 67
90 77 55
90 78 109
90 79 133
90 80 61
90 81 61
90 82 136
90 83 74
90 84 93
90 85 131
90 86 133
90 87 133
90 88 137
90 89 72
90 91 121
90 92 62
90 93 60
90 94 87
90 95 131
90 96 117
90 97 107
90 98 112
90 99 52
91 1 105
91 2 72
91 3 51
91 4 111
91 5 131
91 6 87
91 7 58
91 8 77
91 9 50
91 10 89
91 11 126
91 12 134
91 13 54
91 14 112
91 15 110
91 16 134
91 17 76
91 18 79
91 19 103
91 20 66
91 21 139
91 22 91
91 23 91
91 24 82
91 25 85
91 26 145
91 27 104
91 28 89
91 29 61
91 30 93
91 31 105
91 32 107
91 33 132
91 34 126
91 35 85
91 36 111
91 37 68
91 38 95
91 39 149
91 40 94
91 41 81
91 42 82
91 43 52
91 44 55
91 45 91
91 46 64
91 47 146
91 48 57
91 49 140
91 50 52
91 51 141
91 52 106
91 53 132
91 54 123
91 55 125
91 56 92
91 57 65
91 58 130
91 59 127
91 60 89
91 61 74
91 62 149
91 63 69
91 64 149
91 65 51
91 66 89
91 67 147
91 68 98
91 69 123
91 70 92
91 71 93
91 72 119
91 73 106
91 74 89
91 75 73
91 76 89
91 77 90
91 78 80
91 79 119
91 80 57
91 81 117
91 82 84
91 83 107
91 84 90
91 85 140
91 86 58
91 87 88
91 88 86
91 89 56
91 90 121
91 92 150
91 93 55
91 94 69
91 95 134
91 96 106
91 97 128
91 98 89
91 99 130
92 1 108
92 2 84
92 3 138
92 4 73
92 5 80
92 6 81
92 7 118
92 8 78
92 9 97
92 10 79
92 11 116
92 12 113
92 13 149
92 14 110
92 15 97
92 16 71
92 17 99
92 18 127
92 19 91
92 20 141
92 21 80
92 22 147
92 23 65
92 24 112
92 25 138
92 26 65
92 27 135
92 28 142
92 29 79
92 30 65
92 31 120
92 32 100
92 33 106
92 34 69
92 35 91
92 36 95
92 37 130
92 38 91
92 39 110
92 40 98
92 41 62
92 42 51
92 43 113
92 44 145
92 45 95
92 46 66
92 47 127
92 48 72
92 49 94
92 50 146
92 51 64
92 52 65
92 53 76
92 54 84
92 55 144
92 56 51
92 57 57
92 58 124
92 59 82
92 60 115
92 61 130
92 62 82
92 63 141
92 64 131
92 65 123
92 66 55
92 67 82
92 68 73
92 69 97
92 70 99
92 71 63
92 72 138
92 73 61
92 74 145
92 75 124
92 76 128
92 77 105
92 78 142
92 79 87
92 80 103
92 81 71
92 82 113
92 83 102
92 84 87
92 85 133
92 86 87
92 87 71
92 88 107
92 89 98
92 90 62
92 91 150
92 93 74
92 94 126
92 95 140
92 96 68
92 97 124
92 98 127
92 99 146
93 1 103
93 2 88
93 3 61
93 4 69
93 5 126
93 6 117
93 7 135
93 8 75
93 9 74
93 10 146
93 11 141
93 12 77
93 13 149
93 14 98
93 15 119
93 16 121
93 17 68
93 18 122
93 19 121
93 20 126
93 21 93
93 22 66
93 23 108
93 24 118
93 25 90
93 26 127
93 27 75
93 28 142
93 29 103
93 30 61
93 31 126
93 32 66
93 33 146
93 34 133
93 35 107
93 36 78
93 37 132
93 38 74
93 39 137
93 40 59
93 41 50
93 42 126
93 43 105
93 44 126
93 45 83
93 46 57
93 47 104
93 48 95
93 49 64
93 50 75
93 51 63
93 52 145
93 53 105
93 54 127
93 55 124
93 56 93
93 57 93
93 58 150
93 59 71
93 60 126
93 61 138
93 62 143
93 63 92
93 64 123
93 65 97
93 66 65
93 67 124
93 68 71
93 69 101
93 70 143
93 71 94
93 72 140
93 73 52
93 74 140
93 75 106
93 76 71
93 77 90
93 78 139
93 79 118
93 80 68
93 81 131
93 82 52
93 83 148
93 84 149
93 85 51
93 86 92
93 87 93
93 88 148
93 89 150
93 90 60
93 91 55
93 92 74
93 94 145
93 95 139
93 96 145
93 97 91
93 98 83
93 99 122
94 1 119
94 2 90
94 3 66
94 4 135
94 5 106
94 6 127
94 7 141
94 8 66
94 9 120
94 10 58
94 11 131
94 12 115
94 13 91
94 14 61
94 15 137
94 16 122
94 17 88
94 18 141
94 19 112
94 20 53
94 21 98
94 22 85
94 23 137
94 24 53
94 25 101
94 26 113
94 27 145
94 28 69
94 29 130
94 30 117
94 31 120
94 32 146
94 33 150
94 34 56
94 35 114
94 36 111
94 37 107
94 38 81
94 39 87
94 40 150
94 41 61
94 42 134
94 43 126
94 44 65
94 45 95
94 46 150
94 47 112
94 48 119
94 49 138
94 50 147
94 51 117
94 52 128
94 53 122
94 54 63
94 55 116
94 56 86
94 57 110
94 58 88
94 59 120
94 60 118
94 61 81
94 62 62
94 63 60
94 64 129
94 65 97
94 66 67
94 67 75
94 68 126
94 69 72
94 70 96
94 71 112
94 72 91
94 73 81
94 74 91
94 75 143
94 76 86
94 77 148
94 78 136
94 79 100
94 80 83
94 81 53
94 82 91
94 83 91
94 84 83
94 85 83
94 86 54
94 87 115
94 88 147
94 89 52
94 90 87
94 91 69
94 92 126
94 93 145
94 95 57
94 96 102
94 97 132
94 98 138
94 99 135
95 1 130
95 2 88
95 3 82
95 4 134
95 5 109
95 6 145
95 7 53
95 8 147
95 9 107
95 10 136
95 11 75
95 12 70
95 13 55
95 14 146
95 15 94
95 16 115
95 17 52
95 18 50
95 19 79
95 20 71
95 21 113
95 22 110
95 23 50
95 24 80
95 25 122
95 26 106
95 27 54
95 28 150
95 29 127
95 30 70
95 31 145
95 32 136
95 33 93
95 34 88
95 35 131
95 36 62
95 37 139
95 38 120
95 39 66
95 40 149
95 41 116
95 42 77
95 43 126
95 44 143
95 45 108
95 46 125
95 47 120
95 48 51
95 49 115
95 50 120
95 51 136
95 52 111
95 53 128
95 54 71
95 55 77
95 56 126
95 57 96
95 58 54
95 59 51
95 60 52
95 61 100
95 62 124
95 63 145
95 64 113
95 65 71
95 66 68
95 67 56
95 68 93
95 69 79
95 70 100
95 71 90
95 72 65
95 73 141
95 74 58
95 75 144
95 76 81
95 77 65
95 78 59
95 79 62
95 80 73
95 81 148
95 82 82
95 83 116
95 84 104
95 85 50
95 86 107
95 87 53
95 88 79
95 89 87
95 90 131
95 91 134
95 92 140
95 93 139
95 94 57
95 96 80
95 97 90
95 98 52
95 99 113
96 1 109
96 2 105
96 3 100
96 4 109
96 5 72
96 6 73
96 7 90
96 8 67
96 9 69
96 10 133
96 11 137
96 12 137
96 13 60
96 14 125
96 15 61
96 16 119
96 17 64
96 18 87
96 19 87
96 20 139
96 21 123
96 22 144
96 23 57
96 24 109
96 25 55
96 26 120
96 27 64
96 28 142
96 29 140
96 30 142
96 31 57
96 32 53
96 33 129
96 34 121
96 35 117
96 36 52
96 37 149
96 38 125
96 39 115
96 40 147
96 41 105
96 42 90
96 43 143
96 44 62
96 45 107
96 46 63
96 47 75
96 48 142
96 49 79
96 50 97
96 51 78
96 52 133
96 53 124
96 54 51
96 55 60
96 56 117
96 57 136
96 58 145
96 59 93
96 60 138
96 61 142
96 62 93
96 63 88
96 64 115
96 65 65
96 66 143
96 67 124
96 68 116
96 69 122
96 70 89
96 71 112
96 72 103
96 73 126
96 74 142
96 75 88
96 76 85
96 77 123
96 78 87
96 79 74
96 80 53
96 81 82
96 82 80
96 83 51
96 84 93
96 85 78
96 86 71
96 87 135
96 88 122
96 89 137
96 90 117
96 91 106
96 92 68
96 93 145
96 94 102
96 95 80
96 97 141
96 98 96
96 99 100
97 1 149
97 2 128
97 3 110
97 4 111
97 5 102
97 6 113
97 7 110
97 8 114
97 9 79
97 10 141
97 11 71
97 12 117
97 13 88
97 14 125
97 15 54
97 16 58
97 17 74
97 18 143
97 19 77
97 20 89
97 21 141
97 22 115
97 23 106
97 24 117
97 25 100
97 26 119
97 27 93
97 28 91
97 29 130
97 30 131
97 31 148
97 32 125
97 33 138
97 34 113
97 35 57
97 36 114
97 37 132
97 38 107
97 39 121
97 40 53
97 41 96
97 42 130
97 43 118
97 44 77
97 45 100
97 46 121
97 47 96
97 48 99
97 49 120
97 50 63
97 51 114
97 52 135
97 53 87
97 54 71
97 55 92
97 56 132
97 57 105
97 58 122
97 59 132
97 60 81
97 61 103
97 62 82
97 63 68
97 64 80
97 65 146
97 66 144
97 67 57
97 68 100
97 69 69
97 70 56
97 71 56
97 72 138
97 73 50
97 74 143
97 75 144
97 76 113
97 77 63
97 78 148
97 79 104
97 80 82
97 81 143
97 82 120
97 83 137
97 84 92
97 85 84
97 86 137
97 87 97
97 88 142
97 89 83
97 90 107
97 91 128
97 92 124
97 93 91
97 94 132
97 95 90
97 96 141
97 98 65
97 99 84
98 1 125
98 2 121
98 3 148
98 4 86
98 5 91
98 6 124
98 7 58
98 8 116
98 9 78
98 10 87
98 11 85
98 12 120
98 13 85
98 14 82
98 15 107
98 16 100
98 17 60
98 18 86
98 19 138
98 20 138
98 21 114
98 22 147
98 23 139
98 24 127
98 25 87
98 26 79
98 27 115
98 28 137
98 29 142
98 30 126
98 31 75
98 32 81
98 33 86
98 34 57
98 35 94
98 36 82
98 37 64
98 38 101
98 39 127
98 40 148
98 41 101
98 42 113
98 43 71
98 44 52
98 45 89
98 46 115
98 47 119
98 48 100
98 49 109
98 50 95
98 51 79
98 52 98
98 53 131
98 54 142
98 55 104
98 56 106
98 57 119
98 58 61
98 59 106
98 60 61
98 61 63
98 62 146
98 63 132
98 64 62
98 65 103
98 66 94
98 67 96
98 68 68
98 69 59
98 70 81
98 71 71
98 72 74
98 73 65
98 74 106
98 75 79
98 76 73
98 77 71
98 78 145
98 79 58
98 80 146
98 81 141
98 82 70
98 83 63
98 84 106
98 85 143
98 86 95
98 87 128
98 88 59
98 89 87
98 90 112
98 91 89
98 92 127
98 93 83
98 94 138
98 95 52
98 96 96
98 97 65
98 99 92
1 t 106
2 t 121
3 t 63
4 t 65
5 t 112
6 t 82
7 t 120
8 t 141
9 t 146
10 t 54
11 t 127
12 t 100
13 t 50
14 t 58
15 t 63
16 t 132
17 t 105
18 t 148
19 t 119
20 t 133
21 t 109
22 t 52
23 t 112
24 t 126
25 t 85
26 t 63
27 t 89
28 t 100
29 t 72
30 t 143
31 t 73
32 t 50
33 t 94
34 t 52
35 t 75
36 t 75
37 t 102
38 t 111
39 t 145
40 t 116
41 t 93
42 t 107
43 t 107
44 t 68
45 t 98
46 t 148
47 t 149
48 t 137
49 t 145
50 t 85
51 t 112
52 t 97
53 t 107
54 t 52
55 t 137
56 t 134
57 t 94
58 t 109
59 t 146
60 t 59
61 t 56
62 t 136
63 t 143
64 t 143
65 t 131
66 t 52
67 t 106
68 t 91
69 t 109
70 t 90
71 t 59
72 t 143
73 t 71
74 t 148
75 t 113
76 t 141
77 t 149
78 t 135
79 t 93
80 t 77
81 t 56
82 t 105
83 t 54
84 t 123
85 t 124
86 t 121
87 t 66
88 t 126
89 t 56
90 t 52
91 t 130
92 t 146
93 t 122
94 t 135
95 t 113
96 t 100
97 t 84
98 t 92
