s 1 427
s 2 485
s 3 293
s 4 320
s 5 404
s 6 479
s 7 493
s 8 256
s 9 414
s 10 487
s 11 475
s 12 281
s 13 441
s 14 475
s 15 395
s 16 417
s 17 311
s 18 361
s 19 379
s 20 369
s 21 395
s 22 477
s 23 497
s 24 332
s 25 296
s 26 500
s 27 431
s 28 301
s 29 367
s 30 292
s 31 391
s 32 271
s 33 371
s 34 388
s 35 455
s 36 489
s 37 484
s 38 340
s 39 298
s 40 337
s 41 394
s 42 252
s 43 309
s 44 455
s 45 423
s 46 441
s 47 429
s 48 414
s 49 432
s 50 271
s 51 335
s 52 410
s 53 289
s 54 278
s 55 309
s 56 253
s 57 464
s 58 428
s 59 450
s 60 397
s 61 315
s 62 355
s 63 394
s 64 298
s 65 258
s 66 270
s 67 496
s 68 488
s 69 343
s 70 340
s 71 372
s 72 315
s 73 283
s 74 409
s 75 457
s 76 278
s 77 449
s 78 343
s 79 343
s 80 292
s 81 457
s 82 361
s 83 426
s 84 300
s 85 487
s 86 258
s 87 281
s 88 305
s 89 455
s 90 299
s 91 268
s 92 349
s 93 345
s 94 389
s 95 285
s 96 497
s 97 423
s 98 489
s 99 356
1 2 309
1 3 322
1 4 415
1 5 477
1 6 272
1 7 298
1 8 351
1 9 467
1 10 448
1 11 398
1 12 487
1 13 458
1 14 256
1 15 357
1 16 486
1 17 363
1 18 485
1 19 313
1 20 495
1 21 337
1 22 378
1 23 445
1 24 495
1 25 352
1 26 373
1 27 387
1 28 474
1 29 301
1 30 354
1 31 338
1 32 417
1 33 393
1 34 357
1 35 367
1 36 253
1 37 264
1 38 435
1 39 476
1 40 252
1 41 365
1 42 271
1 43 357
1 44 274
1 45 492
1 46 451
1 47 335
1 48 472
1 49 358
1 50 473
1 51 255
1 52 486
1 53 488
1 54 482
1 55 358
1 56 347
1 57 386
1 58 252
1 59 438
1 60 422
1 61 386
1 62 473
1 63 357
1 64 356
1 65 470
1 66 325
1 67 267
1 68 363
1 69 480
1 70 272
1 71 363
1 72 252
1 73 372
1 74 480
1 75 317
1 76 252
1 77 266
1 78 474
1 79 492
1 80 299
1 81 481
1 82 485
1 83 344
1 84 273
1 85 387
1 86 306
1 87 271
1 88 446
1 89 378
1 90 416
1 91 476
1 92 410
1 93 291
1 94 473
1 95 276
1 96 286
1 97 384
1 98 344
1 99 421
2 1 309
2 3 487
2 4 462
2 5 312
2 6 256
2 7 285
2 8 432
2 9 284
2 10 407
2 11 385
2 12 476
2 13 299
2 14 397
2 15 496
2 16 374
2 17 340
2 18 389
2 19 317
2 20 432
2 21 433
2 22 467
2 23 315
2 24 386
2 25 307
2 26 355
2 27 496
2 28 364
2 29 491
2 30 499
2 31 266
2 32 499
2 33 430
2 34 463
2 35 381
2 36 495
2 37 299
2 38 297
2 39 475
2 40 396
2 41 304
2 42 394
2 43 374
2 44 331
2 45 328
2 46 297
2 47 325
2 48 397
2 49 258
2 50 412
2 51 320
2 52 373
2 53 344
2 54 273
2 55 324
2 56 381
2 57 460
2 58 258
2 59 438
2 60 435
2 61 343
2 62 294
2 63 423
2 64 359
2 65 361
2 66 369
2 67 346
2 68 256
2 69 375
2 70 451
2 71 379
2 72 282
2 73 360
2 74 434
2 75 260
2 76 454
2 77 348
2 78 268
2 79 385
2 80 419
2 81 265
2 82 296
2 83 487
2 84 274
2 85 282
2 86 463
2 87 438
2 88 422
2 89 251
2 90 377
2 91 321
2 92 380
2 93 391
2 94 333
2 95 385
2 96 448
2 97 380
2 98 417
2 99 290
3 1 322
3 2 487
3 4 438
3 5 403
3 6 338
3 7 474
3 8 324
3 9 359
3 10 266
3 11 407
3 12 336
3 13 375
3 14 331
3 15 258
3 16 302
3 17 275
3 18 474
3 19 408
3 20 353
3 21 467
3 22 277
3 23 500
3 24 467
3 25 314
3 26 403
3 27 371
3 28 482
3 29 402
3 30 320
3 31 265
3 32 410
3 33 255
3 34 366
3 35 287
3 36 278
3 37 459
3 38 314
3 39 430
3 40 449
3 41 335
3 42 277
3 43 488
3 44 359
3 45 444
3 46 261
3 47 496
3 48 349
3 49 409
3 50 311
3 51 404
3 52 435
3 53 342
3 54 349
3 55 419
3 56 362
3 57 482
3 58 433
3 59 257
3 60 283
3 61 423
3 62 454
3 63 330
3 64 429
3 65 411
3 66 386
3 67 258
3 68 441
3 69 261
3 70 280
3 71 440
3 72 360
3 73 382
3 74 326
3 75 494
3 76 444
3 77 372
3 78 411
3 79 339
3 80 486
3 81 337
3 82 283
3 83 341
3 84 463
3 85 381
3 86 358
3 87 269
3 88 362
3 89 267
3 90 432
3 91 400
3 92 339
3 93 324
3 94 318
3 95 397
3 96 329
3 97 489
3 98 317
3 99 307
4 1 415
4 2 462
4 3 438
4 5 385
4 6 402
4 7 315
4 8 398
4 9 256
4 10 404
4 11 375
4 12 312
4 13 325
4 14 396
4 15 496
4 16 350
4 17 313
4 18 446
4 19 347
4 20 362
4 21 371
4 22 355
4 23 403
4 24 404
4 25 433
4 26 460
4 27 300
4 28 330
4 29 428
4 30 298
4 31 275
4 32 429
4 33 309
4 34 404
4 35 369
4 36 444
4 37 260
4 38 393
4 39 401
4 40 323
4 41 456
4 42 289
4 43 257
4 44 312
4 45 444
4 46 337
4 47 376
4 48 397
4 49 371
4 50 270
4 51 362
4 52 469
4 53 341
4 54 334
4 55 370
4 56 441
4 57 340
4 58 478
4 59 311
4 60 482
4 61 336
4 62 358
4 63 349
4 64 350
4 65 481
4 66 351
4 67 342
4 68 273
4 69 477
4 70 440
4 71 284
4 72 443
4 73 263
4 74 402
4 75 322
4 76 268
4 77 417
4 78 289
4 79 317
4 80 363
4 81 454
4 82 493
4 83 323
4 84 493
4 85 338
4 86 356
4 87 429
4 88 371
4 89 288
4 90 414
4 91 464
4 92 301
4 93 409
4 94 457
4 95 437
4 96 254
4 97 281
4 98 412
4 99 405
5 1 477
5 2 312
5 3 403
5 4 385
5 6 253
5 7 495
5 8 292
5 9 380
5 10 276
5 11 338
5 12 464
5 13 384
5 14 395
5 15 429
5 16 488
5 17 351
5 18 332
5 19 351
5 20 412
5 21 337
5 22 380
5 23 418
5 24 390
5 25 295
5 26 475
5 27 312
5 28 286
5 29 398
5 30 273
5 31 493
5 32 423
5 33 432
5 34 452
5 35 262
5 36 425
5 37 465
5 38 360
5 39 476
5 40 449
5 41 357
5 42 431
5 43 352
5 44 477
5 45 313
5 46 424
5 47 264
5 48 289
5 49 447
5 50 377
5 51 498
5 52 402
5 53 279
5 54 367
5 55 255
5 56 261
5 57 432
5 58 312
5 59 250
5 60 460
5 61 468
5 62 281
5 63 338
5 64 275
5 65 373
5 66 411
5 67 364
5 68 478
5 69 341
5 70 450
5 71 337
5 72 486
5 73 337
5 74 468
5 75 384
5 76 400
5 77 497
5 78 419
5 79 398
5 80 393
5 81 412
5 82 326
5 83 361
5 84 279
5 85 387
5 86 383
5 87 430
5 88 333
5 89 500
5 90 454
5 91 335
5 92 404
5 93 255
5 94 429
5 95 321
5 96 284
5 97 382
5 98 411
5 99 447
6 1 272
6 2 256
6 3 338
6 4 402
6 5 253
6 7 326
6 8 285
6 9 396
6 10 484
6 11 500
6 12 339
6 13 295
6 14 260
6 15 286
6 16 490
6 17 425
6 18 329
6 19 414
6 20 317
6 21 493
6 22 429
6 23 419
6 24 404
6 25 487
6 26 380
6 27 380
6 28 335
6 29 468
6 30 412
6 31 451
6 32 495
6 33 268
6 34 433
6 35 299
6 36 431
6 37 475
6 38 441
6 39 319
6 40 291
6 41 371
6 42 377
6 43 313
6 44 462
6 45 499
6 46 354
6 47 459
6 48 296
6 49 499
6 50 298
6 51 320
6 52 254
6 53 473
6 54 308
6 55 459
6 56 353
6 57 406
6 58 486
6 59 480
6 60 348
6 61 392
6 62 488
6 63 496
6 64 439
6 65 436
6 66 362
6 67 427
6 68 275
6 69 314
6 70 303
6 71 446
6 72 455
6 73 269
6 74 479
6 75 390
6 76 496
6 77 323
6 78 281
6 79 494
6 80 340
6 81 447
6 82 320
6 83 486
6 84 298
6 85 378
6 86 431
6 87 257
6 88 421
6 89 293
6 90 324
6 91 286
6 92 318
6 93 357
6 94 270
6 95 260
6 96 439
6 97 357
6 98 445
6 99 362
7 1 298
7 2 285
7 3 474
7 4 315
7 5 495
7 6 326
7 8 411
7 9 435
7 10 477
7 11 496
7 12 309
7 13 335
7 14 391
7 15 405
7 16 331
7 17 418
7 18 366
7 19 497
7 20 251
7 21 256
7 22 334
7 23 292
7 24 401
7 25 463
7 26 421
7 27 495
7 28 345
7 29 335
7 30 489
7 31 363
7 32 315
7 33 430
7 34 415
7 35 267
7 36 348
7 37 382
7 38 404
7 39 457
7 40 315
7 41 312
7 42 276
7 43 486
7 44 383
7 45 255
7 46 446
7 47 279
7 48 380
7 49 288
7 50 375
7 51 384
7 52 274
7 53 468
7 54 488
7 55 264
7 56 388
7 57 442
7 58 326
7 59 473
7 60 283
7 61 379
7 62 450
7 63 302
7 64 312
7 65 421
7 66 312
7 67 294
7 68 454
7 69 363
7 70 337
7 71 290
7 72 461
7 73 420
7 74 404
7 75 370
7 76 374
7 77 321
7 78 301
7 79 363
7 80 389
7 81 436
7 82 407
7 83 328
7 84 254
7 85 329
7 86 287
7 87 339
7 88 386
7 89 308
7 90 268
7 91 433
7 92 449
7 93 254
7 94 425
7 95 446
7 96 255
7 97 413
7 98 356
7 99 291
8 1 351
8 2 432
8 3 324
8 4 398
8 5 292
8 6 285
8 7 411
8 9 355
8 10 332
8 11 296
8 12 498
8 13 314
8 14 269
8 15 270
8 16 281
8 17 295
8 18 440
8 19 294
8 20 387
8 21 284
8 22 345
8 23 279
8 24 329
8 25 300
8 26 315
8 27 264
8 28 354
8 29 410
8 30 302
8 31 440
8 32 443
8 33 403
8 34 274
8 35 354
8 36 463
8 37 303
8 38 261
8 39 429
8 40 294
8 41 491
8 42 448
8 43 251
8 44 411
8 45 464
8 46 414
8 47 308
8 48 427
8 49 353
8 50 396
8 51 307
8 52 388
8 53 349
8 54 343
8 55 466
8 56 385
8 57 394
8 58 480
8 59 369
8 60 404
8 61 250
8 62 428
8 63 281
8 64 303
8 65 299
8 66 498
8 67 314
8 68 461
8 69 477
8 70 499
8 71 478
8 72 353
8 73 494
8 74 297
8 75 387
8 76 382
8 77 488
8 78 356
8 79 481
8 80 314
8 81 421
8 82 462
8 83 449
8 84 469
8 85 415
8 86 436
8 87 401
8 88 302
8 89 253
8 90 331
8 91 456
8 92 432
8 93 346
8 94 495
8 95 438
8 96 337
8 97 302
8 98 308
8 99 356
9 1 467
9 2 284
9 3 359
9 4 256
9 5 380
9 6 396
9 7 435
9 8 355
9 10 338
9 11 484
9 12 321
9 13 395
9 14 261
9 15 255
9 16 457
9 17 467
9 18 370
9 19 465
9 20 400
9 21 277
9 22 400
9 23 448
9 24 380
9 25 312
9 26 382
9 27 275
9 28 372
9 29 266
9 30 278
9 31 385
9 32 440
9 33 495
9 34 308
9 35 448
9 36 279
9 37 349
9 38 450
9 39 314
9 40 302
9 41 405
9 42 351
9 43 491
9 44 385
9 45 419
9 46 375
9 47 378
9 48 341
9 49 302
9 50 389
9 51 458
9 52 424
9 53 462
9 54 374
9 55 453
9 56 275
9 57 490
9 58 353
9 59 487
9 60 334
9 61 335
9 62 442
9 63 385
9 64 466
9 65 487
9 66 448
9 67 268
9 68 464
9 69 405
9 70 254
9 71 448
9 72 381
9 73 394
9 74 289
9 75 406
9 76 407
9 77 265
9 78 353
9 79 340
9 80 322
9 81 331
9 82 414
9 83 461
9 84 345
9 85 375
9 86 368
9 87 321
9 88 420
9 89 466
9 90 278
9 91 388
9 92 408
9 93 489
9 94 359
9 95 438
9 96 425
9 97 305
9 98 250
9 99 305
10 1 448
10 2 407
10 3 266
10 4 404
10 5 276
10 6 484
10 7 477
10 8 332
10 9 338
10 11 298
10 12 313
10 13 349
10 14 491
10 15 451
10 16 343
10 17 323
10 18 418
10 19 397
10 20 413
10 21 489
10 22 419
10 23 391
10 24 359
10 25 273
10 26 320
10 27 494
10 28 424
10 29 414
10 30 324
10 31 490
10 32 277
10 33 398
10 34 379
10 35 414
10 36 414
10 37 478
10 38 496
10 39 284
10 40 365
10 41 432
10 42 449
10 43 309
10 44 286
10 45 405
10 46 435
10 47 406
10 48 475
10 49 440
10 50 286
10 51 268
10 52 377
10 53 462
10 54 334
10 55 318
10 56 437
10 57 487
10 58 488
10 59 440
10 60 326
10 61 407
10 62 254
10 63 437
10 64 368
10 65 306
10 66 426
10 67 496
10 68 346
10 69 377
10 70 408
10 71 263
10 72 403
10 73 308
10 74 337
10 75 299
10 76 423
10 77 411
10 78 425
10 79 329
10 80 401
10 81 378
10 82 272
10 83 494
10 84 497
10 85 485
10 86 333
10 87 436
10 88 438
10 89 478
10 90 319
10 91 478
10 92 333
10 93 310
10 94 270
10 95 288
10 96 314
10 97 298
10 98 322
10 99 396
11 1 398
11 2 385
11 3 407
11 4 375
11 5 338
11 6 500
11 7 496
11 8 296
11 9 484
11 10 298
11 12 499
11 13 442
11 14 361
11 15 391
11 16 459
11 17 295
11 18 313
11 19 307
11 20 366
11 21 286
11 22 407
11 23 426
11 24 354
11 25 330
11 26 437
11 27 348
11 28 470
11 29 331
11 30 302
11 31 359
11 32 343
11 33 293
11 34 380
11 35 498
11 36 343
11 37 353
11 38 495
11 39 487
11 40 392
11 41 422
11 42 487
11 43 276
11 44 405
11 45 387
11 46 257
11 47 258
11 48 468
11 49 406
11 50 362
11 51 320
11 52 271
11 53 398
11 54 380
11 55 415
11 56 425
11 57 274
11 58 468
11 59 314
11 60 400
11 61 484
11 62 334
11 63 375
11 64 417
11 65 444
11 66 500
11 67 391
11 68 432
11 69 431
11 70 442
11 71 353
11 72 263
11 73 386
11 74 266
11 75 401
11 76 260
11 77 436
11 78 346
11 79 295
11 80 435
11 81 293
11 82 469
11 83 496
11 84 300
11 85 331
11 86 402
11 87 406
11 88 333
11 89 440
11 90 296
11 91 323
11 92 467
11 93 483
11 94 430
11 95 415
11 96 398
11 97 496
11 98 258
11 99 282
12 1 487
12 2 476
12 3 336
12 4 312
12 5 464
12 6 339
12 7 309
12 8 498
12 9 321
12 10 313
12 11 499
12 13 275
12 14 294
12 15 260
12 16 290
12 17 361
12 18 469
12 19 412
12 20 469
12 21 376
12 22 310
12 23 489
12 24 346
12 25 403
12 26 276
12 27 407
12 28 445
12 29 364
12 30 500
12 31 466
12 32 305
12 33 469
12 34 408
12 35 251
12 36 474
12 37 295
12 38 282
12 39 297
12 40 426
12 41 462
12 42 353
12 43 287
12 44 480
12 45 299
12 46 251
12 47 313
12 48 267
12 49 412
12 50 289
12 51 292
12 52 416
12 53 370
12 54 261
12 55 480
12 56 423
12 57 439
12 58 482
12 59 435
12 60 356
12 61 326
12 62 430
12 63 426
12 64 378
12 65 403
12 66 294
12 67 319
12 68 330
12 69 251
12 70 481
12 71 400
12 72 466
12 73 372
12 74 302
12 75 322
12 76 250
12 77 337
12 78 298
12 79 306
12 80 259
12 81 463
12 82 268
12 83 479
12 84 450
12 85 407
12 86 491
12 87 318
12 88 358
12 89 478
12 90 280
12 91 422
12 92 414
12 93 273
12 94 345
12 95 428
12 96 419
12 97 467
12 98 424
12 99 428
13 1 458
13 2 299
13 3 375
13 4 325
13 5 384
13 6 295
13 7 335
13 8 314
13 9 395
13 10 349
13 11 442
13 12 275
13 14 330
13 15 273
13 16 376
13 17 414
13 18 383
13 19 487
13 20 408
13 21 491
13 22 328
13 23 283
13 24 439
13 25 267
13 26 334
13 27 290
13 28 324
13 29 258
13 30 320
13 31 433
13 32 463
13 33 347
13 34 324
13 35 499
13 36 275
13 37 322
13 38 370
13 39 373
13 40 355
13 41 391
13 42 384
13 43 446
13 44 276
13 45 481
13 46 339
13 47 481
13 48 455
13 49 259
13 50 263
13 51 499
13 52 316
13 53 497
13 54 474
13 55 364
13 56 499
13 57 456
13 58 310
13 59 456
13 60 379
13 61 381
13 62 456
13 63 398
13 64 431
13 65 464
13 66 336
13 67 441
13 68 338
13 69 276
13 70 295
13 71 476
13 72 493
13 73 358
13 74 376
13 75 390
13 76 251
13 77 457
13 78 492
13 79 321
13 80 400
13 81 267
13 82 305
13 83 413
13 84 412
13 85 280
13 86 280
13 87 407
13 88 317
13 89 410
13 90 264
13 91 405
13 92 363
13 93 495
13 94 446
13 95 403
13 96 420
13 97 391
13 98 473
13 99 367
14 1 256
14 2 397
14 3 331
14 4 396
14 5 395
14 6 260
14 7 391
14 8 269
14 9 261
14 10 491
14 11 361
14 12 294
14 13 330
14 15 435
14 16 481
14 17 291
14 18 435
14 19 250
14 20 286
14 21 285
14 22 355
14 23 261
14 24 456
14 25 298
14 26 265
14 27 404
14 28 453
14 29 314
14 30 323
14 31 487
14 32 381
14 33 287
14 34 367
14 35 425
14 36 447
14 37 285
14 38 302
14 39 272
14 40 253
14 41 393
14 42 395
14 43 363
14 44 276
14 45 337
14 46 452
14 47 336
14 48 444
14 49 442
14 50 299
14 51 460
14 52 262
14 53 286
14 54 330
14 55 255
14 56 326
14 57 308
14 58 263
14 59 431
14 60 329
14 61 314
14 62 414
14 63 341
14 64 352
14 65 265
14 66 391
14 67 490
14 68 361
14 69 277
14 70 332
14 71 396
14 72 355
14 73 499
14 74 298
14 75 429
14 76 330
14 77 369
14 78 269
14 79 342
14 80 262
14 81 480
14 82 469
14 83 348
14 84 464
14 85 421
14 86 393
14 87 333
14 88 331
14 89 282
14 90 455
14 91 487
14 92 411
14 93 418
14 94 404
14 95 277
14 96 489
14 97 370
14 98 461
14 99 486
15 1 357
15 2 496
15 3 258
15 4 496
15 5 429
15 6 286
15 7 405
15 8 270
15 9 255
15 10 451
15 11 391
15 12 260
15 13 273
15 14 435
15 16 253
15 17 306
15 18 478
15 19 439
15 20 318
15 21 311
15 22 498
15 23 456
15 24 438
15 25 394
15 26 409
15 27 342
15 28 343
15 29 438
15 30 476
15 31 319
15 32 303
15 33 349
15 34 251
15 35 356
15 36 491
15 37 283
15 38 323
15 39 266
15 40 381
15 41 303
15 42 451
15 43 321
15 44 499
15 45 488
15 46 399
15 47 323
15 48 433
15 49 445
15 50 479
15 51 487
15 52 255
15 53 284
15 54 393
15 55 323
15 56 431
15 57 259
15 58 456
15 59 265
15 60 456
15 61 463
15 62 350
15 63 416
15 64 326
15 65 257
15 66 269
15 67 395
15 68 253
15 69 351
15 70 286
15 71 304
15 72 493
15 73 256
15 74 315
15 75 410
15 76 349
15 77 488
15 78 253
15 79 454
15 80 396
15 81 474
15 82 433
15 83 417
15 84 255
15 85 308
15 86 408
15 87 490
15 88 258
15 89 353
15 90 472
15 91 486
15 92 485
15 93 282
15 94 366
15 95 381
15 96 338
15 97 365
15 98 353
15 99 470
16 1 486
16 2 374
16 3 302
16 4 350
16 5 488
16 6 490
16 7 331
16 8 281
16 9 457
16 10 343
16 11 459
16 12 290
16 13 376
16 14 481
16 15 253
16 17 476
16 18 472
16 19 424
16 20 327
16 21 476
16 22 456
16 23 300
16 24 299
16 25 303
16 26 487
16 27 287
16 28 491
16 29 379
16 30 260
16 31 272
16 32 297
16 33 258
16 34 414
16 35 342
16 36 464
16 37 331
16 38 386
16 39 427
16 40 430
16 41 325
16 42 356
16 43 497
16 44 449
16 45 472
16 46 459
16 47 410
16 48 467
16 49 305
16 50 308
16 51 326
16 52 347
16 53 341
16 54 262
16 55 382
16 56 323
16 57 404
16 58 346
16 59 368
16 60 433
16 61 477
16 62 439
16 63 443
16 64 290
16 65 493
16 66 349
16 67 367
16 68 269
16 69 452
16 70 432
16 71 363
16 72 451
16 73 285
16 74 360
16 75 364
16 76 250
16 77 441
16 78 484
16 79 414
16 80 339
16 81 468
16 82 423
16 83 271
16 84 405
16 85 266
16 86 428
16 87 498
16 88 427
16 89 434
16 90 350
16 91 256
16 92 287
16 93 346
16 94 451
16 95 334
16 96 339
16 97 325
16 98 365
16 99 343
17 1 363
17 2 340
17 3 275
17 4 313
17 5 351
17 6 425
17 7 418
17 8 295
17 9 467
17 10 323
17 11 295
17 12 361
17 13 414
17 14 291
17 15 306
17 16 476
17 18 265
17 19 281
17 20 360
17 21 266
17 22 358
17 23 456
17 24 464
17 25 478
17 26 267
17 27 409
17 28 255
17 29 455
17 30 343
17 31 364
17 32 447
17 33 457
17 34 424
17 35 431
17 36 373
17 37 458
17 38 366
17 39 461
17 40 376
17 41 305
17 42 416
17 43 465
17 44 263
17 45 416
17 46 378
17 47 367
17 48 326
17 49 487
17 50 402
17 51 408
17 52 397
17 53 479
17 54 257
17 55 315
17 56 471
17 57 332
17 58 304
17 59 285
17 60 380
17 61 497
17 62 262
17 63 438
17 64 483
17 65 500
17 66 466
17 67 378
17 68 267
17 69 456
17 70 378
17 71 298
17 72 303
17 73 434
17 74 457
17 75 358
17 76 390
17 77 437
17 78 388
17 79 500
17 80 408
17 81 288
17 82 339
17 83 438
17 84 329
17 85 391
17 86 359
17 87 390
17 88 412
17 89 294
17 90 302
17 91 410
17 92 415
17 93 472
17 94 287
17 95 330
17 96 282
17 97 358
17 98 464
17 99 393
18 1 485
18 2 389
18 3 474
18 4 446
18 5 332
18 6 329
18 7 366
18 8 440
18 9 370
18 10 418
18 11 313
18 12 469
18 13 383
18 14 435
18 15 478
18 16 472
18 17 265
18 19 303
18 20 323
18 21 492
18 22 426
18 23 426
18 24 370
18 25 295
18 26 261
18 27 456
18 28 452
18 29 271
18 30 326
18 31 353
18 32 474
18 33 362
18 34 382
18 35 405
18 36 413
18 37 292
18 38 259
18 39 333
18 40 478
18 41 395
18 42 264
18 43 285
18 44 394
18 45 264
18 46 336
18 47 332
18 48 477
18 49 373
18 50 391
18 51 321
18 52 319
18 53 338
18 54 313
18 55 336
18 56 381
18 57 295
18 58 417
18 59 380
18 60 468
18 61 464
18 62 378
18 63 454
18 64 460
18 65 302
18 66 321
18 67 373
18 68 296
18 69 460
18 70 495
18 71 465
18 72 337
18 73 489
18 74 461
18 75 458
18 76 253
18 77 468
18 78 386
18 79 464
18 80 334
18 81 411
18 82 464
18 83 265
18 84 366
18 85 285
18 86 347
18 87 324
18 88 441
18 89 391
18 90 327
18 91 363
18 92 439
18 93 422
18 94 294
18 95 469
18 96 354
18 97 299
18 98 291
18 99 400
19 1 313
19 2 317
19 3 408
19 4 347
19 5 351
19 6 414
19 7 497
19 8 294
19 9 465
19 10 397
19 11 307
19 12 412
19 13 487
19 14 250
19 15 439
19 16 424
19 17 281
19 18 303
19 20 288
19 21 500
19 22 255
19 23 271
19 24 322
19 25 296
19 26 392
19 27 305
19 28 425
19 29 481
19 30 318
19 31 322
19 32 287
19 33 405
19 34 427
19 35 431
19 36 362
19 37 418
19 38 338
19 39 439
19 40 265
19 41 314
19 42 389
19 43 472
19 44 358
19 45 279
19 46 258
19 47 257
19 48 396
19 49 330
19 50 267
19 51 454
19 52 336
19 53 298
19 54 258
19 55 450
19 56 439
19 57 314
19 58 322
19 59 347
19 60 372
19 61 438
19 62 316
19 63 284
19 64 321
19 65 300
19 66 279
19 67 343
19 68 262
19 69 439
19 70 316
19 71 362
19 72 482
19 73 488
19 74 471
19 75 487
19 76 331
19 77 269
19 78 287
19 79 410
19 80 304
19 81 264
19 82 496
19 83 424
19 84 434
19 85 371
19 86 275
19 87 496
19 88 292
19 89 319
19 90 404
19 91 306
19 92 467
19 93 426
19 94 261
19 95 483
19 96 328
19 97 388
19 98 416
19 99 310
20 1 495
20 2 432
20 3 353
20 4 362
20 5 412
20 6 317
20 7 251
20 8 387
20 9 400
20 10 413
20 11 366
20 12 469
20 13 408
20 14 286
20 15 318
20 16 327
20 17 360
20 18 323
20 19 288
20 21 369
20 22 283
20 23 290
20 24 394
20 25 460
20 26 442
20 27 325
20 28 398
20 29 255
20 30 303
20 31 398
20 32 482
20 33 380
20 34 496
20 35 290
20 36 405
20 37 438
20 38 468
20 39 442
20 40 283
20 41 492
20 42 436
20 43 451
20 44 422
20 45 308
20 46 358
20 47 492
20 48 485
20 49 379
20 50 445
20 51 298
20 52 420
20 53 313
20 54 383
20 55 284
20 56 253
20 57 355
20 58 268
20 59 375
20 60 412
20 61 339
20 62 309
20 63 441
20 64 468
20 65 402
20 66 294
20 67 377
20 68 347
20 69 432
20 70 486
20 71 418
20 72 447
20 73 408
20 74 348
20 75 317
20 76 454
20 77 348
20 78 465
20 79 476
20 80 316
20 81 381
20 82 488
20 83 278
20 84 457
20 85 381
20 86 296
20 87 417
20 88 418
20 89 373
20 90 403
20 91 390
20 92 493
20 93 427
20 94 309
20 95 311
20 96 500
20 97 266
20 98 412
20 99 315
21 1 337
21 2 433
21 3 467
21 4 371
21 5 337
21 6 493
21 7 256
21 8 284
21 9 277
21 10 489
21 11 286
21 12 376
21 13 491
21 14 285
21 15 311
21 16 476
21 17 266
21 18 492
21 19 500
21 20 369
21 22 479
21 23 349
21 24 362
21 25 466
21 26 303
21 27 474
21 28 331
21 29 406
21 30 372
21 31 432
21 32 436
21 33 467
21 34 438
21 35 291
21 36 288
21 37 434
21 38 400
21 39 403
21 40 281
21 41 494
21 42 278
21 43 363
21 44 322
21 45 298
21 46 338
21 47 479
21 48 495
21 49 456
21 50 415
21 51 422
21 52 295
21 53 345
21 54 290
21 55 335
21 56 340
21 57 393
21 58 426
21 59 282
21 60 362
21 61 294
21 62 372
21 63 356
21 64 309
21 65 375
21 66 346
21 67 419
21 68 257
21 69 476
21 70 443
21 71 423
21 72 308
21 73 388
21 74 348
21 75 393
21 76 264
21 77 450
21 78 402
21 79 278
21 80 472
21 81 499
21 82 489
21 83 492
21 84 356
21 85 385
21 86 426
21 87 442
21 88 323
21 89 345
21 90 395
21 91 345
21 92 498
21 93 423
21 94 323
21 95 271
21 96 497
21 97 434
21 98 293
21 99 330
22 1 378
22 2 467
22 3 277
22 4 355
22 5 380
22 6 429
22 7 334
22 8 345
22 9 400
22 10 419
22 11 407
22 12 310
22 13 328
22 14 355
22 15 498
22 16 456
22 17 358
22 18 426
22 19 255
22 20 283
22 21 479
22 23 491
22 24 445
22 25 489
22 26 372
22 27 260
22 28 453
22 29 336
22 30 397
22 31 487
22 32 441
22 33 347
22 34 368
22 35 267
22 36 480
22 37 464
22 38 497
22 39 411
22 40 254
22 41 250
22 42 488
22 43 491
22 44 342
22 45 334
22 46 282
22 47 254
22 48 446
22 49 471
22 50 471
22 51 450
22 52 399
22 53 259
22 54 344
22 55 271
22 56 278
22 57 478
22 58 400
22 59 447
22 60 466
22 61 268
22 62 495
22 63 411
22 64 345
22 65 286
22 66 283
22 67 440
22 68 404
22 69 385
22 70 453
22 71 440
22 72 363
22 73 449
22 74 314
22 75 255
22 76 353
22 77 412
22 78 353
22 79 329
22 80 294
22 81 404
22 82 406
22 83 266
22 84 413
22 85 369
22 86 331
22 87 386
22 88 480
22 89 437
22 90 383
22 91 311
22 92 402
22 93 366
22 94 261
22 95 442
22 96 428
22 97 411
22 98 306
22 99 442
23 1 445
23 2 315
23 3 500
23 4 403
23 5 418
23 6 419
23 7 292
23 8 279
23 9 448
23 10 391
23 11 426
23 12 489
23 13 283
23 14 261
23 15 456
23 16 300
23 17 456
23 18 426
23 19 271
23 20 290
23 21 349
23 22 491
23 24 459
23 25 404
23 26 322
23 27 374
23 28 378
23 29 429
23 30 336
23 31 471
23 32 416
23 33 405
23 34 296
23 35 446
23 36 458
23 37 381
23 38 460
23 39 500
23 40 285
23 41 287
23 42 331
23 43 259
23 44 411
23 45 355
23 46 359
23 47 257
23 48 445
23 49 343
23 50 283
23 51 304
23 52 272
23 53 443
23 54 412
23 55 348
23 56 485
23 57 328
23 58 410
23 59 269
23 60 423
23 61 442
23 62 304
23 63 364
23 64 368
23 65 394
23 66 392
23 67 471
23 68 407
23 69 431
23 70 390
23 71 409
23 72 365
23 73 336
23 74 369
23 75 346
23 76 308
23 77 350
23 78 443
23 79 427
23 80 317
23 81 316
23 82 486
23 83 471
23 84 457
23 85 439
23 86 284
23 87 261
23 88 296
23 89 279
23 90 407
23 91 462
23 92 426
23 93 326
23 94 413
23 95 398
23 96 377
23 97 285
23 98 378
23 99 422
24 1 495
24 2 386
24 3 467
24 4 404
24 5 390
24 6 404
24 7 401
24 8 329
24 9 380
24 10 359
24 11 354
24 12 346
24 13 439
24 14 456
24 15 438
24 16 299
24 17 464
24 18 370
24 19 322
24 20 394
24 21 362
24 22 445
24 23 459
24 25 429
24 26 315
24 27 397
24 28 345
24 29 333
24 30 383
24 31 456
24 32 405
24 33 362
24 34 484
24 35 417
24 36 459
24 37 418
24 38 348
24 39 378
24 40 308
24 41 328
24 42 402
24 43 341
24 44 477
24 45 325
24 46 266
24 47 394
24 48 460
24 49 274
24 50 403
24 51 439
24 52 308
24 53 380
24 54 461
24 55 479
24 56 286
24 57 283
24 58 254
24 59 428
24 60 344
24 61 283
24 62 267
24 63 415
24 64 455
24 65 272
24 66 285
24 67 492
24 68 341
24 69 275
24 70 274
24 71 365
24 72 384
24 73 254
24 74 373
24 75 341
24 76 434
24 77 425
24 78 250
24 79 433
24 80 454
24 81 350
24 82 482
24 83 297
24 84 495
24 85 270
24 86 365
24 87 289
24 88 381
24 89 413
24 90 345
24 91 294
24 92 397
24 93 332
24 94 448
24 95 267
24 96 445
24 97 425
24 98 496
24 99 426
25 1 352
25 2 307
25 3 314
25 4 433
25 5 295
25 6 487
25 7 463
25 8 300
25 9 312
25 10 273
25 11 330
25 12 403
25 13 267
25 14 298
25 15 394
25 16 303
25 17 478
25 18 295
25 19 296
25 20 460
25 21 466
25 22 489
25 23 404
25 24 429
25 26 425
25 27 367
25 28 357
25 29 427
25 30 289
25 31 424
25 32 462
25 33 350
25 34 298
25 35 490
25 36 434
25 37 470
25 38 444
25 39 379
25 40 345
25 41 420
25 42 281
25 43 302
25 44 436
25 45 259
25 46 375
25 47 274
25 48 286
25 49 396
25 50 378
25 51 467
25 52 292
25 53 368
25 54 279
25 55 482
25 56 396
25 57 268
25 58 267
25 59 442
25 60 470
25 61 488
25 62 382
25 63 498
25 64 465
25 65 304
25 66 284
25 67 433
25 68 299
25 69 415
25 70 355
25 71 280
25 72 286
25 73 382
25 74 407
25 75 373
25 76 259
25 77 482
25 78 301
25 79 278
25 80 362
25 81 270
25 82 394
25 83 481
25 84 479
25 85 384
25 86 250
25 87 477
25 88 301
25 89 250
25 90 288
25 91 280
25 92 482
25 93 460
25 94 410
25 95 299
25 96 322
25 97 312
25 98 477
25 99 477
26 1 373
26 2 355
26 3 403
26 4 460
26 5 475
26 6 380
26 7 421
26 8 315
26 9 382
26 10 320
26 11 437
26 12 276
26 13 334
26 14 265
26 15 409
26 16 487
26 17 267
26 18 261
26 19 392
26 20 442
26 21 303
26 22 372
26 23 322
26 24 315
26 25 425
26 27 489
26 28 466
26 29 333
26 30 458
26 31 482
26 32 408
26 33 255
26 34 452
26 35 456
26 36 263
26 37 371
26 38 374
26 39 437
26 40 481
26 41 300
26 42 394
26 43 290
26 44 487
26 45 448
26 46 306
26 47 375
26 48 306
26 49 293
26 50 330
26 51 500
26 52 303
26 53 386
26 54 366
26 55 455
26 56 297
26 57 387
26 58 420
26 59 307
26 60 470
26 61 457
26 62 293
26 63 304
26 64 492
26 65 446
26 66 327
26 67 352
26 68 436
26 69 434
26 70 285
26 71 252
26 72 402
26 73 374
26 74 407
26 75 323
26 76 405
26 77 330
26 78 306
26 79 359
26 80 329
26 81 265
26 82 265
26 83 345
26 84 493
26 85 450
26 86 343
26 87 265
26 88 309
26 89 259
26 90 478
26 91 391
26 92 408
26 93 331
26 94 425
26 95 410
26 96 355
26 97 344
26 98 447
26 99 253
27 1 387
27 2 496
27 3 371
27 4 300
27 5 312
27 6 380
27 7 495
27 8 264
27 9 275
27 10 494
27 11 348
27 12 407
27 13 290
27 14 404
27 15 342
27 16 287
27 17 409
27 18 456
27 19 305
27 20 325
27 21 474
27 22 260
27 23 374
27 24 397
27 25 367
27 26 489
27 28 264
27 29 443
27 30 267
27 31 490
27 32 479
27 33 291
27 34 459
27 35 403
27 36 447
27 37 393
27 38 407
27 39 261
27 40 458
27 41 329
27 42 443
27 43 484
27 44 443
27 45 301
27 46 311
27 47 447
27 48 317
27 49 375
27 50 279
27 51 298
27 52 375
27 53 405
27 54 376
27 55 320
27 56 367
27 57 252
27 58 251
27 59 448
27 60 412
27 61 457
27 62 345
27 63 328
27 64 426
27 65 448
27 66 311
27 67 297
27 68 299
27 69 255
27 70 423
27 71 454
27 72 494
27 73 477
27 74 454
27 75 415
27 76 417
27 77 500
27 78 389
27 79 393
27 80 284
27 81 393
27 82 435
27 83 270
27 84 469
27 85 297
27 86 480
27 87 408
27 88 262
27 89 266
27 90 353
27 91 488
27 92 494
27 93 496
27 94 362
27 95 387
27 96 473
27 97 441
27 98 381
27 99 442
28 1 474
28 2 364
28 3 482
28 4 330
28 5 286
28 6 335
28 7 345
28 8 354
28 9 372
28 10 424
28 11 470
28 12 445
28 13 324
28 14 453
28 15 343
28 16 491
28 17 255
28 18 452
28 19 425
28 20 398
28 21 331
28 22 453
28 23 378
28 24 345
28 25 357
28 26 466
28 27 264
28 29 316
28 30 399
28 31 446
28 32 470
28 33 350
28 34 418
28 35 327
28 36 456
28 37 252
28 38 323
28 39 324
28 40 430
28 41 475
28 42 409
28 43 395
28 44 481
28 45 435
28 46 404
28 47 303
28 48 374
28 49 377
28 50 440
28 51 466
28 52 274
28 53 381
28 54 256
28 55 267
28 56 353
28 57 306
28 58 424
28 59 329
28 60 467
28 61 270
28 62 324
28 63 287
28 64 352
28 65 496
28 66 305
28 67 393
28 68 253
28 69 446
28 70 384
28 71 313
28 72 328
28 73 429
28 74 466
28 75 253
28 76 263
28 77 418
28 78 385
28 79 272
28 80 451
28 81 296
28 82 488
28 83 297
28 84 299
28 85 408
28 86 315
28 87 295
28 88 500
28 89 479
28 90 295
28 91 411
28 92 424
28 93 452
28 94 375
28 95 345
28 96 378
28 97 446
28 98 402
28 99 422
29 1 301
29 2 491
29 3 402
29 4 428
29 5 398
29 6 468
29 7 335
29 8 410
29 9 266
29 10 414
29 11 331
29 12 364
29 13 258
29 14 314
29 15 438
29 16 379
29 17 455
29 18 271
29 19 481
29 20 255
29 21 406
29 22 336
29 23 429
29 24 333
29 25 427
29 26 333
29 27 443
29 28 316
29 30 290
29 31 382
29 32 291
29 33 299
29 34 311
29 35 467
29 36 403
29 37 457
29 38 459
29 39 261
29 40 392
29 41 301
29 42 397
29 43 348
29 44 295
29 45 384
29 46 358
29 47 444
29 48 365
29 49 416
29 50 374
29 51 470
29 52 495
29 53 264
29 54 493
29 55 371
29 56 265
29 57 401
29 58 389
29 59 291
29 60 433
29 61 358
29 62 261
29 63 410
29 64 447
29 65 307
29 66 365
29 67 310
29 68 365
29 69 463
29 70 415
29 71 306
29 72 271
29 73 402
29 74 285
29 75 441
29 76 408
29 77 450
29 78 370
29 79 441
29 80 382
29 81 381
29 82 454
29 83 454
29 84 284
29 85 332
29 86 399
29 87 437
29 88 429
29 89 331
29 90 457
29 91 412
29 92 385
29 93 333
29 94 251
29 95 431
29 96 273
29 97 267
29 98 410
29 99 351
30 1 354
30 2 499
30 3 320
30 4 298
30 5 273
30 6 412
30 7 489
30 8 302
30 9 278
30 10 324
30 11 302
30 12 500
30 13 320
30 14 323
30 15 476
30 16 260
30 17 343
30 18 326
30 19 318
30 20 303
30 21 372
30 22 397
30 23 336
30 24 383
30 25 289
30 26 458
30 27 267
30 28 399
30 29 290
30 31 265
30 32 250
30 33 495
30 34 479
30 35 463
30 36 398
30 37 466
30 38 432
30 39 452
30 40 332
30 41 365
30 42 285
30 43 327
30 44 296
30 45 468
30 46 468
30 47 257
30 48 358
30 49 438
30 50 282
30 51 302
30 52 448
30 53 390
30 54 292
30 55 357
30 56 463
30 57 463
30 58 418
30 59 315
30 60 311
30 61 330
30 62 351
30 63 341
30 64 274
30 65 485
30 66 254
30 67 373
30 68 473
30 69 303
30 70 338
30 71 405
30 72 431
30 73 379
30 74 485
30 75 346
30 76 336
30 77 366
30 78 483
30 79 251
30 80 257
30 81 322
30 82 267
30 83 305
30 84 357
30 85 385
30 86 390
30 87 368
30 88 474
30 89 265
30 90 495
30 91 394
30 92 425
30 93 257
30 94 361
30 95 286
30 96 257
30 97 316
30 98 350
30 99 314
31 1 338
31 2 266
31 3 265
31 4 275
31 5 493
31 6 451
31 7 363
31 8 440
31 9 385
31 10 490
31 11 359
31 12 466
31 13 433
31 14 487
31 15 319
31 16 272
31 17 364
31 18 353
31 19 322
31 20 398
31 21 432
31 22 487
31 23 471
31 24 456
31 25 424
31 26 482
31 27 490
31 28 446
31 29 382
31 30 265
31 32 255
31 33 482
31 34 399
31 35 492
31 36 474
31 37 450
31 38 432
31 39 362
31 40 314
31 41 344
31 42 304
31 43 252
31 44 496
31 45 455
31 46 444
31 47 395
31 48 475
31 49 409
31 50 299
31 51 333
31 52 253
31 53 334
31 54 317
31 55 464
31 56 324
31 57 441
31 58 426
31 59 428
31 60 263
31 61 254
31 62 415
31 63 427
31 64 326
31 65 453
31 66 475
31 67 364
31 68 376
31 69 280
31 70 484
31 71 499
31 72 378
31 73 257
31 74 254
31 75 398
31 76 479
31 77 283
31 78 254
31 79 489
31 80 297
31 81 398
31 82 271
31 83 436
31 84 480
31 85 375
31 86 340
31 87 259
31 88 261
31 89 262
31 90 340
31 91 410
31 92 284
31 93 343
31 94 451
31 95 459
31 96 482
31 97 384
31 98 294
31 99 282
32 1 417
32 2 499
32 3 410
32 4 429
32 5 423
32 6 495
32 7 315
32 8 443
32 9 440
32 10 277
32 11 343
32 12 305
32 13 463
32 14 381
32 15 303
32 16 297
32 17 447
32 18 474
32 19 287
32 20 482
32 21 436
32 22 441
32 23 416
32 24 405
32 25 462
32 26 408
32 27 479
32 28 470
32 29 291
32 30 250
32 31 255
32 33 281
32 34 253
32 35 311
32 36 259
32 37 328
32 38 392
32 39 500
32 40 266
32 41 382
32 42 379
32 43 375
32 44 277
32 45 253
32 46 444
32 47 291
32 48 298
32 49 410
32 50 311
32 51 443
32 52 457
32 53 362
32 54 332
32 55 309
32 56 476
32 57 347
32 58 433
32 59 421
32 60 302
32 61 313
32 62 386
32 63 363
32 64 450
32 65 321
32 66 294
32 67 450
32 68 347
32 69 297
32 70 458
32 71 464
32 72 406
32 73 358
32 74 480
32 75 428
32 76 351
32 77 464
32 78 368
32 79 254
32 80 417
32 81 323
32 82 424
32 83 495
32 84 443
32 85 378
32 86 353
32 87 277
32 88 395
32 89 405
32 90 278
32 91 393
32 92 321
32 93 421
32 94 353
32 95 265
32 96 483
32 97 312
32 98 275
32 99 352
33 1 393
33 2 430
33 3 255
33 4 309
33 5 432
33 6 268
33 7 430
33 8 403
33 9 495
33 10 398
33 11 293
33 12 469
33 13 347
33 14 287
33 15 349
33 16 258
33 17 457
33 18 362
33 19 405
33 20 380
33 21 467
33 22 347
33 23 405
33 24 362
33 25 350
33 26 255
33 27 291
33 28 350
33 29 299
33 30 495
33 31 482
33 32 281
33 34 384
33 35 500
33 36 492
33 37 395
33 38 329
33 39 455
33 40 318
33 41 398
33 42 342
33 43 430
33 44 452
33 45 324
33 46 341
33 47 498
33 48 277
33 49 483
33 50 473
33 51 364
33 52 380
33 53 426
33 54 420
33 55 424
33 56 420
33 57 442
33 58 298
33 59 303
33 60 281
33 61 262
33 62 469
33 63 295
33 64 334
33 65 466
33 66 366
33 67 461
33 68 416
33 69 324
33 70 301
33 71 453
33 72 415
33 73 413
33 74 297
33 75 465
33 76 381
33 77 270
33 78 480
33 79 396
33 80 470
33 81 379
33 82 250
33 83 269
33 84 350
33 85 388
33 86 258
33 87 442
33 88 303
33 89 458
33 90 488
33 91 263
33 92 444
33 93 422
33 94 468
33 95 325
33 96 478
33 97 377
33 98 482
33 99 379
34 1 357
34 2 463
34 3 366
34 4 404
34 5 452
34 6 433
34 7 415
34 8 274
34 9 308
34 10 379
34 11 380
34 12 408
34 13 324
34 14 367
34 15 251
34 16 414
34 17 424
34 18 382
34 19 427
34 20 496
34 21 438
34 22 368
34 23 296
34 24 484
34 25 298
34 26 452
34 27 459
34 28 418
34 29 311
34 30 479
34 31 399
34 32 253
34 33 384
34 35 456
34 36 432
34 37 306
34 38 297
34 39 343
34 40 359
34 41 343
34 42 413
34 43 280
34 44 416
34 45 474
34 46 391
34 47 288
34 48 450
34 49 454
34 50 252
34 51 384
34 52 458
34 53 464
34 54 386
34 55 442
34 56 470
34 57 488
34 58 303
34 59 346
34 60 325
34 61 360
34 62 351
34 63 413
34 64 475
34 65 346
34 66 417
34 67 325
34 68 307
34 69 473
34 70 321
34 71 333
34 72 358
34 73 442
34 74 367
34 75 340
34 76 328
34 77 261
34 78 452
34 79 256
34 80 431
34 81 304
34 82 485
34 83 339
34 84 441
34 85 454
34 86 495
34 87 448
34 88 359
34 89 273
34 90 420
34 91 251
34 92 393
34 93 374
34 94 471
34 95 302
34 96 302
34 97 339
34 98 353
34 99 459
35 1 367
35 2 381
35 3 287
35 4 369
35 5 262
35 6 299
35 7 267
35 8 354
35 9 448
35 10 414
35 11 498
35 12 251
35 13 499
35 14 425
35 15 356
35 16 342
35 17 431
35 18 405
35 19 431
35 20 290
35 21 291
35 22 267
35 23 446
35 24 417
35 25 490
35 26 456
35 27 403
35 28 327
35 29 467
35 30 463
35 31 492
35 32 311
35 33 500
35 34 456
35 36 421
35 37 428
35 38 320
35 39 291
35 40 267
35 41 377
35 42 371
35 43 274
35 44 414
35 45 447
35 46 301
35 47 276
35 48 263
35 49 289
35 50 422
35 51 482
35 52 377
35 53 448
35 54 296
35 55 408
35 56 416
35 57 354
35 58 309
35 59 343
35 60 285
35 61 475
35 62 461
35 63 348
35 64 253
35 65 308
35 66 433
35 67 280
35 68 252
35 69 440
35 70 293
35 71 332
35 72 414
35 73 340
35 74 408
35 75 320
35 76 465
35 77 307
35 78 287
35 79 470
35 80 458
35 81 469
35 82 380
35 83 257
35 84 362
35 85 352
35 86 391
35 87 259
35 88 409
35 89 298
35 90 289
35 91 453
35 92 348
35 93 490
35 94 443
35 95 439
35 96 255
35 97 369
35 98 381
35 99 496
36 1 253
36 2 495
36 3 278
36 4 444
36 5 425
36 6 431
36 7 348
36 8 463
36 9 279
36 10 414
36 11 343
36 12 474
36 13 275
36 14 447
36 15 491
36 16 464
36 17 373
36 18 413
36 19 362
36 20 405
36 21 288
36 22 480
36 23 458
36 24 459
36 25 434
36 26 263
36 27 447
36 28 456
36 29 403
36 30 398
36 31 474
36 32 259
36 33 492
36 34 432
36 35 421
36 37 299
36 38 474
36 39 394
36 40 368
36 41 478
36 42 359
36 43 277
36 44 436
36 45 281
36 46 482
36 47 483
36 48 430
36 49 253
36 50 500
36 51 331
36 52 498
36 53 460
36 54 498
36 55 355
36 56 445
36 57 426
36 58 362
36 59 395
36 60 313
36 61 453
36 62 402
36 63 374
36 64 443
36 65 304
36 66 387
36 67 310
36 68 430
36 69 452
36 70 411
36 71 443
36 72 388
36 73 492
36 74 460
36 75 306
36 76 406
36 77 250
36 78 418
36 79 287
36 80 299
36 81 480
36 82 451
36 83 371
36 84 422
36 85 351
36 86 386
36 87 499
36 88 449
36 89 428
36 90 363
36 91 359
36 92 313
36 93 322
36 94 266
36 95 309
36 96 304
36 97 362
36 98 301
36 99 346
37 1 264
37 2 299
37 3 459
37 4 260
37 5 465
37 6 475
37 7 382
37 8 303
37 9 349
37 10 478
37 11 353
37 12 295
37 13 322
37 14 285
37 15 283
37 16 331
37 17 458
37 18 292
37 19 418
37 20 438
37 21 434
37 22 464
37 23 381
37 24 418
37 25 470
37 26 371
37 27 393
37 28 252
37 29 457
37 30 466
37 31 450
37 32 328
37 33 395
37 34 306
37 35 428
37 36 299
37 38 399
37 39 424
37 40 262
37 41 322
37 42 354
37 43 295
37 44 415
37 45 380
37 46 427
37 47 252
37 48 437
37 49 292
37 50 499
37 51 460
37 52 255
37 53 408
37 54 317
37 55 340
37 56 293
37 57 438
37 58 478
37 59 313
37 60 366
37 61 469
37 62 331
37 63 370
37 64 469
37 65 421
37 66 291
37 67 350
37 68 326
37 69 460
37 70 293
37 71 353
37 72 393
37 73 449
37 74 493
37 75 349
37 76 492
37 77 381
37 78 437
37 79 396
37 80 307
37 81 313
37 82 420
37 83 489
37 84 330
37 85 282
37 86 399
37 87 325
37 88 441
37 89 460
37 90 281
37 91 325
37 92 346
37 93 364
37 94 447
37 95 465
37 96 496
37 97 466
37 98 413
37 99 328
38 1 435
38 2 297
38 3 314
38 4 393
38 5 360
38 6 441
38 7 404
38 8 261
38 9 450
38 10 496
38 11 495
38 12 282
38 13 370
38 14 302
38 15 323
38 16 386
38 17 366
38 18 259
38 19 338
38 20 468
38 21 400
38 22 497
38 23 460
38 24 348
38 25 444
38 26 374
38 27 407
38 28 323
38 29 459
38 30 432
38 31 432
38 32 392
38 33 329
38 34 297
38 35 320
38 36 474
38 37 399
38 39 488
38 40 459
38 41 404
38 42 292
38 43 257
38 44 489
38 45 491
38 46 325
38 47 325
38 48 453
38 49 450
38 50 397
38 51 382
38 52 367
38 53 389
38 54 356
38 55 405
38 56 414
38 57 393
38 58 254
38 59 266
38 60 458
38 61 484
38 62 284
38 63 281
38 64 395
38 65 433
38 66 271
38 67 284
38 68 284
38 69 371
38 70 446
38 71 470
38 72 500
38 73 443
38 74 419
38 75 400
38 76 278
38 77 349
38 78 315
38 79 424
38 80 401
38 81 380
38 82 471
38 83 422
38 84 468
38 85 459
38 86 318
38 87 318
38 88 313
38 89 376
38 90 436
38 91 340
38 92 276
38 93 379
38 94 475
38 95 305
38 96 493
38 97 484
38 98 458
38 99 284
39 1 476
39 2 475
39 3 430
39 4 401
39 5 476
39 6 319
39 7 457
39 8 429
39 9 314
39 10 284
39 11 487
39 12 297
39 13 373
39 14 272
39 15 266
39 16 427
39 17 461
39 18 333
39 19 439
39 20 442
39 21 403
39 22 411
39 23 500
39 24 378
39 25 379
39 26 437
39 27 261
39 28 324
39 29 261
39 30 452
39 31 362
39 32 500
39 33 455
39 34 343
39 35 291
39 36 394
39 37 424
39 38 488
39 40 419
39 41 379
39 42 457
39 43 312
39 44 445
39 45 380
39 46 381
39 47 392
39 48 436
39 49 402
39 50 419
39 51 382
39 52 495
39 53 419
39 54 368
39 55 357
39 56 403
39 57 494
39 58 366
39 59 284
39 60 377
39 61 277
39 62 378
39 63 442
39 64 309
39 65 352
39 66 409
39 67 278
39 68 279
39 69 415
39 70 465
39 71 272
39 72 262
39 73 303
39 74 448
39 75 407
39 76 481
39 77 347
39 78 495
39 79 410
39 80 410
39 81 282
39 82 462
39 83 323
39 84 413
39 85 363
39 86 297
39 87 498
39 88 464
39 89 376
39 90 315
39 91 439
39 92 362
39 93 314
39 94 493
39 95 454
39 96 333
39 97 326
39 98 262
39 99 352
40 1 252
40 2 396
40 3 449
40 4 323
40 5 449
40 6 291
40 7 315
40 8 294
40 9 302
40 10 365
40 11 392
40 12 426
40 13 355
40 14 253
40 15 381
40 16 430
40 17 376
40 18 478
40 19 265
40 20 283
40 21 281
40 22 254
40 23 285
40 24 308
40 25 345
40 26 481
40 27 458
40 28 430
40 29 392
40 30 332
40 31 314
40 32 266
40 33 318
40 34 359
40 35 267
40 36 368
40 37 262
40 38 459
40 39 419
40 41 324
40 42 481
40 43 288
40 44 264
40 45 462
40 46 442
40 47 316
40 48 403
40 49 350
40 50 297
40 51 266
40 52 326
40 53 483
40 54 450
40 55 355
40 56 371
40 57 450
40 58 418
40 59 250
40 60 356
40 61 477
40 62 451
40 63 310
40 64 273
40 65 254
40 66 408
40 67 273
40 68 427
40 69 396
40 70 289
40 71 432
40 72 344
40 73 250
40 74 349
40 75 440
40 76 308
40 77 334
40 78 488
40 79 275
40 80 365
40 81 332
40 82 282
40 83 450
40 84 297
40 85 401
40 86 463
40 87 370
40 88 303
40 89 315
40 90 447
40 91 327
40 92 358
40 93 280
40 94 468
40 95 359
40 96 380
40 97 397
40 98 283
40 99 317
41 1 365
41 2 304
41 3 335
41 4 456
41 5 357
41 6 371
41 7 312
41 8 491
41 9 405
41 10 432
41 11 422
41 12 462
41 13 391
41 14 393
41 15 303
41 16 325
41 17 305
41 18 395
41 19 314
41 20 492
41 21 494
41 22 250
41 23 287
41 24 328
41 25 420
41 26 300
41 27 329
41 28 475
41 29 301
41 30 365
41 31 344
41 32 382
41 33 398
41 34 343
41 35 377
41 36 478
41 37 322
41 38 404
41 39 379
41 40 324
41 42 283
41 43 387
41 44 322
41 45 438
41 46 272
41 47 442
41 48 314
41 49 337
41 50 352
41 51 372
41 52 325
41 53 478
41 54 448
41 55 459
41 56 373
41 57 428
41 58 438
41 59 450
41 60 252
41 61 390
41 62 462
41 63 371
41 64 278
41 65 277
41 66 360
41 67 496
41 68 444
41 69 451
41 70 253
41 71 442
41 72 487
41 73 272
41 74 356
41 75 405
41 76 472
41 77 465
41 78 461
41 79 464
41 80 415
41 81 348
41 82 342
41 83 252
41 84 326
41 85 291
41 86 457
41 87 492
41 88 451
41 89 380
41 90 437
41 91 405
41 92 349
41 93 258
41 94 291
41 95 282
41 96 254
41 97 370
41 98 304
41 99 320
42 1 271
42 2 394
42 3 277
42 4 289
42 5 431
42 6 377
42 7 276
42 8 448
42 9 351
42 10 449
42 11 487
42 12 353
42 13 384
42 14 395
42 15 451
42 16 356
42 17 416
42 18 264
42 19 389
42 20 436
42 21 278
42 22 488
42 23 331
42 24 402
42 25 281
42 26 394
42 27 443
42 28 409
42 29 397
42 30 285
42 31 304
42 32 379
42 33 342
42 34 413
42 35 371
42 36 359
42 37 354
42 38 292
42 39 457
42 40 481
42 41 283
42 43 470
42 44 449
42 45 335
42 46 495
42 47 275
42 48 447
42 49 280
42 50 496
42 51 439
42 52 370
42 53 499
42 54 461
42 55 491
42 56 360
42 57 425
42 58 360
42 59 468
42 60 338
42 61 370
42 62 438
42 63 251
42 64 338
42 65 360
42 66 314
42 67 259
42 68 411
42 69 331
42 70 359
42 71 398
42 72 334
42 73 359
42 74 360
42 75 361
42 76 340
42 77 385
42 78 406
42 79 483
42 80 452
42 81 453
42 82 314
42 83 478
42 84 266
42 85 381
42 86 406
42 87 382
42 88 267
42 89 453
42 90 458
42 91 456
42 92 282
42 93 290
42 94 324
42 95 419
42 96 285
42 97 423
42 98 399
42 99 324
43 1 357
43 2 374
43 3 488
43 4 257
43 5 352
43 6 313
43 7 486
43 8 251
43 9 491
43 10 309
43 11 276
43 12 287
43 13 446
43 14 363
43 15 321
43 16 497
43 17 465
43 18 285
43 19 472
43 20 451
43 21 363
43 22 491
43 23 259
43 24 341
43 25 302
43 26 290
43 27 484
43 28 395
43 29 348
43 30 327
43 31 252
43 32 375
43 33 430
43 34 280
43 35 274
43 36 277
43 37 295
43 38 257
43 39 312
43 40 288
43 41 387
43 42 470
43 44 483
43 45 451
43 46 362
43 47 337
43 48 321
43 49 327
43 50 289
43 51 270
43 52 497
43 53 387
43 54 495
43 55 386
43 56 333
43 57 406
43 58 413
43 59 491
43 60 437
43 61 325
43 62 301
43 63 258
43 64 478
43 65 483
43 66 301
43 67 357
43 68 455
43 69 498
43 70 402
43 71 302
43 72 431
43 73 497
43 74 470
43 75 481
43 76 260
43 77 411
43 78 381
43 79 460
43 80 326
43 81 353
43 82 310
43 83 255
43 84 281
43 85 295
43 86 488
43 87 295
43 88 356
43 89 329
43 90 255
43 91 274
43 92 464
43 93 395
43 94 315
43 95 408
43 96 272
43 97 430
43 98 271
43 99 373
44 1 274
44 2 331
44 3 359
44 4 312
44 5 477
44 6 462
44 7 383
44 8 411
44 9 385
44 10 286
44 11 405
44 12 480
44 13 276
44 14 276
44 15 499
44 16 449
44 17 263
44 18 394
44 19 358
44 20 422
44 21 322
44 22 342
44 23 411
44 24 477
44 25 436
44 26 487
44 27 443
44 28 481
44 29 295
44 30 296
44 31 496
44 32 277
44 33 452
44 34 416
44 35 414
44 36 436
44 37 415
44 38 489
44 39 445
44 40 264
44 41 322
44 42 449
44 43 483
44 45 300
44 46 306
44 47 276
44 48 275
44 49 369
44 50 457
44 51 469
44 52 292
44 53 435
44 54 486
44 55 309
44 56 394
44 57 362
44 58 340
44 59 374
44 60 304
44 61 315
44 62 436
44 63 450
44 64 337
44 65 335
44 66 294
44 67 423
44 68 327
44 69 438
44 70 415
44 71 305
44 72 394
44 73 263
44 74 421
44 75 462
44 76 352
44 77 397
44 78 264
44 79 351
44 80 279
44 81 277
44 82 466
44 83 276
44 84 411
44 85 297
44 86 416
44 87 375
44 88 343
44 89 412
44 90 403
44 91 445
44 92 341
44 93 263
44 94 498
44 95 308
44 96 275
44 97 257
44 98 396
44 99 304
45 1 492
45 2 328
45 3 444
45 4 444
45 5 313
45 6 499
45 7 255
45 8 464
45 9 419
45 10 405
45 11 387
45 12 299
45 13 481
45 14 337
45 15 488
45 16 472
45 17 416
45 18 264
45 19 279
45 20 308
45 21 298
45 22 334
45 23 355
45 24 325
45 25 259
45 26 448
45 27 301
45 28 435
45 29 384
45 30 468
45 31 455
45 32 253
45 33 324
45 34 474
45 35 447
45 36 281
45 37 380
45 38 491
45 39 380
45 40 462
45 41 438
45 42 335
45 43 451
45 44 300
45 46 378
45 47 306
45 48 393
45 49 328
45 50 436
45 51 488
45 52 356
45 53 334
45 54 263
45 55 495
45 56 292
45 57 329
45 58 283
45 59 431
45 60 276
45 61 452
45 62 406
45 63 260
45 64 411
45 65 344
45 66 366
45 67 456
45 68 351
45 69 472
45 70 414
45 71 336
45 72 431
45 73 303
45 74 447
45 75 313
45 76 401
45 77 273
45 78 482
45 79 320
45 80 415
45 81 482
45 82 277
45 83 380
45 84 480
45 85 332
45 86 423
45 87 299
45 88 409
45 89 390
45 90 333
45 91 456
45 92 280
45 93 300
45 94 484
45 95 315
45 96 493
45 97 402
45 98 327
45 99 330
46 1 451
46 2 297
46 3 261
46 4 337
46 5 424
46 6 354
46 7 446
46 8 414
46 9 375
46 10 435
46 11 257
46 12 251
46 13 339
46 14 452
46 15 399
46 16 459
46 17 378
46 18 336
46 19 258
46 20 358
46 21 338
46 22 282
46 23 359
46 24 266
46 25 375
46 26 306
46 27 311
46 28 404
46 29 358
46 30 468
46 31 444
46 32 444
46 33 341
46 34 391
46 35 301
46 36 482
46 37 427
46 38 325
46 39 381
46 40 442
46 41 272
46 42 495
46 43 362
46 44 306
46 45 378
46 47 282
46 48 404
46 49 432
46 50 267
46 51 307
46 52 410
46 53 436
46 54 347
46 55 377
46 56 435
46 57 440
46 58 288
46 59 479
46 60 300
46 61 456
46 62 367
46 63 482
46 64 328
46 65 288
46 66 422
46 67 325
46 68 311
46 69 261
46 70 321
46 71 459
46 72 441
46 73 255
46 74 364
46 75 253
46 76 388
46 77 491
46 78 468
46 79 306
46 80 277
46 81 403
46 82 364
46 83 336
46 84 372
46 85 435
46 86 281
46 87 389
46 88 279
46 89 499
46 90 322
46 91 310
46 92 348
46 93 456
46 94 332
46 95 290
46 96 255
46 97 446
46 98 311
46 99 271
47 1 335
47 2 325
47 3 496
47 4 376
47 5 264
47 6 459
47 7 279
47 8 308
47 9 378
47 10 406
47 11 258
47 12 313
47 13 481
47 14 336
47 15 323
47 16 410
47 17 367
47 18 332
47 19 257
47 20 492
47 21 479
47 22 254
47 23 257
47 24 394
47 25 274
47 26 375
47 27 447
47 28 303
47 29 444
47 30 257
47 31 395
47 32 291
47 33 498
47 34 288
47 35 276
47 36 483
47 37 252
47 38 325
47 39 392
47 40 316
47 41 442
47 42 275
47 43 337
47 44 276
47 45 306
47 46 282
47 48 380
47 49 257
47 50 398
47 51 257
47 52 455
47 53 263
47 54 322
47 55 468
47 56 470
47 57 455
47 58 417
47 59 450
47 60 295
47 61 280
47 62 358
47 63 476
47 64 455
47 65 378
47 66 336
47 67 433
47 68 408
47 69 427
47 70 314
47 71 429
47 72 428
47 73 496
47 74 408
47 75 457
47 76 330
47 77 367
47 78 407
47 79 492
47 80 445
47 81 387
47 82 308
47 83 313
47 84 269
47 85 379
47 86 457
47 87 360
47 88 413
47 89 300
47 90 499
47 91 276
47 92 412
47 93 496
47 94 388
47 95 445
47 96 376
47 97 353
47 98 472
47 99 306
48 1 472
48 2 397
48 3 349
48 4 397
48 5 289
48 6 296
48 7 380
48 8 427
48 9 341
48 10 475
48 11 468
48 12 267
48 13 455
48 14 444
48 15 433
48 16 467
48 17 326
48 18 477
48 19 396
48 20 485
48 21 495
48 22 446
48 23 445
48 24 460
48 25 286
48 26 306
48 27 317
48 28 374
48 29 365
48 30 358
48 31 475
48 32 298
48 33 277
48 34 450
48 35 263
48 36 430
48 37 437
48 38 453
48 39 436
48 40 403
48 41 314
48 42 447
48 43 321
48 44 275
48 45 393
48 46 404
48 47 380
48 49 422
48 50 298
48 51 471
48 52 255
48 53 442
48 54 385
48 55 440
48 56 482
48 57 412
48 58 345
48 59 358
48 60 275
48 61 378
48 62 481
48 63 281
48 64 284
48 65 454
48 66 444
48 67 307
48 68 283
48 69 286
48 70 269
48 71 282
48 72 409
48 73 346
48 74 414
48 75 272
48 76 449
48 77 329
48 78 395
48 79 495
48 80 463
48 81 254
48 82 488
48 83 342
48 84 280
48 85 346
48 86 346
48 87 276
48 88 486
48 89 435
48 90 261
48 91 321
48 92 427
48 93 309
48 94 419
48 95 304
48 96 341
48 97 294
48 98 363
48 99 410
49 1 358
49 2 258
49 3 409
49 4 371
49 5 447
49 6 499
49 7 288
49 8 353
49 9 302
49 10 440
49 11 406
49 12 412
49 13 259
49 14 442
49 15 445
49 16 305
49 17 487
49 18 373
49 19 330
49 20 379
49 21 456
49 22 471
49 23 343
49 24 274
49 25 396
49 26 293
49 27 375
49 28 377
49 29 416
49 30 438
49 31 409
49 32 410
49 33 483
49 34 454
49 35 289
49 36 253
49 37 292
49 38 450
49 39 402
49 40 350
49 41 337
49 42 280
49 43 327
49 44 369
49 45 328
49 46 432
49 47 257
49 48 422
49 50 381
49 51 337
49 52 343
49 53 410
49 54 402
49 55 481
49 56 413
49 57 374
49 58 255
49 59 253
49 60 371
49 61 269
49 62 379
49 63 292
49 64 471
49 65 257
49 66 401
49 67 394
49 68 453
49 69 493
49 70 322
49 71 296
49 72 357
49 73 389
49 74 318
49 75 321
49 76 276
49 77 278
49 78 331
49 79 300
49 80 371
49 81 293
49 82 333
49 83 422
49 84 346
49 85 351
49 86 395
49 87 489
49 88 260
49 89 481
49 90 411
49 91 372
49 92 253
49 93 344
49 94 260
49 95 442
49 96 296
49 97 466
49 98 450
49 99 472
50 1 473
50 2 412
50 3 311
50 4 270
50 5 377
50 6 298
50 7 375
50 8 396
50 9 389
50 10 286
50 11 362
50 12 289
50 13 263
50 14 299
50 15 479
50 16 308
50 17 402
50 18 391
50 19 267
50 20 445
50 21 415
50 22 471
50 23 283
50 24 403
50 25 378
50 26 330
50 27 279
50 28 440
50 29 374
50 30 282
50 31 299
50 32 311
50 33 473
50 34 252
50 35 422
50 36 500
50 37 499
50 38 397
50 39 419
50 40 297
50 41 352
50 42 496
50 43 289
50 44 457
50 45 436
50 46 267
50 47 398
50 48 298
50 49 381
50 51 345
50 52 300
50 53 342
50 54 386
50 55 323
50 56 413
50 57 387
50 58 363
50 59 480
50 60 399
50 61 476
50 62 478
50 63 499
50 64 459
50 65 415
50 66 409
50 67 268
50 68 258
50 69 425
50 70 426
50 71 493
50 72 354
50 73 256
50 74 292
50 75 478
50 76 430
50 77 343
50 78 412
50 79 297
50 80 485
50 81 445
50 82 405
50 83 381
50 84 269
50 85 355
50 86 429
50 87 459
50 88 465
50 89 280
50 90 499
50 91 470
50 92 362
50 93 495
50 94 463
50 95 458
50 96 451
50 97 430
50 98 279
50 99 487
51 1 255
51 2 320
51 3 404
51 4 362
51 5 498
51 6 320
51 7 384
51 8 307
51 9 458
51 10 268
51 11 320
51 12 292
51 13 499
51 14 460
51 15 487
51 16 326
51 17 408
51 18 321
51 19 454
51 20 298
51 21 422
51 22 450
51 23 304
51 24 439
51 25 467
51 26 500
51 27 298
51 28 466
51 29 470
51 30 302
51 31 333
51 32 443
51 33 364
51 34 384
51 35 482
51 36 331
51 37 460
51 38 382
51 39 382
51 40 266
51 41 372
51 42 439
51 43 270
51 44 469
51 45 488
51 46 307
51 47 257
51 48 471
51 49 337
51 50 345
51 52 323
51 53 465
51 54 414
51 55 331
51 56 361
51 57 322
51 58 260
51 59 261
51 60 477
51 61 276
51 62 394
51 63 330
51 64 340
51 65 284
51 66 314
51 67 440
51 68 437
51 69 307
51 70 489
51 71 411
51 72 304
51 73 311
51 74 312
51 75 366
51 76 487
51 77 318
51 78 261
51 79 426
51 80 466
51 81 343
51 82 251
51 83 265
51 84 404
51 85 413
51 86 483
51 87 298
51 88 316
51 89 399
51 90 410
51 91 365
51 92 482
51 93 463
51 94 266
51 95 458
51 96 340
51 97 356
51 98 411
51 99 281
52 1 486
52 2 373
52 3 435
52 4 469
52 5 402
52 6 254
52 7 274
52 8 388
52 9 424
52 10 377
52 11 271
52 12 416
52 13 316
52 14 262
52 15 255
52 16 347
52 17 397
52 18 319
52 19 336
52 20 420
52 21 295
52 22 399
52 23 272
52 24 308
52 25 292
52 26 303
52 27 375
52 28 274
52 29 495
52 30 448
52 31 253
52 32 457
52 33 380
52 34 458
52 35 377
52 36 498
52 37 255
52 38 367
52 39 495
52 40 326
52 41 325
52 42 370
52 43 497
52 44 292
52 45 356
52 46 410
52 47 455
52 48 255
52 49 343
52 50 300
52 51 323
52 53 338
52 54 392
52 55 409
52 56 341
52 57 358
52 58 450
52 59 392
52 60 376
52 61 398
52 62 478
52 63 450
52 64 427
52 65 374
52 66 424
52 67 482
52 68 347
52 69 492
52 70 332
52 71 250
52 72 312
52 73 428
52 74 308
52 75 335
52 76 457
52 77 343
52 78 438
52 79 373
52 80 355
52 81 474
52 82 462
52 83 485
52 84 436
52 85 489
52 86 400
52 87 267
52 88 306
52 89 351
52 90 364
52 91 474
52 92 354
52 93 327
52 94 285
52 95 430
52 96 308
52 97 466
52 98 380
52 99 407
53 1 488
53 2 344
53 3 342
53 4 341
53 5 279
53 6 473
53 7 468
53 8 349
53 9 462
53 10 462
53 11 398
53 12 370
53 13 497
53 14 286
53 15 284
53 16 341
53 17 479
53 18 338
53 19 298
53 20 313
53 21 345
53 22 259
53 23 443
53 24 380
53 25 368
53 26 386
53 27 405
53 28 381
53 29 264
53 30 390
53 31 334
53 32 362
53 33 426
53 34 464
53 35 448
53 36 460
53 37 408
53 38 389
53 39 419
53 40 483
53 41 478
53 42 499
53 43 387
53 44 435
53 45 334
53 46 436
53 47 263
53 48 442
53 49 410
53 50 342
53 51 465
53 52 338
53 54 374
53 55 294
53 56 384
53 57 446
53 58 273
53 59 317
53 60 408
53 61 312
53 62 473
53 63 423
53 64 261
53 65 468
53 66 453
53 67 409
53 68 277
53 69 341
53 70 396
53 71 481
53 72 484
53 73 290
53 74 378
53 75 302
53 76 377
53 77 422
53 78 467
53 79 351
53 80 295
53 81 330
53 82 371
53 83 411
53 84 450
53 85 365
53 86 290
53 87 306
53 88 307
53 89 406
53 90 338
53 91 278
53 92 476
53 93 456
53 94 271
53 95 355
53 96 381
53 97 346
53 98 431
53 99 313
54 1 482
54 2 273
54 3 349
54 4 334
54 5 367
54 6 308
54 7 488
54 8 343
54 9 374
54 10 334
54 11 380
54 12 261
54 13 474
54 14 330
54 15 393
54 16 262
54 17 257
54 18 313
54 19 258
54 20 383
54 21 290
54 22 344
54 23 412
54 24 461
54 25 279
54 26 366
54 27 376
54 28 256
54 29 493
54 30 292
54 31 317
54 32 332
54 33 420
54 34 386
54 35 296
54 36 498
54 37 317
54 38 356
54 39 368
54 40 450
54 41 448
54 42 461
54 43 495
54 44 486
54 45 263
54 46 347
54 47 322
54 48 385
54 49 402
54 50 386
54 51 414
54 52 392
54 53 374
54 55 263
54 56 285
54 57 284
54 58 474
54 59 411
54 60 344
54 61 411
54 62 365
54 63 343
54 64 486
54 65 499
54 66 345
54 67 318
54 68 398
54 69 457
54 70 331
54 71 431
54 72 351
54 73 382
54 74 357
54 75 494
54 76 404
54 77 368
54 78 410
54 79 343
54 80 321
54 81 467
54 82 388
54 83 259
54 84 267
54 85 337
54 86 458
54 87 284
54 88 377
54 89 253
54 90 281
54 91 251
54 92 301
54 93 435
54 94 295
54 95 451
54 96 454
54 97 405
54 98 476
54 99 342
55 1 358
55 2 324
55 3 419
55 4 370
55 5 255
55 6 459
55 7 264
55 8 466
55 9 453
55 10 318
55 11 415
55 12 480
55 13 364
55 14 255
55 15 323
55 16 382
55 17 315
55 18 336
55 19 450
55 20 284
55 21 335
55 22 271
55 23 348
55 24 479
55 25 482
55 26 455
55 27 320
55 28 267
55 29 371
55 30 357
55 31 464
55 32 309
55 33 424
55 34 442
55 35 408
55 36 355
55 37 340
55 38 405
55 39 357
55 40 355
55 41 459
55 42 491
55 43 386
55 44 309
55 45 495
55 46 377
55 47 468
55 48 440
55 49 481
55 50 323
55 51 331
55 52 409
55 53 294
55 54 263
55 56 474
55 57 471
55 58 463
55 59 460
55 60 345
55 61 418
55 62 407
55 63 405
55 64 331
55 65 495
55 66 300
55 67 334
55 68 412
55 69 308
55 70 452
55 71 296
55 72 266
55 73 302
55 74 319
55 75 381
55 76 300
55 77 487
55 78 433
55 79 412
55 80 320
55 81 436
55 82 437
55 83 377
55 84 272
55 85 324
55 86 326
55 87 371
55 88 406
55 89 280
55 90 355
55 91 307
55 92 311
55 93 488
55 94 500
55 95 393
55 96 280
55 97 363
55 98 287
55 99 394
56 1 347
56 2 381
56 3 362
56 4 441
56 5 261
56 6 353
56 7 388
56 8 385
56 9 275
56 10 437
56 11 425
56 12 423
56 13 499
56 14 326
56 15 431
56 16 323
56 17 471
56 18 381
56 19 439
56 20 253
56 21 340
56 22 278
56 23 485
56 24 286
56 25 396
56 26 297
56 27 367
56 28 353
56 29 265
56 30 463
56 31 324
56 32 476
56 33 420
56 34 470
56 35 416
56 36 445
56 37 293
56 38 414
56 39 403
56 40 371
56 41 373
56 42 360
56 43 333
56 44 394
56 45 292
56 46 435
56 47 470
56 48 482
56 49 413
56 50 413
56 51 361
56 52 341
56 53 384
56 54 285
56 55 474
56 57 296
56 58 312
56 59 450
56 60 306
56 61 301
56 62 432
56 63 357
56 64 307
56 65 497
56 66 374
56 67 326
56 68 347
56 69 425
56 70 316
56 71 397
56 72 290
56 73 386
56 74 372
56 75 491
56 76 252
56 77 343
56 78 280
56 79 355
56 80 489
56 81 371
56 82 269
56 83 337
56 84 321
56 85 401
56 86 497
56 87 265
56 88 460
56 89 446
56 90 356
56 91 479
56 92 315
56 93 292
56 94 306
56 95 462
56 96 277
56 97 474
56 98 472
56 99 342
57 1 386
57 2 460
57 3 482
57 4 340
57 5 432
57 6 406
57 7 442
57 8 394
57 9 490
57 10 487
57 11 274
57 12 439
57 13 456
57 14 308
57 15 259
57 16 404
57 17 332
57 18 295
57 19 314
57 20 355
57 21 393
57 22 478
57 23 328
57 24 283
57 25 268
57 26 387
57 27 252
57 28 306
57 29 401
57 30 463
57 31 441
57 32 347
57 33 442
57 34 488
57 35 354
57 36 426
57 37 438
57 38 393
57 39 494
57 40 450
57 41 428
57 42 425
57 43 406
57 44 362
57 45 329
57 46 440
57 47 455
57 48 412
57 49 374
57 50 387
57 51 322
57 52 358
57 53 446
57 54 284
57 55 471
57 56 296
57 58 386
57 59 500
57 60 262
57 61 437
57 62 485
57 63 465
57 64 414
57 65 381
57 66 335
57 67 282
57 68 499
57 69 257
57 70 492
57 71 388
57 72 481
57 73 277
57 74 377
57 75 424
57 76 276
57 77 362
57 78 335
57 79 437
57 80 414
57 81 319
57 82 400
57 83 323
57 84 275
57 85 400
57 86 365
57 87 321
57 88 331
57 89 323
57 90 361
57 91 402
57 92 286
57 93 301
57 94 408
57 95 303
57 96 314
57 97 302
57 98 256
57 99 329
58 1 252
58 2 258
58 3 433
58 4 478
58 5 312
58 6 486
58 7 326
58 8 480
58 9 353
58 10 488
58 11 468
58 12 482
58 13 310
58 14 263
58 15 456
58 16 346
58 17 304
58 18 417
58 19 322
58 20 268
58 21 426
58 22 400
58 23 410
58 24 254
58 25 267
58 26 420
58 27 251
58 28 424
58 29 389
58 30 418
58 31 426
58 32 433
58 33 298
58 34 303
58 35 309
58 36 362
58 37 478
58 38 254
58 39 366
58 40 418
58 41 438
58 42 360
58 43 413
58 44 340
58 45 283
58 46 288
58 47 417
58 48 345
58 49 255
58 50 363
58 51 260
58 52 450
58 53 273
58 54 474
58 55 463
58 56 312
58 57 386
58 59 467
58 60 293
58 61 285
58 62 319
58 63 321
58 64 365
58 65 326
58 66 392
58 67 283
58 68 250
58 69 253
58 70 436
58 71 380
58 72 298
58 73 334
58 74 410
58 75 492
58 76 377
58 77 284
58 78 403
58 79 348
58 80 376
58 81 268
58 82 294
58 83 411
58 84 376
58 85 251
58 86 401
58 87 391
58 88 435
58 89 438
58 90 490
58 91 448
58 92 297
58 93 375
58 94 332
58 95 296
58 96 370
58 97 393
58 98 486
58 99 333
59 1 438
59 2 438
59 3 257
59 4 311
59 5 250
59 6 480
59 7 473
59 8 369
59 9 487
59 10 440
59 11 314
59 12 435
59 13 456
59 14 431
59 15 265
59 16 368
59 17 285
59 18 380
59 19 347
59 20 375
59 21 282
59 22 447
59 23 269
59 24 428
59 25 442
59 26 307
59 27 448
59 28 329
59 29 291
59 30 315
59 31 428
59 32 421
59 33 303
59 34 346
59 35 343
59 36 395
59 37 313
59 38 266
59 39 284
59 40 250
59 41 450
59 42 468
59 43 491
59 44 374
59 45 431
59 46 479
59 47 450
59 48 358
59 49 253
59 50 480
59 51 261
59 52 392
59 53 317
59 54 411
59 55 460
59 56 450
59 57 500
59 58 467
59 60 321
59 61 420
59 62 487
59 63 278
59 64 357
59 65 308
59 66 428
59 67 424
59 68 314
59 69 338
59 70 253
59 71 491
59 72 340
59 73 439
59 74 349
59 75 294
59 76 294
59 77 261
59 78 420
59 79 493
59 80 267
59 81 447
59 82 453
59 83 250
59 84 384
59 85 307
59 86 369
59 87 276
59 88 412
59 89 327
59 90 327
59 91 480
59 92 284
59 93 453
59 94 452
59 95 315
59 96 250
59 97 303
59 98 302
59 99 357
60 1 422
60 2 435
60 3 283
60 4 482
60 5 460
60 6 348
60 7 283
60 8 404
60 9 334
60 10 326
60 11 400
60 12 356
60 13 379
60 14 329
60 15 456
60 16 433
60 17 380
60 18 468
60 19 372
60 20 412
60 21 362
60 22 466
60 23 423
60 24 344
60 25 470
60 26 470
60 27 412
60 28 467
60 29 433
60 30 311
60 31 263
60 32 302
60 33 281
60 34 325
60 35 285
60 36 313
60 37 366
60 38 458
60 39 377
60 40 356
60 41 252
60 42 338
60 43 437
60 44 304
60 45 276
60 46 300
60 47 295
60 48 275
60 49 371
60 50 399
60 51 477
60 52 376
60 53 408
60 54 344
60 55 345
60 56 306
60 57 262
60 58 293
60 59 321
60 61 340
60 62 424
60 63 266
60 64 433
60 65 417
60 66 355
60 67 487
60 68 493
60 69 435
60 70 290
60 71 391
60 72 458
60 73 450
60 74 385
60 75 400
60 76 380
60 77 440
60 78 433
60 79 255
60 80 308
60 81 469
60 82 289
60 83 481
60 84 479
60 85 292
60 86 363
60 87 255
60 88 434
60 89 375
60 90 421
60 91 303
60 92 500
60 93 297
60 94 344
60 95 419
60 96 355
60 97 450
60 98 296
60 99 290
61 1 386
61 2 343
61 3 423
61 4 336
61 5 468
61 6 392
61 7 379
61 8 250
61 9 335
61 10 407
61 11 484
61 12 326
61 13 381
61 14 314
61 15 463
61 16 477
61 17 497
61 18 464
61 19 438
61 20 339
61 21 294
61 22 268
61 23 442
61 24 283
61 25 488
61 26 457
61 27 457
61 28 270
61 29 358
61 30 330
61 31 254
61 32 313
61 33 262
61 34 360
61 35 475
61 36 453
61 37 469
61 38 484
61 39 277
61 40 477
61 41 390
61 42 370
61 43 325
61 44 315
61 45 452
61 46 456
61 47 280
61 48 378
61 49 269
61 50 476
61 51 276
61 52 398
61 53 312
61 54 411
61 55 418
61 56 301
61 57 437
61 58 285
61 59 420
61 60 340
61 62 351
61 63 300
61 64 264
61 65 452
61 66 449
61 67 453
61 68 280
61 69 482
61 70 310
61 71 251
61 72 492
61 73 291
61 74 415
61 75 346
61 76 357
61 77 439
61 78 459
61 79 405
61 80 487
61 81 414
61 82 409
61 83 424
61 84 446
61 85 452
61 86 324
61 87 331
61 88 475
61 89 276
61 90 289
61 91 296
61 92 376
61 93 471
61 94 339
61 95 356
61 96 446
61 97 305
61 98 422
61 99 340
62 1 473
62 2 294
62 3 454
62 4 358
62 5 281
62 6 488
62 7 450
62 8 428
62 9 442
62 10 254
62 11 334
62 12 430
62 13 456
62 14 414
62 15 350
62 16 439
62 17 262
62 18 378
62 19 316
62 20 309
62 21 372
62 22 495
62 23 304
62 24 267
62 25 382
62 26 293
62 27 345
62 28 324
62 29 261
62 30 351
62 31 415
62 32 386
62 33 469
62 34 351
62 35 461
62 36 402
62 37 331
62 38 284
62 39 378
62 40 451
62 41 462
62 42 438
62 43 301
62 44 436
62 45 406
62 46 367
62 47 358
62 48 481
62 49 379
62 50 478
62 51 394
62 52 478
62 53 473
62 54 365
62 55 407
62 56 432
62 57 485
62 58 319
62 59 487
62 60 424
62 61 351
62 63 481
62 64 389
62 65 491
62 66 373
62 67 314
62 68 455
62 69 341
62 70 466
62 71 354
62 72 256
62 73 435
62 74 443
62 75 331
62 76 294
62 77 316
62 78 297
62 79 463
62 80 364
62 81 274
62 82 375
62 83 491
62 84 341
62 85 327
62 86 371
62 87 477
62 88 302
62 89 273
62 90 426
62 91 299
62 92 329
62 93 462
62 94 490
62 95 448
62 96 284
62 97 498
62 98 333
62 99 479
63 1 357
63 2 423
63 3 330
63 4 349
63 5 338
63 6 496
63 7 302
63 8 281
63 9 385
63 10 437
63 11 375
63 12 426
63 13 398
63 14 341
63 15 416
63 16 443
63 17 438
63 18 454
63 19 284
63 20 441
63 21 356
63 22 411
63 23 364
63 24 415
63 25 498
63 26 304
63 27 328
63 28 287
63 29 410
63 30 341
63 31 427
63 32 363
63 33 295
63 34 413
63 35 348
63 36 374
63 37 370
63 38 281
63 39 442
63 40 310
63 41 371
63 42 251
63 43 258
63 44 450
63 45 260
63 46 482
63 47 476
63 48 281
63 49 292
63 50 499
63 51 330
63 52 450
63 53 423
63 54 343
63 55 405
63 56 357
63 57 465
63 58 321
63 59 278
63 60 266
63 61 300
63 62 481
63 64 352
63 65 471
63 66 313
63 67 420
63 68 280
63 69 396
63 70 462
63 71 446
63 72 357
63 73 478
63 74 336
63 75 408
63 76 276
63 77 380
63 78 280
63 79 268
63 80 257
63 81 478
63 82 451
63 83 250
63 84 302
63 85 420
63 86 252
63 87 351
63 88 258
63 89 261
63 90 345
63 91 293
63 92 327
63 93 366
63 94 449
63 95 409
63 96 267
63 97 433
63 98 440
63 99 470
64 1 356
64 2 359
64 3 429
64 4 350
64 5 275
64 6 439
64 7 312
64 8 303
64 9 466
64 10 368
64 11 417
64 12 378
64 13 431
64 14 352
64 15 326
64 16 290
64 17 483
64 18 460
64 19 321
64 20 468
64 21 309
64 22 345
64 23 368
64 24 455
64 25 465
64 26 492
64 27 426
64 28 352
64 29 447
64 30 274
64 31 326
64 32 450
64 33 334
64 34 475
64 35 253
64 36 443
64 37 469
64 38 395
64 39 309
64 40 273
64 41 278
64 42 338
64 43 478
64 44 337
64 45 411
64 46 328
64 47 455
64 48 284
64 49 471
64 50 459
64 51 340
64 52 427
64 53 261
64 54 486
64 55 331
64 56 307
64 57 414
64 58 365
64 59 357
64 60 433
64 61 264
64 62 389
64 63 352
64 65 337
64 66 433
64 67 414
64 68 332
64 69 440
64 70 468
64 71 373
64 72 434
64 73 419
64 74 434
64 75 474
64 76 278
64 77 345
64 78 465
64 79 279
64 80 280
64 81 269
64 82 412
64 83 353
64 84 264
64 85 420
64 86 350
64 87 303
64 88 342
64 89 357
64 90 470
64 91 475
64 92 476
64 93 394
64 94 263
64 95 440
64 96 262
64 97 342
64 98 307
64 99 411
65 1 470
65 2 361
65 3 411
65 4 481
65 5 373
65 6 436
65 7 421
65 8 299
65 9 487
65 10 306
65 11 444
65 12 403
65 13 464
65 14 265
65 15 257
65 16 493
65 17 500
65 18 302
65 19 300
65 20 402
65 21 375
65 22 286
65 23 394
65 24 272
65 25 304
65 26 446
65 27 448
65 28 496
65 29 307
65 30 485
65 31 453
65 32 321
65 33 466
65 34 346
65 35 308
65 36 304
65 37 421
65 38 433
65 39 352
65 40 254
65 41 277
65 42 360
65 43 483
65 44 335
65 45 344
65 46 288
65 47 378
65 48 454
65 49 257
65 50 415
65 51 284
65 52 374
65 53 468
65 54 499
65 55 495
65 56 497
65 57 381
65 58 326
65 59 308
65 60 417
65 61 452
65 62 491
65 63 471
65 64 337
65 66 296
65 67 319
65 68 283
65 69 485
65 70 251
65 71 275
65 72 450
65 73 300
65 74 471
65 75 320
65 76 425
65 77 318
65 78 435
65 79 289
65 80 440
65 81 411
65 82 289
65 83 403
65 84 499
65 85 276
65 86 378
65 87 319
65 88 428
65 89 369
65 90 289
65 91 425
65 92 257
65 93 310
65 94 434
65 95 361
65 96 429
65 97 267
65 98 297
65 99 340
66 1 325
66 2 369
66 3 386
66 4 351
66 5 411
66 6 362
66 7 312
66 8 498
66 9 448
66 10 426
66 11 500
66 12 294
66 13 336
66 14 391
66 15 269
66 16 349
66 17 466
66 18 321
66 19 279
66 20 294
66 21 346
66 22 283
66 23 392
66 24 285
66 25 284
66 26 327
66 27 311
66 28 305
66 29 365
66 30 254
66 31 475
66 32 294
66 33 366
66 34 417
66 35 433
66 36 387
66 37 291
66 38 271
66 39 409
66 40 408
66 41 360
66 42 314
66 43 301
66 44 294
66 45 366
66 46 422
66 47 336
66 48 444
66 49 401
66 50 409
66 51 314
66 52 424
66 53 453
66 54 345
66 55 300
66 56 374
66 57 335
66 58 392
66 59 428
66 60 355
66 61 449
66 62 373
66 63 313
66 64 433
66 65 296
66 67 393
66 68 371
66 69 297
66 70 321
66 71 378
66 72 298
66 73 260
66 74 451
66 75 407
66 76 472
66 77 492
66 78 372
66 79 300
66 80 412
66 81 302
66 82 406
66 83 280
66 84 373
66 85 463
66 86 455
66 87 484
66 88 258
66 89 316
66 90 449
66 91 364
66 92 446
66 93 500
66 94 274
66 95 307
66 96 382
66 97 367
66 98 251
66 99 255
67 1 267
67 2 346
67 3 258
67 4 342
67 5 364
67 6 427
67 7 294
67 8 314
67 9 268
67 10 496
67 11 391
67 12 319
67 13 441
67 14 490
67 15 395
67 16 367
67 17 378
67 18 373
67 19 343
67 20 377
67 21 419
67 22 440
67 23 471
67 24 492
67 25 433
67 26 352
67 27 297
67 28 393
67 29 310
67 30 373
67 31 364
67 32 450
67 33 461
67 34 325
67 35 280
67 36 310
67 37 350
67 38 284
67 39 278
67 40 273
67 41 496
67 42 259
67 43 357
67 44 423
67 45 456
67 46 325
67 47 433
67 48 307
67 49 394
67 50 268
67 51 440
67 52 482
67 53 409
67 54 318
67 55 334
67 56 326
67 57 282
67 58 283
67 59 424
67 60 487
67 61 453
67 62 314
67 63 420
67 64 414
67 65 319
67 66 393
67 68 436
67 69 254
67 70 322
67 71 456
67 72 390
67 73 346
67 74 345
67 75 345
67 76 404
67 77 279
67 78 368
67 79 290
67 80 250
67 81 283
67 82 272
67 83 356
67 84 380
67 85 343
67 86 302
67 87 344
67 88 464
67 89 310
67 90 386
67 91 411
67 92 355
67 93 329
67 94 458
67 95 492
67 96 270
67 97 382
67 98 469
67 99 408
68 1 363
68 2 256
68 3 441
68 4 273
68 5 478
68 6 275
68 7 454
68 8 461
68 9 464
68 10 346
68 11 432
68 12 330
68 13 338
68 14 361
68 15 253
68 16 269
68 17 267
68 18 296
68 19 262
68 20 347
68 21 257
68 22 404
68 23 407
68 24 341
68 25 299
68 26 436
68 27 299
68 28 253
68 29 365
68 30 473
68 31 376
68 32 347
68 33 416
68 34 307
68 35 252
68 36 430
68 37 326
68 38 284
68 39 279
68 40 427
68 41 444
68 42 411
68 43 455
68 44 327
68 45 351
68 46 311
68 47 408
68 48 283
68 49 453
68 50 258
68 51 437
68 52 347
68 53 277
68 54 398
68 55 412
68 56 347
68 57 499
68 58 250
68 59 314
68 60 493
68 61 280
68 62 455
68 63 280
68 64 332
68 65 283
68 66 371
68 67 436
68 69 252
68 70 329
68 71 426
68 72 397
68 73 256
68 74 291
68 75 372
68 76 335
68 77 460
68 78 272
68 79 498
68 80 343
68 81 260
68 82 256
68 83 272
68 84 289
68 85 431
68 86 408
68 87 465
68 88 379
68 89 487
68 90 373
68 91 480
68 92 307
68 93 372
68 94 349
68 95 393
68 96 382
68 97 442
68 98 351
68 99 440
69 1 480
69 2 375
69 3 261
69 4 477
69 5 341
69 6 314
69 7 363
69 8 477
69 9 405
69 10 377
69 11 431
69 12 251
69 13 276
69 14 277
69 15 351
69 16 452
69 17 456
69 18 460
69 19 439
69 20 432
69 21 476
69 22 385
69 23 431
69 24 275
69 25 415
69 26 434
69 27 255
69 28 446
69 29 463
69 30 303
69 31 280
69 32 297
69 33 324
69 34 473
69 35 440
69 36 452
69 37 460
69 38 371
69 39 415
69 40 396
69 41 451
69 42 331
69 43 498
69 44 438
69 45 472
69 46 261
69 47 427
69 48 286
69 49 493
69 50 425
69 51 307
69 52 492
69 53 341
69 54 457
69 55 308
69 56 425
69 57 257
69 58 253
69 59 338
69 60 435
69 61 482
69 62 341
69 63 396
69 64 440
69 65 485
69 66 297
69 67 254
69 68 252
69 70 463
69 71 404
69 72 446
69 73 451
69 74 341
69 75 450
69 76 259
69 77 257
69 78 256
69 79 278
69 80 341
69 81 299
69 82 490
69 83 411
69 84 421
69 85 427
69 86 283
69 87 288
69 88 483
69 89 313
69 90 384
69 91 342
69 92 329
69 93 464
69 94 376
69 95 402
69 96 382
69 97 277
69 98 356
69 99 364
70 1 272
70 2 451
70 3 280
70 4 440
70 5 450
70 6 303
70 7 337
70 8 499
70 9 254
70 10 408
70 11 442
70 12 481
70 13 295
70 14 332
70 15 286
70 16 432
70 17 378
70 18 495
70 19 316
70 20 486
70 21 443
70 22 453
70 23 390
70 24 274
70 25 355
70 26 285
70 27 423
70 28 384
70 29 415
70 30 338
70 31 484
70 32 458
70 33 301
70 34 321
70 35 293
70 36 411
70 37 293
70 38 446
70 39 465
70 40 289
70 41 253
70 42 359
70 43 402
70 44 415
70 45 414
70 46 321
70 47 314
70 48 269
70 49 322
70 50 426
70 51 489
70 52 332
70 53 396
70 54 331
70 55 452
70 56 316
70 57 492
70 58 436
70 59 253
70 60 290
70 61 310
70 62 466
70 63 462
70 64 468
70 65 251
70 66 321
70 67 322
70 68 329
70 69 463
70 71 443
70 72 364
70 73 477
70 74 404
70 75 266
70 76 395
70 77 377
70 78 368
70 79 459
70 80 446
70 81 315
70 82 419
70 83 363
70 84 256
70 85 385
70 86 423
70 87 492
70 88 350
70 89 493
70 90 313
70 91 374
70 92 449
70 93 286
70 94 369
70 95 376
70 96 464
70 97 300
70 98 358
70 99 360
71 1 363
71 2 379
71 3 440
71 4 284
71 5 337
71 6 446
71 7 290
71 8 478
71 9 448
71 10 263
71 11 353
71 12 400
71 13 476
71 14 396
71 15 304
71 16 363
71 17 298
71 18 465
71 19 362
71 20 418
71 21 423
71 22 440
71 23 409
71 24 365
71 25 280
71 26 252
71 27 454
71 28 313
71 29 306
71 30 405
71 31 499
71 32 464
71 33 453
71 34 333
71 35 332
71 36 443
71 37 353
71 38 470
71 39 272
71 40 432
71 41 442
71 42 398
71 43 302
71 44 305
71 45 336
71 46 459
71 47 429
71 48 282
71 49 296
71 50 493
71 51 411
71 52 250
71 53 481
71 54 431
71 55 296
71 56 397
71 57 388
71 58 380
71 59 491
71 60 391
71 61 251
71 62 354
71 63 446
71 64 373
71 65 275
71 66 378
71 67 456
71 68 426
71 69 404
71 70 443
71 72 254
71 73 361
71 74 266
71 75 326
71 76 393
71 77 369
71 78 310
71 79 493
71 80 324
71 81 280
71 82 278
71 83 410
71 84 402
71 85 374
71 86 285
71 87 268
71 88 268
71 89 479
71 90 493
71 91 418
71 92 318
71 93 401
71 94 352
71 95 435
71 96 488
71 97 416
71 98 395
71 99 461
72 1 252
72 2 282
72 3 360
72 4 443
72 5 486
72 6 455
72 7 461
72 8 353
72 9 381
72 10 403
72 11 263
72 12 466
72 13 493
72 14 355
72 15 493
72 16 451
72 17 303
72 18 337
72 19 482
72 20 447
72 21 308
72 22 363
72 23 365
72 24 384
72 25 286
72 26 402
72 27 494
72 28 328
72 29 271
72 30 431
72 31 378
72 32 406
72 33 415
72 34 358
72 35 414
72 36 388
72 37 393
72 38 500
72 39 262
72 40 344
72 41 487
72 42 334
72 43 431
72 44 394
72 45 431
72 46 441
72 47 428
72 48 409
72 49 357
72 50 354
72 51 304
72 52 312
72 53 484
72 54 351
72 55 266
72 56 290
72 57 481
72 58 298
72 59 340
72 60 458
72 61 492
72 62 256
72 63 357
72 64 434
72 65 450
72 66 298
72 67 390
72 68 397
72 69 446
72 70 364
72 71 254
72 73 383
72 74 455
72 75 498
72 76 482
72 77 460
72 78 472
72 79 418
72 80 317
72 81 305
72 82 391
72 83 343
72 84 440
72 85 434
72 86 376
72 87 404
72 88 312
72 89 344
72 90 344
72 91 309
72 92 314
72 93 305
72 94 427
72 95 499
72 96 319
72 97 276
72 98 389
72 99 444
73 1 372
73 2 360
73 3 382
73 4 263
73 5 337
73 6 269
73 7 420
73 8 494
73 9 394
73 10 308
73 11 386
73 12 372
73 13 358
73 14 499
73 15 256
73 16 285
73 17 434
73 18 489
73 19 488
73 20 408
73 21 388
73 22 449
73 23 336
73 24 254
73 25 382
73 26 374
73 27 477
73 28 429
73 29 402
73 30 379
73 31 257
73 32 358
73 33 413
73 34 442
73 35 340
73 36 492
73 37 449
73 38 443
73 39 303
73 40 250
73 41 272
73 42 359
73 43 497
73 44 263
73 45 303
73 46 255
73 47 496
73 48 346
73 49 389
73 50 256
73 51 311
73 52 428
73 53 290
73 54 382
73 55 302
73 56 386
73 57 277
73 58 334
73 59 439
73 60 450
73 61 291
73 62 435
73 63 478
73 64 419
73 65 300
73 66 260
73 67 346
73 68 256
73 69 451
73 70 477
73 71 361
73 72 383
73 74 372
73 75 412
73 76 320
73 77 481
73 78 309
73 79 408
73 80 401
73 81 334
73 82 299
73 83 253
73 84 400
73 85 425
73 86 407
73 87 475
73 88 458
73 89 453
73 90 327
73 91 418
73 92 432
73 93 357
73 94 295
73 95 488
73 96 281
73 97 387
73 98 343
73 99 286
74 1 480
74 2 434
74 3 326
74 4 402
74 5 468
74 6 479
74 7 404
74 8 297
74 9 289
74 10 337
74 11 266
74 12 302
74 13 376
74 14 298
74 15 315
74 16 360
74 17 457
74 18 461
74 19 471
74 20 348
74 21 348
74 22 314
74 23 369
74 24 373
74 25 407
74 26 407
74 27 454
74 28 466
74 29 285
74 30 485
74 31 254
74 32 480
74 33 297
74 34 367
74 35 408
74 36 460
74 37 493
74 38 419
74 39 448
74 40 349
74 41 356
74 42 360
74 43 470
74 44 421
74 45 447
74 46 364
74 47 408
74 48 414
74 49 318
74 50 292
74 51 312
74 52 308
74 53 378
74 54 357
74 55 319
74 56 372
74 57 377
74 58 410
74 59 349
74 60 385
74 61 415
74 62 443
74 63 336
74 64 434
74 65 471
74 66 451
74 67 345
74 68 291
74 69 341
74 70 404
74 71 266
74 72 455
74 73 372
74 75 404
74 76 364
74 77 350
74 78 470
74 79 367
74 80 444
74 81 278
74 82 487
74 83 294
74 84 287
74 85 453
74 86 371
74 87 395
74 88 250
74 89 258
74 90 323
74 91 471
74 92 428
74 93 398
74 94 453
74 95 272
74 96 408
74 97 272
74 98 321
74 99 491
75 1 317
75 2 260
75 3 494
75 4 322
75 5 384
75 6 390
75 7 370
75 8 387
75 9 406
75 10 299
75 11 401
75 12 322
75 13 390
75 14 429
75 15 410
75 16 364
75 17 358
75 18 458
75 19 487
75 20 317
75 21 393
75 22 255
75 23 346
75 24 341
75 25 373
75 26 323
75 27 415
75 28 253
75 29 441
75 30 346
75 31 398
75 32 428
75 33 465
75 34 340
75 35 320
75 36 306
75 37 349
75 38 400
75 39 407
75 40 440
75 41 405
75 42 361
75 43 481
75 44 462
75 45 313
75 46 253
75 47 457
75 48 272
75 49 321
75 50 478
75 51 366
75 52 335
75 53 302
75 54 494
75 55 381
75 56 491
75 57 424
75 58 492
75 59 294
75 60 400
75 61 346
75 62 331
75 63 408
75 64 474
75 65 320
75 66 407
75 67 345
75 68 372
75 69 450
75 70 266
75 71 326
75 72 498
75 73 412
75 74 404
75 76 452
75 77 388
75 78 285
75 79 481
75 80 363
75 81 471
75 82 391
75 83 278
75 84 424
75 85 287
75 86 371
75 87 352
75 88 468
75 89 446
75 90 318
75 91 257
75 92 459
75 93 262
75 94 475
75 95 441
75 96 264
75 97 348
75 98 412
75 99 372
76 1 252
76 2 454
76 3 444
76 4 268
76 5 400
76 6 496
76 7 374
76 8 382
76 9 407
76 10 423
76 11 260
76 12 250
76 13 251
76 14 330
76 15 349
76 16 250
76 17 390
76 18 253
76 19 331
76 20 454
76 21 264
76 22 353
76 23 308
76 24 434
76 25 259
76 26 405
76 27 417
76 28 263
76 29 408
76 30 336
76 31 479
76 32 351
76 33 381
76 34 328
76 35 465
76 36 406
76 37 492
76 38 278
76 39 481
76 40 308
76 41 472
76 42 340
76 43 260
76 44 352
76 45 401
76 46 388
76 47 330
76 48 449
76 49 276
76 50 430
76 51 487
76 52 457
76 53 377
76 54 404
76 55 300
76 56 252
76 57 276
76 58 377
76 59 294
76 60 380
76 61 357
76 62 294
76 63 276
76 64 278
76 65 425
76 66 472
76 67 404
76 68 335
76 69 259
76 70 395
76 71 393
76 72 482
76 73 320
76 74 364
76 75 452
76 77 339
76 78 366
76 79 260
76 80 397
76 81 481
76 82 323
76 83 266
76 84 421
76 85 375
76 86 363
76 87 491
76 88 293
76 89 477
76 90 256
76 91 269
76 92 255
76 93 308
76 94 491
76 95 498
76 96 293
76 97 312
76 98 421
76 99 343
77 1 266
77 2 348
77 3 372
77 4 417
77 5 497
77 6 323
77 7 321
77 8 488
77 9 265
77 10 411
77 11 436
77 12 337
77 13 457
77 14 369
77 15 488
77 16 441
77 17 437
77 18 468
77 19 269
77 20 348
77 21 450
77 22 412
77 23 350
77 24 425
77 25 482
77 26 330
77 27 500
77 28 418
77 29 450
77 30 366
77 31 283
77 32 464
77 33 270
77 34 261
77 35 307
77 36 250
77 37 381
77 38 349
77 39 347
77 40 334
77 41 465
77 42 385
77 43 411
77 44 397
77 45 273
77 46 491
77 47 367
77 48 329
77 49 278
77 50 343
77 51 318
77 52 343
77 53 422
77 54 368
77 55 487
77 56 343
77 57 362
77 58 284
77 59 261
77 60 440
77 61 439
77 62 316
77 63 380
77 64 345
77 65 318
77 66 492
77 67 279
77 68 460
77 69 257
77 70 377
77 71 369
77 72 460
77 73 481
77 74 350
77 75 388
77 76 339
77 78 462
77 79 431
77 80 292
77 81 376
77 82 355
77 83 352
77 84 392
77 85 299
77 86 486
77 87 289
77 88 302
77 89 306
77 90 407
77 91 382
77 92 377
77 93 418
77 94 277
77 95 342
77 96 333
77 97 279
77 98 490
77 99 475
78 1 474
78 2 268
78 3 411
78 4 289
78 5 419
78 6 281
78 7 301
78 8 356
78 9 353
78 10 425
78 11 346
78 12 298
78 13 492
78 14 269
78 15 253
78 16 484
78 17 388
78 18 386
78 19 287
78 20 465
78 21 402
78 22 353
78 23 443
78 24 250
78 25 301
78 26 306
78 27 389
78 28 385
78 29 370
78 30 483
78 31 254
78 32 368
78 33 480
78 34 452
78 35 287
78 36 418
78 37 437
78 38 315
78 39 495
78 40 488
78 41 461
78 42 406
78 43 381
78 44 264
78 45 482
78 46 468
78 47 407
78 48 395
78 49 331
78 50 412
78 51 261
78 52 438
78 53 467
78 54 410
78 55 433
78 56 280
78 57 335
78 58 403
78 59 420
78 60 433
78 61 459
78 62 297
78 63 280
78 64 465
78 65 435
78 66 372
78 67 368
78 68 272
78 69 256
78 70 368
78 71 310
78 72 472
78 73 309
78 74 470
78 75 285
78 76 366
78 77 462
78 79 364
78 80 452
78 81 253
78 82 333
78 83 449
78 84 257
78 85 468
78 86 257
78 87 349
78 88 399
78 89 381
78 90 385
78 91 341
78 92 270
78 93 492
78 94 377
78 95 395
78 96 332
78 97 310
78 98 410
78 99 497
79 1 492
79 2 385
79 3 339
79 4 317
79 5 398
79 6 494
79 7 363
79 8 481
79 9 340
79 10 329
79 11 295
79 12 306
79 13 321
79 14 342
79 15 454
79 16 414
79 17 500
79 18 464
79 19 410
79 20 476
79 21 278
79 22 329
79 23 427
79 24 433
79 25 278
79 26 359
79 27 393
79 28 272
79 29 441
79 30 251
79 31 489
79 32 254
79 33 396
79 34 256
79 35 470
79 36 287
79 37 396
79 38 424
79 39 410
79 40 275
79 41 464
79 42 483
79 43 460
79 44 351
79 45 320
79 46 306
79 47 492
79 48 495
79 49 300
79 50 297
79 51 426
79 52 373
79 53 351
79 54 343
79 55 412
79 56 355
79 57 437
79 58 348
79 59 493
79 60 255
79 61 405
79 62 463
79 63 268
79 64 279
79 65 289
79 66 300
79 67 290
79 68 498
79 69 278
79 70 459
79 71 493
79 72 418
79 73 408
79 74 367
79 75 481
79 76 260
79 77 431
79 78 364
79 80 388
79 81 378
79 82 274
79 83 387
79 84 311
79 85 318
79 86 498
79 87 310
79 88 500
79 89 411
79 90 366
79 91 321
79 92 277
79 93 309
79 94 288
79 95 455
79 96 259
79 97 449
79 98 420
79 99 344
80 1 299
80 2 419
80 3 486
80 4 363
80 5 393
80 6 340
80 7 389
80 8 314
80 9 322
80 10 401
80 11 435
80 12 259
80 13 400
80 14 262
80 15 396
80 16 339
80 17 408
80 18 334
80 19 304
80 20 316
80 21 472
80 22 294
80 23 317
80 24 454
80 25 362
80 26 329
80 27 284
80 28 451
80 29 382
80 30 257
80 31 297
80 32 417
80 33 470
80 34 431
80 35 458
80 36 299
80 37 307
80 38 401
80 39 410
80 40 365
80 41 415
80 42 452
80 43 326
80 44 279
80 45 415
80 46 277
80 47 445
80 48 463
80 49 371
80 50 485
80 51 466
80 52 355
80 53 295
80 54 321
80 55 320
80 56 489
80 57 414
80 58 376
80 59 267
80 60 308
80 61 487
80 62 364
80 63 257
80 64 280
80 65 440
80 66 412
80 67 250
80 68 343
80 69 341
80 70 446
80 71 324
80 72 317
80 73 401
80 74 444
80 75 363
80 76 397
80 77 292
80 78 452
80 79 388
80 81 289
80 82 289
80 83 318
80 84 355
80 85 440
80 86 491
80 87 260
80 88 462
80 89 283
80 90 337
80 91 466
80 92 303
80 93 445
80 94 270
80 95 403
80 96 456
80 97 298
80 98 336
80 99 489
81 1 481
81 2 265
81 3 337
81 4 454
81 5 412
81 6 447
81 7 436
81 8 421
81 9 331
81 10 378
81 11 293
81 12 463
81 13 267
81 14 480
81 15 474
81 16 468
81 17 288
81 18 411
81 19 264
81 20 381
81 21 499
81 22 404
81 23 316
81 24 350
81 25 270
81 26 265
81 27 393
81 28 296
81 29 381
81 30 322
81 31 398
81 32 323
81 33 379
81 34 304
81 35 469
81 36 480
81 37 313
81 38 380
81 39 282
81 40 332
81 41 348
81 42 453
81 43 353
81 44 277
81 45 482
81 46 403
81 47 387
81 48 254
81 49 293
81 50 445
81 51 343
81 52 474
81 53 330
81 54 467
81 55 436
81 56 371
81 57 319
81 58 268
81 59 447
81 60 469
81 61 414
81 62 274
81 63 478
81 64 269
81 65 411
81 66 302
81 67 283
81 68 260
81 69 299
81 70 315
81 71 280
81 72 305
81 73 334
81 74 278
81 75 471
81 76 481
81 77 376
81 78 253
81 79 378
81 80 289
81 82 346
81 83 367
81 84 423
81 85 288
81 86 347
81 87 263
81 88 350
81 89 477
81 90 306
81 91 339
81 92 430
81 93 341
81 94 361
81 95 373
81 96 328
81 97 384
81 98 379
81 99 313
82 1 485
82 2 296
82 3 283
82 4 493
82 5 326
82 6 320
82 7 407
82 8 462
82 9 414
82 10 272
82 11 469
82 12 268
82 13 305
82 14 469
82 15 433
82 16 423
82 17 339
82 18 464
82 19 496
82 20 488
82 21 489
82 22 406
82 23 486
82 24 482
82 25 394
82 26 265
82 27 435
82 28 488
82 29 454
82 30 267
82 31 271
82 32 424
82 33 250
82 34 485
82 35 380
82 36 451
82 37 420
82 38 471
82 39 462
82 40 282
82 41 342
82 42 314
82 43 310
82 44 466
82 45 277
82 46 364
82 47 308
82 48 488
82 49 333
82 50 405
82 51 251
82 52 462
82 53 371
82 54 388
82 55 437
82 56 269
82 57 400
82 58 294
82 59 453
82 60 289
82 61 409
82 62 375
82 63 451
82 64 412
82 65 289
82 66 406
82 67 272
82 68 256
82 69 490
82 70 419
82 71 278
82 72 391
82 73 299
82 74 487
82 75 391
82 76 323
82 77 355
82 78 333
82 79 274
82 80 289
82 81 346
82 83 498
82 84 499
82 85 328
82 86 443
82 87 396
82 88 319
82 89 335
82 90 453
82 91 255
82 92 450
82 93 348
82 94 298
82 95 460
82 96 347
82 97 326
82 98 406
82 99 334
83 1 344
83 2 487
83 3 341
83 4 323
83 5 361
83 6 486
83 7 328
83 8 449
83 9 461
83 10 494
83 11 496
83 12 479
83 13 413
83 14 348
83 15 417
83 16 271
83 17 438
83 18 265
83 19 424
83 20 278
83 21 492
83 22 266
83 23 471
83 24 297
83 25 481
83 26 345
83 27 270
83 28 297
83 29 454
83 30 305
83 31 436
83 32 495
83 33 269
83 34 339
83 35 257
83 36 371
83 37 489
83 38 422
83 39 323
83 40 450
83 41 252
83 42 478
83 43 255
83 44 276
83 45 380
83 46 336
83 47 313
83 48 342
83 49 422
83 50 381
83 51 265
83 52 485
83 53 411
83 54 259
83 55 377
83 56 337
83 57 323
83 58 411
83 59 250
83 60 481
83 61 424
83 62 491
83 63 250
83 64 353
83 65 403
83 66 280
83 67 356
83 68 272
83 69 411
83 70 363
83 71 410
83 72 343
83 73 253
83 74 294
83 75 278
83 76 266
83 77 352
83 78 449
83 79 387
83 80 318
83 81 367
83 82 498
83 84 263
83 85 271
83 86 253
83 87 422
83 88 269
83 89 445
83 90 352
83 91 462
83 92 457
83 93 459
83 94 449
83 95 346
83 96 342
83 97 417
83 98 435
83 99 274
84 1 273
84 2 274
84 3 463
84 4 493
84 5 279
84 6 298
84 7 254
84 8 469
84 9 345
84 10 497
84 11 300
84 12 450
84 13 412
84 14 464
84 15 255
84 16 405
84 17 329
84 18 366
84 19 434
84 20 457
84 21 356
84 22 413
84 23 457
84 24 495
84 25 479
84 26 493
84 27 469
84 28 299
84 29 284
84 30 357
84 31 480
84 32 443
84 33 350
84 34 441
84 35 362
84 36 422
84 37 330
84 38 468
84 39 413
84 40 297
84 41 326
84 42 266
84 43 281
84 44 411
84 45 480
84 46 372
84 47 269
84 48 280
84 49 346
84 50 269
84 51 404
84 52 436
84 53 450
84 54 267
84 55 272
84 56 321
84 57 275
84 58 376
84 59 384
84 60 479
84 61 446
84 62 341
84 63 302
84 64 264
84 65 499
84 66 373
84 67 380
84 68 289
84 69 421
84 70 256
84 71 402
84 72 440
84 73 400
84 74 287
84 75 424
84 76 421
84 77 392
84 78 257
84 79 311
84 80 355
84 81 423
84 82 499
84 83 263
84 85 250
84 86 475
84 87 282
84 88 389
84 89 303
84 90 283
84 91 384
84 92 279
84 93 484
84 94 312
84 95 474
84 96 386
84 97 346
84 98 334
84 99 277
85 1 387
85 2 282
85 3 381
85 4 338
85 5 387
85 6 378
85 7 329
85 8 415
85 9 375
85 10 485
85 11 331
85 12 407
85 13 280
85 14 421
85 15 308
85 16 266
85 17 391
85 18 285
85 19 371
85 20 381
85 21 385
85 22 369
85 23 439
85 24 270
85 25 384
85 26 450
85 27 297
85 28 408
85 29 332
85 30 385
85 31 375
85 32 378
85 33 388
85 34 454
85 35 352
85 36 351
85 37 282
85 38 459
85 39 363
85 40 401
85 41 291
85 42 381
85 43 295
85 44 297
85 45 332
85 46 435
85 47 379
85 48 346
85 49 351
85 50 355
85 51 413
85 52 489
85 53 365
85 54 337
85 55 324
85 56 401
85 57 400
85 58 251
85 59 307
85 60 292
85 61 452
85 62 327
85 63 420
85 64 420
85 65 276
85 66 463
85 67 343
85 68 431
85 69 427
85 70 385
85 71 374
85 72 434
85 73 425
85 74 453
85 75 287
85 76 375
85 77 299
85 78 468
85 79 318
85 80 440
85 81 288
85 82 328
85 83 271
85 84 250
85 86 439
85 87 440
85 88 269
85 89 254
85 90 415
85 91 304
85 92 429
85 93 445
85 94 408
85 95 303
85 96 315
85 97 421
85 98 272
85 99 411
86 1 306
86 2 463
86 3 358
86 4 356
86 5 383
86 6 431
86 7 287
86 8 436
86 9 368
86 10 333
86 11 402
86 12 491
86 13 280
86 14 393
86 15 408
86 16 428
86 17 359
86 18 347
86 19 275
86 20 296
86 21 426
86 22 331
86 23 284
86 24 365
86 25 250
86 26 343
86 27 480
86 28 315
86 29 399
86 30 390
86 31 340
86 32 353
86 33 258
86 34 495
86 35 391
86 36 386
86 37 399
86 38 318
86 39 297
86 40 463
86 41 457
86 42 406
86 43 488
86 44 416
86 45 423
86 46 281
86 47 457
86 48 346
86 49 395
86 50 429
86 51 483
86 52 400
86 53 290
86 54 458
86 55 326
86 56 497
86 57 365
86 58 401
86 59 369
86 60 363
86 61 324
86 62 371
86 63 252
86 64 350
86 65 378
86 66 455
86 67 302
86 68 408
86 69 283
86 70 423
86 71 285
86 72 376
86 73 407
86 74 371
86 75 371
86 76 363
86 77 486
86 78 257
86 79 498
86 80 491
86 81 347
86 82 443
86 83 253
86 84 475
86 85 439
86 87 316
86 88 487
86 89 472
86 90 441
86 91 293
86 92 298
86 93 434
86 94 499
86 95 362
86 96 254
86 97 476
86 98 338
86 99 276
87 1 271
87 2 438
87 3 269
87 4 429
87 5 430
87 6 257
87 7 339
87 8 401
87 9 321
87 10 436
87 11 406
87 12 318
87 13 407
87 14 333
87 15 490
87 16 498
87 17 390
87 18 324
87 19 496
87 20 417
87 21 442
87 22 386
87 23 261
87 24 289
87 25 477
87 26 265
87 27 408
87 28 295
87 29 437
87 30 368
87 31 259
87 32 277
87 33 442
87 34 448
87 35 259
87 36 499
87 37 325
87 38 318
87 39 498
87 40 370
87 41 492
87 42 382
87 43 295
87 44 375
87 45 299
87 46 389
87 47 360
87 48 276
87 49 489
87 50 459
87 51 298
87 52 267
87 53 306
87 54 284
87 55 371
87 56 265
87 57 321
87 58 391
87 59 276
87 60 255
87 61 331
87 62 477
87 63 351
87 64 303
87 65 319
87 66 484
87 67 344
87 68 465
87 69 288
87 70 492
87 71 268
87 72 404
87 73 475
87 74 395
87 75 352
87 76 491
87 77 289
87 78 349
87 79 310
87 80 260
87 81 263
87 82 396
87 83 422
87 84 282
87 85 440
87 86 316
87 88 468
87 89 462
87 90 492
87 91 309
87 92 341
87 93 392
87 94 287
87 95 316
87 96 360
87 97 374
87 98 316
87 99 291
88 1 446
88 2 422
88 3 362
88 4 371
88 5 333
88 6 421
88 7 386
88 8 302
88 9 420
88 10 438
88 11 333
88 12 358
88 13 317
88 14 331
88 15 258
88 16 427
88 17 412
88 18 441
88 19 292
88 20 418
88 21 323
88 22 480
88 23 296
88 24 381
88 25 301
88 26 309
88 27 262
88 28 500
88 29 429
88 30 474
88 31 261
88 32 395
88 33 303
88 34 359
88 35 409
88 36 449
88 37 441
88 38 313
88 39 464
88 40 303
88 41 451
88 42 267
88 43 356
88 44 343
88 45 409
88 46 279
88 47 413
88 48 486
88 49 260
88 50 465
88 51 316
88 52 306
88 53 307
88 54 377
88 55 406
88 56 460
88 57 331
88 58 435
88 59 412
88 60 434
88 61 475
88 62 302
88 63 258
88 64 342
88 65 428
88 66 258
88 67 464
88 68 379
88 69 483
88 70 350
88 71 268
88 72 312
88 73 458
88 74 250
88 75 468
88 76 293
88 77 302
88 78 399
88 79 500
88 80 462
88 81 350
88 82 319
88 83 269
88 84 389
88 85 269
88 86 487
88 87 468
88 89 400
88 90 434
88 91 333
88 92 323
88 93 447
88 94 331
88 95 472
88 96 464
88 97 485
88 98 421
88 99 446
89 1 378
89 2 251
89 3 267
89 4 288
89 5 500
89 6 293
89 7 308
89 8 253
89 9 466
89 10 478
89 11 440
89 12 478
89 13 410
89 14 282
89 15 353
89 16 434
89 17 294
89 18 391
89 19 319
89 20 373
89 21 345
89 22 437
89 23 279
89 24 413
89 25 250
89 26 259
89 27 266
89 28 479
89 29 331
89 30 265
89 31 262
89 32 405
89 33 458
89 34 273
89 35 298
89 36 428
89 37 460
89 38 376
89 39 376
89 40 315
89 41 380
89 42 453
89 43 329
89 44 412
89 45 390
89 46 499
89 47 300
89 48 435
89 49 481
89 50 280
89 51 399
89 52 351
89 53 406
89 54 253
89 55 280
89 56 446
89 57 323
89 58 438
89 59 327
89 60 375
89 61 276
89 62 273
89 63 261
89 64 357
89 65 369
89 66 316
89 67 310
89 68 487
89 69 313
89 70 493
89 71 479
89 72 344
89 73 453
89 74 258
89 75 446
89 76 477
89 77 306
89 78 381
89 79 411
89 80 283
89 81 477
89 82 335
89 83 445
89 84 303
89 85 254
89 86 472
89 87 462
89 88 400
89 90 318
89 91 359
89 92 328
89 93 469
89 94 370
89 95 476
89 96 467
89 97 330
89 98 468
89 99 429
90 1 416
90 2 377
90 3 432
90 4 414
90 5 454
90 6 324
90 7 268
90 8 331
90 9 278
90 10 319
90 11 296
90 12 280
90 13 264
90 14 455
90 15 472
90 16 350
90 17 302
90 18 327
90 19 404
90 20 403
90 21 395
90 22 383
90 23 407
90 24 345
90 25 288
90 26 478
90 27 353
90 28 295
90 29 457
90 30 495
90 31 340
90 32 278
90 33 488
90 34 420
90 35 289
90 36 363
90 37 281
90 38 436
90 39 315
90 40 447
90 41 437
90 42 458
90 43 255
90 44 403
90 45 333
90 46 322
90 47 499
90 48 261
90 49 411
90 50 499
90 51 410
90 52 364
90 53 338
90 54 281
90 55 355
90 56 356
90 57 361
90 58 490
90 59 327
90 60 421
90 61 289
90 62 426
90 63 345
90 64 470
90 65 289
90 66 449
90 67 386
90 68 373
90 69 384
90 70 313
90 71 493
90 72 344
90 73 327
90 74 323
90 75 318
90 76 256
90 77 407
90 78 385
90 79 366
90 80 337
90 81 306
90 82 453
90 83 352
90 84 283
90 85 415
90 86 441
90 87 492
90 88 434
90 89 318
90 91 322
90 92 476
90 93 440
90 94 440
90 95 406
90 96 284
90 97 271
90 98 494
90 99 356
91 1 476
91 2 321
91 3 400
91 4 464
91 5 335
91 6 286
91 7 433
91 8 456
91 9 388
91 10 478
91 11 323
91 12 422
91 13 405
91 14 487
91 15 486
91 16 256
91 17 410
91 18 363
91 19 306
91 20 390
91 21 345
91 22 311
91 23 462
91 24 294
91 25 280
91 26 391
91 27 488
91 28 411
91 29 412
91 30 394
91 31 410
91 32 393
91 33 263
91 34 251
91 35 453
91 36 359
91 37 325
91 38 340
91 39 439
91 40 327
91 41 405
91 42 456
91 43 274
91 44 445
91 45 456
91 46 310
91 47 276
91 48 321
91 49 372
91 50 470
91 51 365
91 52 474
91 53 278
91 54 251
91 55 307
91 56 479
91 57 402
91 58 448
91 59 480
91 60 303
91 61 296
91 62 299
91 63 293
91 64 475
91 65 425
91 66 364
91 67 411
91 68 480
91 69 342
91 70 374
91 71 418
91 72 309
91 73 418
91 74 471
91 75 257
91 76 269
91 77 382
91 78 341
91 79 321
91 80 466
91 81 339
91 82 255
91 83 462
91 84 384
91 85 304
91 86 293
91 87 309
91 88 333
91 89 359
91 90 322
91 92 289
91 93 483
91 94 397
91 95 349
91 96 497
91 97 498
91 98 497
91 99 481
92 1 410
92 2 380
92 3 339
92 4 301
92 5 404
92 6 318
92 7 449
92 8 432
92 9 408
92 10 333
92 11 467
92 12 414
92 13 363
92 14 411
92 15 485
92 16 287
92 17 415
92 18 439
92 19 467
92 20 493
92 21 498
92 22 402
92 23 426
92 24 397
92 25 482
92 26 408
92 27 494
92 28 424
92 29 385
92 30 425
92 31 284
92 32 321
92 33 444
92 34 393
92 35 348
92 36 313
92 37 346
92 38 276
92 39 362
92 40 358
92 41 349
92 42 282
92 43 464
92 44 341
92 45 280
92 46 348
92 47 412
92 48 427
92 49 253
92 50 362
92 51 482
92 52 354
92 53 476
92 54 301
92 55 311
92 56 315
92 57 286
92 58 297
92 59 284
92 60 500
92 61 376
92 62 329
92 63 327
92 64 476
92 65 257
92 66 446
92 67 355
92 68 307
92 69 329
92 70 449
92 71 318
92 72 314
92 73 432
92 74 428
92 75 459
92 76 255
92 77 377
92 78 270
92 79 277
92 80 303
92 81 430
92 82 450
92 83 457
92 84 279
92 85 429
92 86 298
92 87 341
92 88 323
92 89 328
92 90 476
92 91 289
92 93 442
92 94 431
92 95 407
92 96 401
92 97 422
92 98 396
92 99 486
93 1 291
93 2 391
93 3 324
93 4 409
93 5 255
93 6 357
93 7 254
93 8 346
93 9 489
93 10 310
93 11 483
93 12 273
93 13 495
93 14 418
93 15 282
93 16 346
93 17 472
93 18 422
93 19 426
93 20 427
93 21 423
93 22 366
93 23 326
93 24 332
93 25 460
93 26 331
93 27 496
93 28 452
93 29 333
93 30 257
93 31 343
93 32 421
93 33 422
93 34 374
93 35 490
93 36 322
93 37 364
93 38 379
93 39 314
93 40 280
93 41 258
93 42 290
93 43 395
93 44 263
93 45 300
93 46 456
93 47 496
93 48 309
93 49 344
93 50 495
93 51 463
93 52 327
93 53 456
93 54 435
93 55 488
93 56 292
93 57 301
93 58 375
93 59 453
93 60 297
93 61 471
93 62 462
93 63 366
93 64 394
93 65 310
93 66 500
93 67 329
93 68 372
93 69 464
93 70 286
93 71 401
93 72 305
93 73 357
93 74 398
93 75 262
93 76 308
93 77 418
93 78 492
93 79 309
93 80 445
93 81 341
93 82 348
93 83 459
93 84 484
93 85 445
93 86 434
93 87 392
93 88 447
93 89 469
93 90 440
93 91 483
93 92 442
93 94 493
93 95 406
93 96 257
93 97 482
93 98 436
93 99 397
94 1 473
94 2 333
94 3 318
94 4 457
94 5 429
94 6 270
94 7 425
94 8 495
94 9 359
94 10 270
94 11 430
94 12 345
94 13 446
94 14 404
94 15 366
94 16 451
94 17 287
94 18 294
94 19 261
94 20 309
94 21 323
94 22 261
94 23 413
94 24 448
94 25 410
94 26 425
94 27 362
94 28 375
94 29 251
94 30 361
94 31 451
94 32 353
94 33 468
94 34 471
94 35 443
94 36 266
94 37 447
94 38 475
94 39 493
94 40 468
94 41 291
94 42 324
94 43 315
94 44 498
94 45 484
94 46 332
94 47 388
94 48 419
94 49 260
94 50 463
94 51 266
94 52 285
94 53 271
94 54 295
94 55 500
94 56 306
94 57 408
94 58 332
94 59 452
94 60 344
94 61 339
94 62 490
94 63 449
94 64 263
94 65 434
94 66 274
94 67 458
94 68 349
94 69 376
94 70 369
94 71 352
94 72 427
94 73 295
94 74 453
94 75 475
94 76 491
94 77 277
94 78 377
94 79 288
94 80 270
94 81 361
94 82 298
94 83 449
94 84 312
94 85 408
94 86 499
94 87 287
94 88 331
94 89 370
94 90 440
94 91 397
94 92 431
94 93 493
94 95 277
94 96 361
94 97 319
94 98 339
94 99 378
95 1 276
95 2 385
95 3 397
95 4 437
95 5 321
95 6 260
95 7 446
95 8 438
95 9 438
95 10 288
95 11 415
95 12 428
95 13 403
95 14 277
95 15 381
95 16 334
95 17 330
95 18 469
95 19 483
95 20 311
95 21 271
95 22 442
95 23 398
95 24 267
95 25 299
95 26 410
95 27 387
95 28 345
95 29 431
95 30 286
95 31 459
95 32 265
95 33 325
95 34 302
95 35 439
95 36 309
95 37 465
95 38 305
95 39 454
95 40 359
95 41 282
95 42 419
95 43 408
95 44 308
95 45 315
95 46 290
95 47 445
95 48 304
95 49 442
95 50 458
95 51 458
95 52 430
95 53 355
95 54 451
95 55 393
95 56 462
95 57 303
95 58 296
95 59 315
95 60 419
95 61 356
95 62 448
95 63 409
95 64 440
95 65 361
95 66 307
95 67 492
95 68 393
95 69 402
95 70 376
95 71 435
95 72 499
95 73 488
95 74 272
95 75 441
95 76 498
95 77 342
95 78 395
95 79 455
95 80 403
95 81 373
95 82 460
95 83 346
95 84 474
95 85 303
95 86 362
95 87 316
95 88 472
95 89 476
95 90 406
95 91 349
95 92 407
95 93 406
95 94 277
95 96 400
95 97 333
95 98 479
95 99 295
96 1 286
96 2 448
96 3 329
96 4 254
96 5 284
96 6 439
96 7 255
96 8 337
96 9 425
96 10 314
96 11 398
96 12 419
96 13 420
96 14 489
96 15 338
96 16 339
96 17 282
96 18 354
96 19 328
96 20 500
96 21 497
96 22 428
96 23 377
96 24 445
96 25 322
96 26 355
96 27 473
96 28 378
96 29 273
96 30 257
96 31 482
96 32 483
96 33 478
96 34 302
96 35 255
96 36 304
96 37 496
96 38 493
96 39 333
96 40 380
96 41 254
96 42 285
96 43 272
96 44 275
96 45 493
96 46 255
96 47 376
96 48 341
96 49 296
96 50 451
96 51 340
96 52 308
96 53 381
96 54 454
96 55 280
96 56 277
96 57 314
96 58 370
96 59 250
96 60 355
96 61 446
96 62 284
96 63 267
96 64 262
96 65 429
96 66 382
96 67 270
96 68 382
96 69 382
96 70 464
96 71 488
96 72 319
96 73 281
96 74 408
96 75 264
96 76 293
96 77 333
96 78 332
96 79 259
96 80 456
96 81 328
96 82 347
96 83 342
96 84 386
96 85 315
96 86 254
96 87 360
96 88 464
96 89 467
96 90 284
96 91 497
96 92 401
96 93 257
96 94 361
96 95 400
96 97 424
96 98 449
96 99 257
97 1 384
97 2 380
97 3 489
97 4 281
97 5 382
97 6 357
97 7 413
97 8 302
97 9 305
97 10 298
97 11 496
97 12 467
97 13 391
97 14 370
97 15 365
97 16 325
97 17 358
97 18 299
97 19 388
97 20 266
97 21 434
97 22 411
97 23 285
97 24 425
97 25 312
97 26 344
97 27 441
97 28 446
97 29 267
97 30 316
97 31 384
97 32 312
97 33 377
97 34 339
97 35 369
97 36 362
97 37 466
97 38 484
97 39 326
97 40 397
97 41 370
97 42 423
97 43 430
97 44 257
97 45 402
97 46 446
97 47 353
97 48 294
97 49 466
97 50 430
97 51 356
97 52 466
97 53 346
97 54 405
97 55 363
97 56 474
97 57 302
97 58 393
97 59 303
97 60 450
97 61 305
97 62 498
97 63 433
97 64 342
97 65 267
97 66 367
97 67 382
97 68 442
97 69 277
97 70 300
97 71 416
97 72 276
97 73 387
97 74 272
97 75 348
97 76 312
97 77 279
97 78 310
97 79 449
97 80 298
97 81 384
97 82 326
97 83 417
97 84 346
97 85 421
97 86 476
97 87 374
97 88 485
97 89 330
97 90 271
97 91 498
97 92 422
97 93 482
97 94 319
97 95 333
97 96 424
97 98 431
97 99 281
98 1 344
98 2 417
98 3 317
98 4 412
98 5 411
98 6 445
98 7 356
98 8 308
98 9 250
98 10 322
98 11 258
98 12 424
98 13 473
98 14 461
98 15 353
98 16 365
98 17 464
98 18 291
98 19 416
98 20 412
98 21 293
98 22 306
98 23 378
98 24 496
98 25 477
98 26 447
98 27 381
98 28 402
98 29 410
98 30 350
98 31 294
98 32 275
98 33 482
98 34 353
98 35 381
98 36 301
98 37 413
98 38 458
98 39 262
98 40 283
98 41 304
98 42 399
98 43 271
98 44 396
98 45 327
98 46 311
98 47 472
98 48 363
98 49 450
98 50 279
98 51 411
98 52 380
98 53 431
98 54 476
98 55 287
98 56 472
98 57 256
98 58 486
98 59 302
98 60 296
98 61 422
98 62 333
98 63 440
98 64 307
98 65 297
98 66 251
98 67 469
98 68 351
98 69 356
98 70 358
98 71 395
98 72 389
98 73 343
98 74 321
98 75 412
98 76 421
98 77 490
98 78 410
98 79 420
98 80 336
98 81 379
98 82 406
98 83 435
98 84 334
98 85 272
98 86 338
98 87 316
98 88 421
98 89 468
98 90 494
98 91 497
98 92 396
98 93 436
98 94 339
98 95 479
98 96 449
98 97 431
98 99 288
1 t 421
2 t 290
3 t 307
4 t 405
5 t 447
6 t 362
7 t 291
8 t 356
9 t 305
10 t 396
11 t 282
12 t 428
13 t 367
14 t 486
15 t 470
16 t 343
17 t 393
18 t 400
19 t 310
20 t 315
21 t 330
22 t 442
23 t 422
24 t 426
25 t 477
26 t 253
27 t 442
28 t 422
29 t 351
30 t 314
31 t 282
32 t 352
33 t 379
34 t 459
35 t 496
36 t 346
37 t 328
38 t 284
39 t 352
40 t 317
41 t 320
42 t 324
43 t 373
44 t 304
45 t 330
46 t 271
47 t 306
48 t 410
49 t 472
50 t 487
51 t 281
52 t 407
53 t 313
54 t 342
55 t 394
56 t 342
57 t 329
58 t 333
59 t 357
60 t 290
61 t 340
62 t 479
63 t 470
64 t 411
65 t 340
66 t 255
67 t 408
68 t 440
69 t 364
70 t 360
71 t 461
72 t 444
73 t 286
74 t 491
75 t 372
76 t 343
77 t 475
78 t 497
79 t 344
80 t 489
81 t 313
82 t 334
83 t 274
84 t 277
85 t 411
86 t 276
87 t 291
88 t 446
89 t 429
90 t 356
91 t 481
92 t 486
93 t 397
94 t 378
95 t 295
96 t 257
97 t 281
98 t 288
