s 1 408
s 2 492
s 3 283
s 4 301
s 5 272
s 6 393
s 7 367
s 8 367
s 9 274
s 10 468
s 11 393
s 12 473
s 13 299
s 14 485
s 15 387
s 16 340
s 17 252
s 18 392
s 19 266
s 20 345
s 21 381
s 22 415
s 23 303
s 24 469
s 25 366
s 26 388
s 27 285
s 28 409
s 29 413
s 30 398
s 31 417
s 32 336
s 33 457
s 34 300
s 35 262
s 36 441
s 37 327
s 38 477
s 39 270
s 40 310
s 41 346
s 42 434
s 43 358
s 44 336
s 45 355
s 46 310
s 47 480
s 48 313
s 49 482
s 50 444
s 51 368
s 52 342
s 53 342
s 54 289
s 55 477
s 56 490
s 57 283
s 58 406
s 59 262
s 60 436
s 61 497
s 62 357
s 63 265
s 64 393
s 65 308
s 66 370
s 67 450
s 68 416
s 69 435
s 70 466
s 71 479
s 72 436
s 73 315
s 74 285
s 75 300
s 76 279
s 77 375
s 78 376
s 79 457
s 80 374
s 81 322
s 82 349
s 83 360
s 84 418
s 85 344
s 86 375
s 87 345
s 88 463
s 89 318
s 90 386
s 91 278
s 92 255
s 93 332
s 94 332
s 95 477
s 96 303
s 97 469
s 98 477
s 99 408
1 2 345
1 3 496
1 4 403
1 5 307
1 6 498
1 7 270
1 8 448
1 9 458
1 10 339
1 11 298
1 12 367
1 13 498
1 14 271
1 15 465
1 16 387
1 17 497
1 18 294
1 19 252
1 20 315
1 21 263
1 22 477
1 23 273
1 24 478
1 25 437
1 26 415
1 27 418
1 28 452
1 29 444
1 30 419
1 31 439
1 32 265
1 33 369
1 34 321
1 35 391
1 36 261
1 37 324
1 38 477
1 39 294
1 40 395
1 41 265
1 42 418
1 43 488
1 44 304
1 45 473
1 46 397
1 47 295
1 48 332
1 49 446
1 50 393
1 51 286
1 52 483
1 53 268
1 54 389
1 55 456
1 56 462
1 57 317
1 58 269
1 59 285
1 60 310
1 61 446
1 62 327
1 63 398
1 64 323
1 65 446
1 66 454
1 67 278
1 68 388
1 69 269
1 70 362
1 71 500
1 72 476
1 73 406
1 74 497
1 75 312
1 76 430
1 77 347
1 78 496
1 79 303
1 80 301
1 81 492
1 82 478
1 83 452
1 84 285
1 85 318
1 86 377
1 87 476
1 88 251
1 89 319
1 90 258
1 91 361
1 92 275
1 93 354
1 94 301
1 95 431
1 96 325
1 97 438
1 98 424
1 99 342
2 1 345
2 3 420
2 4 294
2 5 451
2 6 392
2 7 380
2 8 341
2 9 342
2 10 325
2 11 495
2 12 398
2 13 457
2 14 294
2 15 267
2 16 486
2 17 337
2 18 310
2 19 448
2 20 389
2 21 267
2 22 458
2 23 333
2 24 359
2 25 393
2 26 353
2 27 322
2 28 363
2 29 322
2 30 301
2 31 390
2 32 474
2 33 405
2 34 266
2 35 420
2 36 277
2 37 257
2 38 481
2 39 487
2 40 390
2 41 456
2 42 317
2 43 442
2 44 492
2 45 380
2 46 420
2 47 416
2 48 373
2 49 343
2 50 373
2 51 314
2 52 268
2 53 298
2 54 324
2 55 492
2 56 351
2 57 307
2 58 444
2 59 375
2 60 289
2 61 350
2 62 452
2 63 376
2 64 434
2 65 436
2 66 474
2 67 387
2 68 389
2 69 327
2 70 465
2 71 459
2 72 311
2 73 268
2 74 283
2 75 453
2 76 292
2 77 288
2 78 317
2 79 463
2 80 489
2 81 479
2 82 324
2 83 486
2 84 369
2 85 483
2 86 466
2 87 353
2 88 468
2 89 258
2 90 352
2 91 423
2 92 459
2 93 365
2 94 303
2 95 450
2 96 330
2 97 484
2 98 394
2 99 411
3 1 496
3 2 420
3 4 297
3 5 436
3 6 350
3 7 289
3 8 407
3 9 467
3 10 253
3 11 329
3 12 488
3 13 302
3 14 379
3 15 316
3 16 470
3 17 438
3 18 365
3 19 297
3 20 384
3 21 335
3 22 450
3 23 282
3 24 310
3 25 400
3 26 280
3 27 338
3 28 284
3 29 465
3 30 474
3 31 474
3 32 351
3 33 499
3 34 437
3 35 261
3 36 306
3 37 414
3 38 394
3 39 291
3 40 392
3 41 353
3 42 416
3 43 412
3 44 483
3 45 340
3 46 393
3 47 451
3 48 264
3 49 447
3 50 462
3 51 448
3 52 276
3 53 463
3 54 484
3 55 468
3 56 307
3 57 302
3 58 485
3 59 401
3 60 305
3 61 354
3 62 339
3 63 475
3 64 406
3 65 370
3 66 311
3 67 495
3 68 259
3 69 409
3 70 482
3 71 399
3 72 481
3 73 430
3 74 301
3 75 270
3 76 250
3 77 273
3 78 493
3 79 386
3 80 379
3 81 268
3 82 389
3 83 460
3 84 476
3 85 314
3 86 416
3 87 361
3 88 320
3 89 489
3 90 400
3 91 334
3 92 485
3 93 462
3 94 412
3 95 374
3 96 353
3 97 483
3 98 362
3 99 380
4 1 403
4 2 294
4 3 297
4 5 327
4 6 270
4 7 273
4 8 480
4 9 411
4 10 430
4 11 364
4 12 455
4 13 342
4 14 363
4 15 351
4 16 484
4 17 469
4 18 380
4 19 306
4 20 425
4 21 400
4 22 300
4 23 419
4 24 367
4 25 369
4 26 495
4 27 470
4 28 433
4 29 398
4 30 389
4 31 365
4 32 292
4 33 352
4 34 363
4 35 303
4 36 399
4 37 409
4 38 438
4 39 461
4 40 461
4 41 317
4 42 445
4 43 461
4 44 430
4 45 355
4 46 455
4 47 313
4 48 493
4 49 420
4 50 456
4 51 384
4 52 267
4 53 344
4 54 333
4 55 406
4 56 385
4 57 484
4 58 480
4 59 332
4 60 444
4 61 309
4 62 403
4 63 491
4 64 434
4 65 321
4 66 385
4 67 423
4 68 254
4 69 314
4 70 445
4 71 423
4 72 343
4 73 420
4 74 279
4 75 332
4 76 389
4 77 500
4 78 283
4 79 457
4 80 335
4 81 394
4 82 454
4 83 335
4 84 284
4 85 341
4 86 342
4 87 389
4 88 291
4 89 376
4 90 432
4 91 403
4 92 476
4 93 333
4 94 345
4 95 443
4 96 354
4 97 410
4 98 279
4 99 307
5 1 307
5 2 451
5 3 436
5 4 327
5 6 389
5 7 374
5 8 250
5 9 426
5 10 336
5 11 429
5 12 377
5 13 304
5 14 260
5 15 259
5 16 337
5 17 405
5 18 339
5 19 439
5 20 450
5 21 430
5 22 274
5 23 285
5 24 289
5 25 430
5 26 345
5 27 361
5 28 250
5 29 436
5 30 419
5 31 343
5 32 456
5 33 468
5 34 368
5 35 327
5 36 353
5 37 456
5 38 446
5 39 310
5 40 429
5 41 295
5 42 255
5 43 279
5 44 469
5 45 491
5 46 397
5 47 456
5 48 325
5 49 448
5 50 333
5 51 485
5 52 452
5 53 359
5 54 375
5 55 284
5 56 273
5 57 413
5 58 454
5 59 282
5 60 464
5 61 358
5 62 327
5 63 354
5 64 354
5 65 360
5 66 414
5 67 289
5 68 456
5 69 498
5 70 498
5 71 492
5 72 369
5 73 500
5 74 301
5 75 312
5 76 375
5 77 336
5 78 400
5 79 335
5 80 474
5 81 477
5 82 429
5 83 477
5 84 463
5 85 454
5 86 434
5 87 381
5 88 453
5 89 352
5 90 308
5 91 256
5 92 465
5 93 459
5 94 365
5 95 337
5 96 254
5 97 470
5 98 484
5 99 410
6 1 498
6 2 392
6 3 350
6 4 270
6 5 389
6 7 434
6 8 356
6 9 401
6 10 379
6 11 285
6 12 388
6 13 400
6 14 427
6 15 335
6 16 292
6 17 307
6 18 262
6 19 475
6 20 400
6 21 436
6 22 273
6 23 264
6 24 381
6 25 397
6 26 450
6 27 368
6 28 388
6 29 449
6 30 280
6 31 314
6 32 407
6 33 357
6 34 376
6 35 397
6 36 366
6 37 388
6 38 395
6 39 309
6 40 331
6 41 422
6 42 289
6 43 415
6 44 476
6 45 426
6 46 425
6 47 420
6 48 331
6 49 368
6 50 433
6 51 386
6 52 387
6 53 321
6 54 295
6 55 336
6 56 495
6 57 473
6 58 404
6 59 272
6 60 264
6 61 433
6 62 361
6 63 435
6 64 390
6 65 270
6 66 451
6 67 349
6 68 313
6 69 471
6 70 463
6 71 425
6 72 299
6 73 355
6 74 364
6 75 333
6 76 314
6 77 250
6 78 377
6 79 290
6 80 470
6 81 475
6 82 305
6 83 380
6 84 351
6 85 366
6 86 316
6 87 366
6 88 437
6 89 330
6 90 387
6 91 479
6 92 300
6 93 263
6 94 387
6 95 438
6 96 435
6 97 354
6 98 377
6 99 259
7 1 270
7 2 380
7 3 289
7 4 273
7 5 374
7 6 434
7 8 330
7 9 263
7 10 360
7 11 437
7 12 475
7 13 484
7 14 394
7 15 474
7 16 351
7 17 289
7 18 327
7 19 484
7 20 363
7 21 378
7 22 253
7 23 444
7 24 366
7 25 252
7 26 264
7 27 389
7 28 311
7 29 369
7 30 269
7 31 478
7 32 346
7 33 475
7 34 440
7 35 275
7 36 490
7 37 412
7 38 418
7 39 418
7 40 437
7 41 488
7 42 462
7 43 412
7 44 478
7 45 275
7 46 380
7 47 307
7 48 306
7 49 366
7 50 254
7 51 283
7 52 319
7 53 383
7 54 500
7 55 355
7 56 262
7 57 403
7 58 408
7 59 404
7 60 300
7 61 278
7 62 389
7 63 251
7 64 421
7 65 282
7 66 484
7 67 413
7 68 252
7 69 413
7 70 453
7 71 468
7 72 373
7 73 418
7 74 255
7 75 448
7 76 260
7 77 368
7 78 425
7 79 370
7 80 415
7 81 335
7 82 437
7 83 368
7 84 353
7 85 499
7 86 320
7 87 305
7 88 485
7 89 494
7 90 421
7 91 366
7 92 297
7 93 431
7 94 470
7 95 294
7 96 334
7 97 410
7 98 441
7 99 427
8 1 448
8 2 341
8 3 407
8 4 480
8 5 250
8 6 356
8 7 330
8 9 305
8 10 358
8 11 491
8 12 302
8 13 432
8 14 412
8 15 263
8 16 407
8 17 350
8 18 345
8 19 487
8 20 377
8 21 379
8 22 277
8 23 267
8 24 496
8 25 295
8 26 383
8 27 484
8 28 366
8 29 427
8 30 358
8 31 285
8 32 401
8 33 288
8 34 421
8 35 333
8 36 401
8 37 302
8 38 272
8 39 376
8 40 395
8 41 327
8 42 368
8 43 486
8 44 340
8 45 318
8 46 306
8 47 388
8 48 351
8 49 387
8 50 486
8 51 430
8 52 497
8 53 307
8 54 374
8 55 336
8 56 327
8 57 254
8 58 311
8 59 382
8 60 274
8 61 286
8 62 493
8 63 378
8 64 329
8 65 254
8 66 379
8 67 308
8 68 457
8 69 294
8 70 410
8 71 277
8 72 334
8 73 290
8 74 271
8 75 265
8 76 440
8 77 263
8 78 464
8 79 439
8 80 286
8 81 418
8 82 314
8 83 459
8 84 408
8 85 488
8 86 369
8 87 473
8 88 475
8 89 324
8 90 319
8 91 476
8 92 322
8 93 453
8 94 336
8 95 263
8 96 433
8 97 440
8 98 262
8 99 428
9 1 458
9 2 342
9 3 467
9 4 411
9 5 426
9 6 401
9 7 263
9 8 305
9 10 457
9 11 318
9 12 407
9 13 421
9 14 357
9 15 358
9 16 409
9 17 301
9 18 389
9 19 475
9 20 324
9 21 356
9 22 353
9 23 353
9 24 307
9 25 253
9 26 376
9 27 455
9 28 269
9 29 304
9 30 316
9 31 389
9 32 479
9 33 418
9 34 318
9 35 290
9 36 267
9 37 301
9 38 384
9 39 400
9 40 333
9 41 432
9 42 260
9 43 305
9 44 423
9 45 475
9 46 446
9 47 279
9 48 262
9 49 296
9 50 441
9 51 458
9 52 358
9 53 280
9 54 395
9 55 310
9 56 271
9 57 421
9 58 385
9 59 411
9 60 309
9 61 268
9 62 293
9 63 489
9 64 295
9 65 308
9 66 273
9 67 402
9 68 435
9 69 343
9 70 427
9 71 412
9 72 373
9 73 332
9 74 257
9 75 375
9 76 411
9 77 374
9 78 443
9 79 409
9 80 355
9 81 361
9 82 335
9 83 490
9 84 390
9 85 456
9 86 276
9 87 372
9 88 382
9 89 319
9 90 391
9 91 482
9 92 480
9 93 276
9 94 398
9 95 281
9 96 365
9 97 320
9 98 404
9 99 465
10 1 339
10 2 325
10 3 253
10 4 430
10 5 336
10 6 379
10 7 360
10 8 358
10 9 457
10 11 454
10 12 350
10 13 407
10 14 291
10 15 349
10 16 273
10 17 416
10 18 385
10 19 372
10 20 293
10 21 356
10 22 467
10 23 347
10 24 440
10 25 284
10 26 345
10 27 456
10 28 415
10 29 271
10 30 349
10 31 460
10 32 281
10 33 330
10 34 324
10 35 386
10 36 316
10 37 399
10 38 316
10 39 339
10 40 254
10 41 302
10 42 361
10 43 346
10 44 494
10 45 495
10 46 252
10 47 357
10 48 259
10 49 414
10 50 425
10 51 250
10 52 477
10 53 367
10 54 330
10 55 481
10 56 264
10 57 435
10 58 483
10 59 405
10 60 499
10 61 268
10 62 463
10 63 396
10 64 265
10 65 316
10 66 286
10 67 339
10 68 408
10 69 388
10 70 280
10 71 394
10 72 364
10 73 427
10 74 256
10 75 357
10 76 357
10 77 439
10 78 367
10 79 456
10 80 436
10 81 331
10 82 463
10 83 467
10 84 272
10 85 401
10 86 283
10 87 265
10 88 250
10 89 439
10 90 479
10 91 462
10 92 470
10 93 409
10 94 344
10 95 390
10 96 336
10 97 322
10 98 265
10 99 352
11 1 298
11 2 495
11 3 329
11 4 364
11 5 429
11 6 285
11 7 437
11 8 491
11 9 318
11 10 454
11 12 375
11 13 368
11 14 301
11 15 446
11 16 276
11 17 253
11 18 421
11 19 395
11 20 303
11 21 322
11 22 453
11 23 426
11 24 493
11 25 329
11 26 451
11 27 489
11 28 406
11 29 485
11 30 430
11 31 460
11 32 352
11 33 253
11 34 491
11 35 369
11 36 325
11 37 495
11 38 455
11 39 462
11 40 329
11 41 454
11 42 433
11 43 439
11 44 386
11 45 485
11 46 485
11 47 255
11 48 369
11 49 251
11 50 290
11 51 403
11 52 318
11 53 372
11 54 345
11 55 398
11 56 418
11 57 489
11 58 451
11 59 350
11 60 331
11 61 334
11 62 395
11 63 478
11 64 423
11 65 462
11 66 276
11 67 281
11 68 346
11 69 254
11 70 317
11 71 257
11 72 477
11 73 373
11 74 423
11 75 422
11 76 388
11 77 476
11 78 422
11 79 462
11 80 326
11 81 272
11 82 348
11 83 300
11 84 472
11 85 482
11 86 251
11 87 281
11 88 392
11 89 269
11 90 395
11 91 443
11 92 390
11 93 416
11 94 419
11 95 278
11 96 418
11 97 343
11 98 315
11 99 433
12 1 367
12 2 398
12 3 488
12 4 455
12 5 377
12 6 388
12 7 475
12 8 302
12 9 407
12 10 350
12 11 375
12 13 275
12 14 257
12 15 363
12 16 466
12 17 393
12 18 261
12 19 254
12 20 376
12 21 390
12 22 328
12 23 460
12 24 429
12 25 319
12 26 498
12 27 303
12 28 468
12 29 282
12 30 259
12 31 350
12 32 389
12 33 457
12 34 447
12 35 259
12 36 390
12 37 473
12 38 442
12 39 376
12 40 443
12 41 342
12 42 464
12 43 345
12 44 312
12 45 475
12 46 380
12 47 337
12 48 328
12 49 272
12 50 491
12 51 399
12 52 448
12 53 474
12 54 419
12 55 306
12 56 411
12 57 373
12 58 323
12 59 344
12 60 375
12 61 499
12 62 402
12 63 408
12 64 472
12 65 263
12 66 343
12 67 363
12 68 387
12 69 437
12 70 265
12 71 488
12 72 460
12 73 290
12 74 250
12 75 443
12 76 419
12 77 286
12 78 346
12 79 309
12 80 450
12 81 269
12 82 271
12 83 275
12 84 300
12 85 372
12 86 277
12 87 385
12 88 414
12 89 299
12 90 353
12 91 308
12 92 499
12 93 434
12 94 402
12 95 281
12 96 336
12 97 292
12 98 373
12 99 270
13 1 498
13 2 457
13 3 302
13 4 342
13 5 304
13 6 400
13 7 484
13 8 432
13 9 421
13 10 407
13 11 368
13 12 275
13 14 428
13 15 341
13 16 330
13 17 481
13 18 339
13 19 305
13 20 487
13 21 407
13 22 465
13 23 306
13 24 392
13 25 326
13 26 389
13 27 394
13 28 457
13 29 330
13 30 456
13 31 340
13 32 350
13 33 348
13 34 348
13 35 300
13 36 260
13 37 303
13 38 380
13 39 267
13 40 277
13 41 475
13 42 490
13 43 330
13 44 477
13 45 256
13 46 370
13 47 487
13 48 468
13 49 417
13 50 444
13 51 260
13 52 453
13 53 296
13 54 467
13 55 287
13 56 374
13 57 282
13 58 487
13 59 341
13 60 369
13 61 288
13 62 433
13 63 438
13 64 439
13 65 417
13 66 405
13 67 471
13 68 458
13 69 313
13 70 358
13 71 461
13 72 500
13 73 478
13 74 367
13 75 357
13 76 330
13 77 439
13 78 333
13 79 341
13 80 372
13 81 350
13 82 376
13 83 360
13 84 441
13 85 340
13 86 418
13 87 415
13 88 380
13 89 492
13 90 294
13 91 405
13 92 483
13 93 307
13 94 287
13 95 259
13 96 453
13 97 474
13 98 271
13 99 462
14 1 271
14 2 294
14 3 379
14 4 363
14 5 260
14 6 427
14 7 394
14 8 412
14 9 357
14 10 291
14 11 301
14 12 257
14 13 428
14 15 439
14 16 427
14 17 369
14 18 449
14 19 327
14 20 471
14 21 347
14 22 383
14 23 368
14 24 338
14 25 499
14 26 286
14 27 479
14 28 423
14 29 474
14 30 314
14 31 473
14 32 434
14 33 278
14 34 317
14 35 470
14 36 416
14 37 349
14 38 378
14 39 307
14 40 362
14 41 394
14 42 262
14 43 353
14 44 314
14 45 443
14 46 472
14 47 500
14 48 454
14 49 359
14 50 278
14 51 335
14 52 299
14 53 335
14 54 314
14 55 277
14 56 372
14 57 420
14 58 351
14 59 400
14 60 316
14 61 291
14 62 363
14 63 326
14 64 390
14 65 361
14 66 331
14 67 354
14 68 356
14 69 317
14 70 355
14 71 456
14 72 469
14 73 300
14 74 455
14 75 251
14 76 339
14 77 263
14 78 480
14 79 499
14 80 319
14 81 336
14 82 311
14 83 477
14 84 379
14 85 266
14 86 403
14 87 363
14 88 453
14 89 485
14 90 335
14 91 458
14 92 429
14 93 382
14 94 412
14 95 465
14 96 398
14 97 414
14 98 320
14 99 334
15 1 465
15 2 267
15 3 316
15 4 351
15 5 259
15 6 335
15 7 474
15 8 263
15 9 358
15 10 349
15 11 446
15 12 363
15 13 341
15 14 439
15 16 286
15 17 410
15 18 273
15 19 456
15 20 394
15 21 457
15 22 328
15 23 363
15 24 271
15 25 361
15 26 482
15 27 436
15 28 303
15 29 397
15 30 442
15 31 271
15 32 321
15 33 309
15 34 467
15 35 257
15 36 392
15 37 405
15 38 430
15 39 258
15 40 259
15 41 442
15 42 407
15 43 321
15 44 360
15 45 278
15 46 423
15 47 481
15 48 340
15 49 421
15 50 287
15 51 378
15 52 449
15 53 406
15 54 466
15 55 339
15 56 260
15 57 314
15 58 467
15 59 450
15 60 440
15 61 338
15 62 395
15 63 342
15 64 416
15 65 478
15 66 377
15 67 383
15 68 489
15 69 463
15 70 473
15 71 375
15 72 265
15 73 436
15 74 307
15 75 305
15 76 379
15 77 442
15 78 306
15 79 401
15 80 391
15 81 284
15 82 326
15 83 407
15 84 395
15 85 265
15 86 437
15 87 338
15 88 252
15 89 344
15 90 345
15 91 442
15 92 295
15 93 498
15 94 396
15 95 463
15 96 330
15 97 440
15 98 333
15 99 313
16 1 387
16 2 486
16 3 470
16 4 484
16 5 337
16 6 292
16 7 351
16 8 407
16 9 409
16 10 273
16 11 276
16 12 466
16 13 330
16 14 427
16 15 286
16 17 274
16 18 294
16 19 382
16 20 390
16 21 386
16 22 338
16 23 490
16 24 291
16 25 425
16 26 408
16 27 394
16 28 361
16 29 453
16 30 260
16 31 418
16 32 396
16 33 500
16 34 490
16 35 261
16 36 475
16 37 256
16 38 487
16 39 480
16 40 427
16 41 428
16 42 420
16 43 489
16 44 377
16 45 489
16 46 315
16 47 262
16 48 457
16 49 396
16 50 306
16 51 352
16 52 403
16 53 270
16 54 293
16 55 429
16 56 393
16 57 353
16 58 271
16 59 489
16 60 367
16 61 307
16 62 322
16 63 259
16 64 446
16 65 325
16 66 432
16 67 402
16 68 256
16 69 367
16 70 405
16 71 423
16 72 276
16 73 424
16 74 375
16 75 353
16 76 258
16 77 477
16 78 280
16 79 330
16 80 448
16 81 467
16 82 312
16 83 365
16 84 419
16 85 493
16 86 455
16 87 332
16 88 278
16 89 408
16 90 500
16 91 498
16 92 424
16 93 273
16 94 360
16 95 431
16 96 453
16 97 354
16 98 299
16 99 453
17 1 497
17 2 337
17 3 438
17 4 469
17 5 405
17 6 307
17 7 289
17 8 350
17 9 301
17 10 416
17 11 253
17 12 393
17 13 481
17 14 369
17 15 410
17 16 274
17 18 279
17 19 444
17 20 390
17 21 327
17 22 487
17 23 461
17 24 274
17 25 394
17 26 385
17 27 440
17 28 353
17 29 261
17 30 487
17 31 423
17 32 488
17 33 381
17 34 370
17 35 399
17 36 496
17 37 285
17 38 394
17 39 454
17 40 401
17 41 345
17 42 377
17 43 444
17 44 279
17 45 286
17 46 376
17 47 289
17 48 295
17 49 355
17 50 398
17 51 350
17 52 353
17 53 425
17 54 274
17 55 463
17 56 439
17 57 332
17 58 385
17 59 310
17 60 428
17 61 263
17 62 259
17 63 291
17 64 497
17 65 360
17 66 344
17 67 272
17 68 352
17 69 336
17 70 484
17 71 250
17 72 431
17 73 318
17 74 359
17 75 432
17 76 278
17 77 250
17 78 287
17 79 376
17 80 329
17 81 309
17 82 424
17 83 295
17 84 330
17 85 499
17 86 461
17 87 476
17 88 319
17 89 432
17 90 391
17 91 475
17 92 416
17 93 456
17 94 377
17 95 279
17 96 481
17 97 275
17 98 377
17 99 488
18 1 294
18 2 310
18 3 365
18 4 380
18 5 339
18 6 262
18 7 327
18 8 345
18 9 389
18 10 385
18 11 421
18 12 261
18 13 339
18 14 449
18 15 273
18 16 294
18 17 279
18 19 392
18 20 439
18 21 267
18 22 398
18 23 325
18 24 413
18 25 269
18 26 479
18 27 348
18 28 344
18 29 390
18 30 459
18 31 485
18 32 279
18 33 400
18 34 476
18 35 425
18 36 295
18 37 425
18 38 441
18 39 256
18 40 372
18 41 381
18 42 397
18 43 332
18 44 282
18 45 318
18 46 389
18 47 292
18 48 380
18 49 457
18 50 363
18 51 457
18 52 498
18 53 412
18 54 264
18 55 489
18 56 469
18 57 353
18 58 431
18 59 437
18 60 492
18 61 498
18 62 318
18 63 428
18 64 315
18 65 485
18 66 450
18 67 493
18 68 499
18 69 346
18 70 251
18 71 389
18 72 366
18 73 374
18 74 305
18 75 301
18 76 291
18 77 339
18 78 485
18 79 469
18 80 293
18 81 338
18 82 384
18 83 296
18 84 266
18 85 471
18 86 390
18 87 332
18 88 322
18 89 495
18 90 398
18 91 475
18 92 315
18 93 369
18 94 422
18 95 452
18 96 344
18 97 346
18 98 256
18 99 470
19 1 252
19 2 448
19 3 297
19 4 306
19 5 439
19 6 475
19 7 484
19 8 487
19 9 475
19 10 372
19 11 395
19 12 254
19 13 305
19 14 327
19 15 456
19 16 382
19 17 444
19 18 392
19 20 265
19 21 455
19 22 325
19 23 285
19 24 422
19 25 436
19 26 324
19 27 387
19 28 405
19 29 260
19 30 327
19 31 371
19 32 277
19 33 314
19 34 494
19 35 344
19 36 318
19 37 378
19 38 442
19 39 331
19 40 380
19 41 370
19 42 405
19 43 437
19 44 263
19 45 381
19 46 457
19 47 274
19 48 466
19 49 409
19 50 311
19 51 433
19 52 250
19 53 441
19 54 414
19 55 344
19 56 497
19 57 475
19 58 366
19 59 326
19 60 370
19 61 474
19 62 431
19 63 275
19 64 446
19 65 253
19 66 441
19 67 373
19 68 330
19 69 399
19 70 325
19 71 381
19 72 309
19 73 379
19 74 340
19 75 432
19 76 486
19 77 286
19 78 336
19 79 389
19 80 344
19 81 301
19 82 382
19 83 368
19 84 271
19 85 383
19 86 352
19 87 423
19 88 391
19 89 413
19 90 415
19 91 283
19 92 447
19 93 256
19 94 448
19 95 429
19 96 422
19 97 254
19 98 443
19 99 424
20 1 315
20 2 389
20 3 384
20 4 425
20 5 450
20 6 400
20 7 363
20 8 377
20 9 324
20 10 293
20 11 303
20 12 376
20 13 487
20 14 471
20 15 394
20 16 390
20 17 390
20 18 439
20 19 265
20 21 396
20 22 257
20 23 487
20 24 500
20 25 419
20 26 419
20 27 477
20 28 362
20 29 404
20 30 336
20 31 250
20 32 270
20 33 481
20 34 282
20 35 260
20 36 485
20 37 269
20 38 261
20 39 299
20 40 356
20 41 371
20 42 388
20 43 363
20 44 331
20 45 280
20 46 495
20 47 254
20 48 296
20 49 499
20 50 470
20 51 482
20 52 385
20 53 354
20 54 364
20 55 414
20 56 412
20 57 279
20 58 390
20 59 408
20 60 346
20 61 480
20 62 408
20 63 488
20 64 350
20 65 258
20 66 306
20 67 269
20 68 301
20 69 473
20 70 313
20 71 419
20 72 463
20 73 264
20 74 412
20 75 443
20 76 314
20 77 256
20 78 275
20 79 253
20 80 357
20 81 419
20 82 399
20 83 401
20 84 314
20 85 486
20 86 330
20 87 467
20 88 462
20 89 274
20 90 359
20 91 484
20 92 320
20 93 370
20 94 433
20 95 500
20 96 421
20 97 320
20 98 380
20 99 286
21 1 263
21 2 267
21 3 335
21 4 400
21 5 430
21 6 436
21 7 378
21 8 379
21 9 356
21 10 356
21 11 322
21 12 390
21 13 407
21 14 347
21 15 457
21 16 386
21 17 327
21 18 267
21 19 455
21 20 396
21 22 278
21 23 411
21 24 463
21 25 489
21 26 363
21 27 476
21 28 418
21 29 262
21 30 313
21 31 295
21 32 276
21 33 438
21 34 458
21 35 413
21 36 362
21 37 265
21 38 308
21 39 445
21 40 263
21 41 286
21 42 400
21 43 348
21 44 374
21 45 487
21 46 303
21 47 379
21 48 350
21 49 288
21 50 382
21 51 341
21 52 496
21 53 466
21 54 398
21 55 330
21 56 280
21 57 449
21 58 296
21 59 303
21 60 389
21 61 262
21 62 315
21 63 497
21 64 321
21 65 481
21 66 329
21 67 434
21 68 386
21 69 333
21 70 433
21 71 298
21 72 497
21 73 388
21 74 275
21 75 344
21 76 328
21 77 305
21 78 455
21 79 446
21 80 399
21 81 484
21 82 451
21 83 369
21 84 472
21 85 298
21 86 496
21 87 268
21 88 474
21 89 321
21 90 379
21 91 279
21 92 329
21 93 260
21 94 475
21 95 483
21 96 480
21 97 274
21 98 426
21 99 316
22 1 477
22 2 458
22 3 450
22 4 300
22 5 274
22 6 273
22 7 253
22 8 277
22 9 353
22 10 467
22 11 453
22 12 328
22 13 465
22 14 383
22 15 328
22 16 338
22 17 487
22 18 398
22 19 325
22 20 257
22 21 278
22 23 439
22 24 487
22 25 359
22 26 352
22 27 267
22 28 346
22 29 497
22 30 315
22 31 344
22 32 280
22 33 354
22 34 495
22 35 447
22 36 307
22 37 311
22 38 459
22 39 449
22 40 359
22 41 468
22 42 403
22 43 317
22 44 375
22 45 280
22 46 256
22 47 493
22 48 490
22 49 266
22 50 465
22 51 290
22 52 451
22 53 298
22 54 267
22 55 472
22 56 256
22 57 276
22 58 479
22 59 281
22 60 300
22 61 366
22 62 350
22 63 458
22 64 304
22 65 393
22 66 422
22 67 411
22 68 334
22 69 456
22 70 416
22 71 342
22 72 469
22 73 416
22 74 378
22 75 258
22 76 472
22 77 424
22 78 399
22 79 322
22 80 290
22 81 496
22 82 499
22 83 449
22 84 442
22 85 477
22 86 407
22 87 423
22 88 265
22 89 441
22 90 276
22 91 271
22 92 404
22 93 367
22 94 366
22 95 443
22 96 340
22 97 447
22 98 272
22 99 271
23 1 273
23 2 333
23 3 282
23 4 419
23 5 285
23 6 264
23 7 444
23 8 267
23 9 353
23 10 347
23 11 426
23 12 460
23 13 306
23 14 368
23 15 363
23 16 490
23 17 461
23 18 325
23 19 285
23 20 487
23 21 411
23 22 439
23 24 419
23 25 464
23 26 281
23 27 395
23 28 418
23 29 299
23 30 267
23 31 457
23 32 480
23 33 466
23 34 350
23 35 408
23 36 472
23 37 310
23 38 472
23 39 436
23 40 362
23 41 442
23 42 266
23 43 478
23 44 313
23 45 427
23 46 496
23 47 269
23 48 287
23 49 466
23 50 375
23 51 323
23 52 441
23 53 354
23 54 440
23 55 427
23 56 329
23 57 365
23 58 371
23 59 434
23 60 332
23 61 392
23 62 344
23 63 305
23 64 364
23 65 429
23 66 367
23 67 344
23 68 340
23 69 440
23 70 413
23 71 362
23 72 491
23 73 488
23 74 271
23 75 393
23 76 437
23 77 340
23 78 348
23 79 372
23 80 486
23 81 306
23 82 319
23 83 262
23 84 446
23 85 290
23 86 472
23 87 400
23 88 312
23 89 298
23 90 404
23 91 411
23 92 499
23 93 439
23 94 416
23 95 336
23 96 406
23 97 497
23 98 263
23 99 411
24 1 478
24 2 359
24 3 310
24 4 367
24 5 289
24 6 381
24 7 366
24 8 496
24 9 307
24 10 440
24 11 493
24 12 429
24 13 392
24 14 338
24 15 271
24 16 291
24 17 274
24 18 413
24 19 422
24 20 500
24 21 463
24 22 487
24 23 419
24 25 379
24 26 455
24 27 323
24 28 440
24 29 367
24 30 309
24 31 491
24 32 356
24 33 327
24 34 478
24 35 463
24 36 456
24 37 478
24 38 415
24 39 326
24 40 262
24 41 301
24 42 384
24 43 283
24 44 254
24 45 297
24 46 385
24 47 466
24 48 469
24 49 402
24 50 302
24 51 267
24 52 469
24 53 405
24 54 318
24 55 379
24 56 470
24 57 370
24 58 306
24 59 349
24 60 483
24 61 450
24 62 400
24 63 441
24 64 271
24 65 378
24 66 325
24 67 409
24 68 466
24 69 263
24 70 290
24 71 357
24 72 456
24 73 294
24 74 374
24 75 349
24 76 481
24 77 474
24 78 340
24 79 305
24 80 467
24 81 313
24 82 441
24 83 385
24 84 282
24 85 276
24 86 432
24 87 287
24 88 491
24 89 394
24 90 316
24 91 348
24 92 471
24 93 254
24 94 300
24 95 470
24 96 435
24 97 292
24 98 382
24 99 435
25 1 437
25 2 393
25 3 400
25 4 369
25 5 430
25 6 397
25 7 252
25 8 295
25 9 253
25 10 284
25 11 329
25 12 319
25 13 326
25 14 499
25 15 361
25 16 425
25 17 394
25 18 269
25 19 436
25 20 419
25 21 489
25 22 359
25 23 464
25 24 379
25 26 454
25 27 436
25 28 327
25 29 377
25 30 353
25 31 369
25 32 364
25 33 373
25 34 482
25 35 441
25 36 358
25 37 316
25 38 300
25 39 430
25 40 431
25 41 390
25 42 370
25 43 431
25 44 443
25 45 477
25 46 496
25 47 344
25 48 458
25 49 347
25 50 458
25 51 355
25 52 485
25 53 310
25 54 430
25 55 389
25 56 498
25 57 333
25 58 385
25 59 332
25 60 371
25 61 374
25 62 407
25 63 283
25 64 304
25 65 306
25 66 456
25 67 292
25 68 416
25 69 320
25 70 343
25 71 252
25 72 253
25 73 442
25 74 400
25 75 488
25 76 433
25 77 268
25 78 500
25 79 452
25 80 401
25 81 349
25 82 474
25 83 255
25 84 468
25 85 404
25 86 436
25 87 457
25 88 358
25 89 325
25 90 443
25 91 271
25 92 419
25 93 272
25 94 322
25 95 344
25 96 398
25 97 335
25 98 386
25 99 277
26 1 415
26 2 353
26 3 280
26 4 495
26 5 345
26 6 450
26 7 264
26 8 383
26 9 376
26 10 345
26 11 451
26 12 498
26 13 389
26 14 286
26 15 482
26 16 408
26 17 385
26 18 479
26 19 324
26 20 419
26 21 363
26 22 352
26 23 281
26 24 455
26 25 454
26 27 362
26 28 462
26 29 388
26 30 310
26 31 267
26 32 370
26 33 337
26 34 405
26 35 326
26 36 328
26 37 482
26 38 495
26 39 464
26 40 458
26 41 348
26 42 314
26 43 348
26 44 469
26 45 401
26 46 500
26 47 300
26 48 338
26 49 344
26 50 409
26 51 448
26 52 366
26 53 439
26 54 423
26 55 475
26 56 293
26 57 415
26 58 454
26 59 296
26 60 392
26 61 461
26 62 455
26 63 371
26 64 496
26 65 301
26 66 364
26 67 357
26 68 419
26 69 432
26 70 282
26 71 267
26 72 479
26 73 447
26 74 267
26 75 336
26 76 262
26 77 313
26 78 339
26 79 264
26 80 289
26 81 414
26 82 436
26 83 269
26 84 490
26 85 308
26 86 497
26 87 358
26 88 348
26 89 336
26 90 365
26 91 479
26 92 332
26 93 431
26 94 359
26 95 288
26 96 338
26 97 455
26 98 340
26 99 436
27 1 418
27 2 322
27 3 338
27 4 470
27 5 361
27 6 368
27 7 389
27 8 484
27 9 455
27 10 456
27 11 489
27 12 303
27 13 394
27 14 479
27 15 436
27 16 394
27 17 440
27 18 348
27 19 387
27 20 477
27 21 476
27 22 267
27 23 395
27 24 323
27 25 436
27 26 362
27 28 309
27 29 433
27 30 317
27 31 430
27 32 398
27 33 466
27 34 323
27 35 408
27 36 465
27 37 327
27 38 309
27 39 458
27 40 275
27 41 418
27 42 339
27 43 263
27 44 490
27 45 444
27 46 461
27 47 436
27 48 303
27 49 285
27 50 382
27 51 407
27 52 490
27 53 389
27 54 288
27 55 304
27 56 306
27 57 411
27 58 414
27 59 481
27 60 358
27 61 357
27 62 302
27 63 272
27 64 469
27 65 388
27 66 296
27 67 495
27 68 325
27 69 251
27 70 474
27 71 279
27 72 306
27 73 268
27 74 304
27 75 313
27 76 390
27 77 486
27 78 397
27 79 428
27 80 358
27 81 480
27 82 459
27 83 425
27 84 329
27 85 365
27 86 383
27 87 294
27 88 391
27 89 478
27 90 460
27 91 275
27 92 319
27 93 432
27 94 310
27 95 375
27 96 360
27 97 307
27 98 359
27 99 495
28 1 452
28 2 363
28 3 284
28 4 433
28 5 250
28 6 388
28 7 311
28 8 366
28 9 269
28 10 415
28 11 406
28 12 468
28 13 457
28 14 423
28 15 303
28 16 361
28 17 353
28 18 344
28 19 405
28 20 362
28 21 418
28 22 346
28 23 418
28 24 440
28 25 327
28 26 462
28 27 309
28 29 424
28 30 388
28 31 451
28 32 458
28 33 474
28 34 446
28 35 325
28 36 386
28 37 420
28 38 255
28 39 319
28 40 476
28 41 299
28 42 341
28 43 357
28 44 439
28 45 281
28 46 268
28 47 263
28 48 468
28 49 371
28 50 365
28 51 330
28 52 311
28 53 451
28 54 350
28 55 375
28 56 325
28 57 476
28 58 354
28 59 405
28 60 251
28 61 448
28 62 345
28 63 390
28 64 442
28 65 276
28 66 466
28 67 369
28 68 369
28 69 349
28 70 306
28 71 488
28 72 304
28 73 463
28 74 490
28 75 405
28 76 286
28 77 500
28 78 281
28 79 295
28 80 341
28 81 490
28 82 410
28 83 344
28 84 316
28 85 395
28 86 305
28 87 498
28 88 274
28 89 263
28 90 485
28 91 347
28 92 424
28 93 333
28 94 344
28 95 471
28 96 456
28 97 372
28 98 496
28 99 396
29 1 444
29 2 322
29 3 465
29 4 398
29 5 436
29 6 449
29 7 369
29 8 427
29 9 304
29 10 271
29 11 485
29 12 282
29 13 330
29 14 474
29 15 397
29 16 453
29 17 261
29 18 390
29 19 260
29 20 404
29 21 262
29 22 497
29 23 299
29 24 367
29 25 377
29 26 388
29 27 433
29 28 424
29 30 423
29 31 448
29 32 303
29 33 263
29 34 454
29 35 374
29 36 491
29 37 299
29 38 274
29 39 275
29 40 353
29 41 287
29 42 295
29 43 352
29 44 334
29 45 343
29 46 280
29 47 318
29 48 271
29 49 492
29 50 357
29 51 402
29 52 314
29 53 324
29 54 384
29 55 366
29 56 307
29 57 455
29 58 294
29 59 254
29 60 473
29 61 359
29 62 290
29 63 497
29 64 329
29 65 470
29 66 269
29 67 282
29 68 409
29 69 376
29 70 309
29 71 467
29 72 460
29 73 410
29 74 425
29 75 414
29 76 387
29 77 301
29 78 422
29 79 493
29 80 329
29 81 451
29 82 476
29 83 405
29 84 313
29 85 360
29 86 313
29 87 259
29 88 371
29 89 311
29 90 354
29 91 460
29 92 291
29 93 429
29 94 417
29 95 362
29 96 458
29 97 360
29 98 351
29 99 387
30 1 419
30 2 301
30 3 474
30 4 389
30 5 419
30 6 280
30 7 269
30 8 358
30 9 316
30 10 349
30 11 430
30 12 259
30 13 456
30 14 314
30 15 442
30 16 260
30 17 487
30 18 459
30 19 327
30 20 336
30 21 313
30 22 315
30 23 267
30 24 309
30 25 353
30 26 310
30 27 317
30 28 388
30 29 423
30 31 309
30 32 355
30 33 323
30 34 261
30 35 278
30 36 492
30 37 412
30 38 429
30 39 462
30 40 373
30 41 398
30 42 333
30 43 480
30 44 299
30 45 472
30 46 465
30 47 360
30 48 293
30 49 454
30 50 259
30 51 374
30 52 450
30 53 395
30 54 281
30 55 440
30 56 466
30 57 351
30 58 315
30 59 500
30 60 280
30 61 490
30 62 250
30 63 430
30 64 366
30 65 353
30 66 452
30 67 315
30 68 339
30 69 445
30 70 325
30 71 288
30 72 429
30 73 385
30 74 320
30 75 315
30 76 278
30 77 329
30 78 302
30 79 275
30 80 294
30 81 437
30 82 482
30 83 450
30 84 416
30 85 361
30 86 250
30 87 391
30 88 389
30 89 398
30 90 399
30 91 341
30 92 306
30 93 384
30 94 476
30 95 430
30 96 401
30 97 411
30 98 362
30 99 441
31 1 439
31 2 390
31 3 474
31 4 365
31 5 343
31 6 314
31 7 478
31 8 285
31 9 389
31 10 460
31 11 460
31 12 350
31 13 340
31 14 473
31 15 271
31 16 418
31 17 423
31 18 485
31 19 371
31 20 250
31 21 295
31 22 344
31 23 457
31 24 491
31 25 369
31 26 267
31 27 430
31 28 451
31 29 448
31 30 309
31 32 265
31 33 404
31 34 450
31 35 341
31 36 416
31 37 349
31 38 291
31 39 326
31 40 447
31 41 270
31 42 359
31 43 347
31 44 332
31 45 269
31 46 270
31 47 359
31 48 250
31 49 429
31 50 257
31 51 434
31 52 300
31 53 415
31 54 297
31 55 260
31 56 263
31 57 486
31 58 326
31 59 388
31 60 463
31 61 265
31 62 287
31 63 394
31 64 311
31 65 476
31 66 257
31 67 271
31 68 389
31 69 377
31 70 339
31 71 284
31 72 308
31 73 324
31 74 255
31 75 328
31 76 416
31 77 324
31 78 419
31 79 414
31 80 434
31 81 417
31 82 438
31 83 278
31 84 442
31 85 370
31 86 397
31 87 265
31 88 294
31 89 470
31 90 283
31 91 352
31 92 471
31 93 393
31 94 261
31 95 426
31 96 490
31 97 273
31 98 372
31 99 420
32 1 265
32 2 474
32 3 351
32 4 292
32 5 456
32 6 407
32 7 346
32 8 401
32 9 479
32 10 281
32 11 352
32 12 389
32 13 350
32 14 434
32 15 321
32 16 396
32 17 488
32 18 279
32 19 277
32 20 270
32 21 276
32 22 280
32 23 480
32 24 356
32 25 364
32 26 370
32 27 398
32 28 458
32 29 303
32 30 355
32 31 265
32 33 293
32 34 374
32 35 305
32 36 278
32 37 332
32 38 468
32 39 286
32 40 442
32 41 300
32 42 364
32 43 341
32 44 395
32 45 374
32 46 439
32 47 500
32 48 331
32 49 281
32 50 290
32 51 380
32 52 361
32 53 489
32 54 477
32 55 253
32 56 394
32 57 484
32 58 255
32 59 290
32 60 298
32 61 420
32 62 396
32 63 326
32 64 358
32 65 496
32 66 455
32 67 321
32 68 263
32 69 290
32 70 443
32 71 282
32 72 399
32 73 383
32 74 271
32 75 488
32 76 497
32 77 350
32 78 467
32 79 466
32 80 255
32 81 366
32 82 342
32 83 343
32 84 266
32 85 368
32 86 358
32 87 500
32 88 298
32 89 420
32 90 460
32 91 408
32 92 357
32 93 352
32 94 366
32 95 256
32 96 386
32 97 374
32 98 264
32 99 387
33 1 369
33 2 405
33 3 499
33 4 352
33 5 468
33 6 357
33 7 475
33 8 288
33 9 418
33 10 330
33 11 253
33 12 457
33 13 348
33 14 278
33 15 309
33 16 500
33 17 381
33 18 400
33 19 314
33 20 481
33 21 438
33 22 354
33 23 466
33 24 327
33 25 373
33 26 337
33 27 466
33 28 474
33 29 263
33 30 323
33 31 404
33 32 293
33 34 383
33 35 414
33 36 308
33 37 287
33 38 492
33 39 390
33 40 426
33 41 399
33 42 398
33 43 253
33 44 402
33 45 397
33 46 452
33 47 375
33 48 311
33 49 379
33 50 378
33 51 323
33 52 497
33 53 308
33 54 484
33 55 419
33 56 483
33 57 372
33 58 274
33 59 405
33 60 439
33 61 252
33 62 310
33 63 340
33 64 484
33 65 309
33 66 497
33 67 303
33 68 318
33 69 336
33 70 345
33 71 315
33 72 345
33 73 311
33 74 415
33 75 411
33 76 292
33 77 285
33 78 317
33 79 372
33 80 462
33 81 375
33 82 310
33 83 389
33 84 258
33 85 370
33 86 311
33 87 381
33 88 341
33 89 458
33 90 357
33 91 360
33 92 417
33 93 307
33 94 355
33 95 425
33 96 276
33 97 305
33 98 476
33 99 492
34 1 321
34 2 266
34 3 437
34 4 363
34 5 368
34 6 376
34 7 440
34 8 421
34 9 318
34 10 324
34 11 491
34 12 447
34 13 348
34 14 317
34 15 467
34 16 490
34 17 370
34 18 476
34 19 494
34 20 282
34 21 458
34 22 495
34 23 350
34 24 478
34 25 482
34 26 405
34 27 323
34 28 446
34 29 454
34 30 261
34 31 450
34 32 374
34 33 383
34 35 461
34 36 299
34 37 345
34 38 400
34 39 298
34 40 343
34 41 406
34 42 319
34 43 498
34 44 310
34 45 368
34 46 382
34 47 347
34 48 335
34 49 360
34 50 482
34 51 392
34 52 335
34 53 391
34 54 282
34 55 330
34 56 434
34 57 475
34 58 436
34 59 344
34 60 483
34 61 432
34 62 284
34 63 291
34 64 457
34 65 460
34 66 427
34 67 378
34 68 269
34 69 356
34 70 482
34 71 363
34 72 291
34 73 258
34 74 413
34 75 260
34 76 259
34 77 449
34 78 356
34 79 265
34 80 413
34 81 307
34 82 289
34 83 445
34 84 456
34 85 323
34 86 461
34 87 262
34 88 393
34 89 361
34 90 311
34 91 261
34 92 464
34 93 344
34 94 296
34 95 410
34 96 457
34 97 375
34 98 423
34 99 281
35 1 391
35 2 420
35 3 261
35 4 303
35 5 327
35 6 397
35 7 275
35 8 333
35 9 290
35 10 386
35 11 369
35 12 259
35 13 300
35 14 470
35 15 257
35 16 261
35 17 399
35 18 425
35 19 344
35 20 260
35 21 413
35 22 447
35 23 408
35 24 463
35 25 441
35 26 326
35 27 408
35 28 325
35 29 374
35 30 278
35 31 341
35 32 305
35 33 414
35 34 461
35 36 450
35 37 437
35 38 389
35 39 391
35 40 450
35 41 321
35 42 488
35 43 463
35 44 256
35 45 376
35 46 462
35 47 476
35 48 481
35 49 388
35 50 492
35 51 359
35 52 405
35 53 438
35 54 264
35 55 346
35 56 452
35 57 460
35 58 426
35 59 453
35 60 299
35 61 417
35 62 488
35 63 315
35 64 403
35 65 356
35 66 352
35 67 471
35 68 463
35 69 392
35 70 334
35 71 363
35 72 415
35 73 289
35 74 344
35 75 364
35 76 264
35 77 284
35 78 448
35 79 479
35 80 455
35 81 414
35 82 386
35 83 410
35 84 368
35 85 288
35 86 473
35 87 309
35 88 431
35 89 293
35 90 407
35 91 346
35 92 267
35 93 496
35 94 307
35 95 291
35 96 379
35 97 302
35 98 306
35 99 433
36 1 261
36 2 277
36 3 306
36 4 399
36 5 353
36 6 366
36 7 490
36 8 401
36 9 267
36 10 316
36 11 325
36 12 390
36 13 260
36 14 416
36 15 392
36 16 475
36 17 496
36 18 295
36 19 318
36 20 485
36 21 362
36 22 307
36 23 472
36 24 456
36 25 358
36 26 328
36 27 465
36 28 386
36 29 491
36 30 492
36 31 416
36 32 278
36 33 308
36 34 299
36 35 450
36 37 401
36 38 276
36 39 414
36 40 330
36 41 395
36 42 276
36 43 397
36 44 325
36 45 469
36 46 465
36 47 265
36 48 272
36 49 364
36 50 438
36 51 281
36 52 328
36 53 316
36 54 265
36 55 381
36 56 417
36 57 277
36 58 421
36 59 467
36 60 382
36 61 480
36 62 498
36 63 432
36 64 415
36 65 387
36 66 277
36 67 421
36 68 473
36 69 376
36 70 289
36 71 412
36 72 435
36 73 289
36 74 422
36 75 389
36 76 263
36 77 255
36 78 429
36 79 283
36 80 283
36 81 477
36 82 320
36 83 298
36 84 377
36 85 424
36 86 343
36 87 296
36 88 288
36 89 415
36 90 360
36 91 498
36 92 349
36 93 310
36 94 398
36 95 464
36 96 354
36 97 455
36 98 481
36 99 426
37 1 324
37 2 257
37 3 414
37 4 409
37 5 456
37 6 388
37 7 412
37 8 302
37 9 301
37 10 399
37 11 495
37 12 473
37 13 303
37 14 349
37 15 405
37 16 256
37 17 285
37 18 425
37 19 378
37 20 269
37 21 265
37 22 311
37 23 310
37 24 478
37 25 316
37 26 482
37 27 327
37 28 420
37 29 299
37 30 412
37 31 349
37 32 332
37 33 287
37 34 345
37 35 437
37 36 401
37 38 422
37 39 486
37 40 494
37 41 466
37 42 276
37 43 310
37 44 415
37 45 499
37 46 297
37 47 299
37 48 379
37 49 302
37 50 270
37 51 287
37 52 406
37 53 494
37 54 298
37 55 472
37 56 439
37 57 266
37 58 368
37 59 442
37 60 347
37 61 303
37 62 270
37 63 311
37 64 321
37 65 360
37 66 297
37 67 466
37 68 428
37 69 377
37 70 321
37 71 343
37 72 366
37 73 289
37 74 468
37 75 430
37 76 251
37 77 361
37 78 415
37 79 393
37 80 281
37 81 474
37 82 471
37 83 266
37 84 400
37 85 403
37 86 482
37 87 478
37 88 284
37 89 453
37 90 377
37 91 267
37 92 440
37 93 351
37 94 414
37 95 389
37 96 329
37 97 495
37 98 381
37 99 281
38 1 477
38 2 481
38 3 394
38 4 438
38 5 446
38 6 395
38 7 418
38 8 272
38 9 384
38 10 316
38 11 455
38 12 442
38 13 380
38 14 378
38 15 430
38 16 487
38 17 394
38 18 441
38 19 442
38 20 261
38 21 308
38 22 459
38 23 472
38 24 415
38 25 300
38 26 495
38 27 309
38 28 255
38 29 274
38 30 429
38 31 291
38 32 468
38 33 492
38 34 400
38 35 389
38 36 276
38 37 422
38 39 406
38 40 462
38 41 496
38 42 398
38 43 425
38 44 373
38 45 358
38 46 399
38 47 284
38 48 252
38 49 345
38 50 495
38 51 428
38 52 478
38 53 340
38 54 336
38 55 373
38 56 403
38 57 308
38 58 417
38 59 471
38 60 361
38 61 482
38 62 485
38 63 275
38 64 484
38 65 378
38 66 338
38 67 372
38 68 330
38 69 423
38 70 474
38 71 442
38 72 499
38 73 345
38 74 396
38 75 496
38 76 440
38 77 319
38 78 253
38 79 373
38 80 354
38 81 262
38 82 272
38 83 262
38 84 464
38 85 487
38 86 357
38 87 461
38 88 482
38 89 449
38 90 301
38 91 449
38 92 363
38 93 257
38 94 281
38 95 468
38 96 378
38 97 293
38 98 275
38 99 430
39 1 294
39 2 487
39 3 291
39 4 461
39 5 310
39 6 309
39 7 418
39 8 376
39 9 400
39 10 339
39 11 462
39 12 376
39 13 267
39 14 307
39 15 258
39 16 480
39 17 454
39 18 256
39 19 331
39 20 299
39 21 445
39 22 449
39 23 436
39 24 326
39 25 430
39 26 464
39 27 458
39 28 319
39 29 275
39 30 462
39 31 326
39 32 286
39 33 390
39 34 298
39 35 391
39 36 414
39 37 486
39 38 406
39 40 354
39 41 405
39 42 403
39 43 476
39 44 267
39 45 473
39 46 421
39 47 495
39 48 251
39 49 266
39 50 402
39 51 461
39 52 316
39 53 370
39 54 317
39 55 462
39 56 433
39 57 428
39 58 408
39 59 427
39 60 460
39 61 487
39 62 486
39 63 321
39 64 428
39 65 311
39 66 479
39 67 423
39 68 303
39 69 284
39 70 351
39 71 263
39 72 368
39 73 271
39 74 403
39 75 377
39 76 456
39 77 394
39 78 341
39 79 422
39 80 408
39 81 478
39 82 454
39 83 310
39 84 458
39 85 405
39 86 265
39 87 471
39 88 274
39 89 303
39 90 260
39 91 373
39 92 262
39 93 485
39 94 441
39 95 278
39 96 277
39 97 310
39 98 350
39 99 295
40 1 395
40 2 390
40 3 392
40 4 461
40 5 429
40 6 331
40 7 437
40 8 395
40 9 333
40 10 254
40 11 329
40 12 443
40 13 277
40 14 362
40 15 259
40 16 427
40 17 401
40 18 372
40 19 380
40 20 356
40 21 263
40 22 359
40 23 362
40 24 262
40 25 431
40 26 458
40 27 275
40 28 476
40 29 353
40 30 373
40 31 447
40 32 442
40 33 426
40 34 343
40 35 450
40 36 330
40 37 494
40 38 462
40 39 354
40 41 354
40 42 490
40 43 425
40 44 292
40 45 477
40 46 467
40 47 267
40 48 282
40 49 319
40 50 348
40 51 459
40 52 345
40 53 450
40 54 350
40 55 370
40 56 475
40 57 273
40 58 306
40 59 482
40 60 272
40 61 357
40 62 347
40 63 403
40 64 445
40 65 427
40 66 251
40 67 446
40 68 456
40 69 257
40 70 365
40 71 392
40 72 288
40 73 488
40 74 396
40 75 288
40 76 320
40 77 496
40 78 351
40 79 258
40 80 265
40 81 274
40 82 374
40 83 309
40 84 436
40 85 264
40 86 386
40 87 296
40 88 372
40 89 446
40 90 256
40 91 401
40 92 452
40 93 406
40 94 313
40 95 312
40 96 286
40 97 420
40 98 487
40 99 442
41 1 265
41 2 456
41 3 353
41 4 317
41 5 295
41 6 422
41 7 488
41 8 327
41 9 432
41 10 302
41 11 454
41 12 342
41 13 475
41 14 394
41 15 442
41 16 428
41 17 345
41 18 381
41 19 370
41 20 371
41 21 286
41 22 468
41 23 442
41 24 301
41 25 390
41 26 348
41 27 418
41 28 299
41 29 287
41 30 398
41 31 270
41 32 300
41 33 399
41 34 406
41 35 321
41 36 395
41 37 466
41 38 496
41 39 405
41 40 354
41 42 366
41 43 435
41 44 266
41 45 425
41 46 417
41 47 370
41 48 308
41 49 455
41 50 345
41 51 376
41 52 298
41 53 433
41 54 344
41 55 260
41 56 472
41 57 361
41 58 364
41 59 474
41 60 365
41 61 473
41 62 341
41 63 350
41 64 266
41 65 304
41 66 350
41 67 301
41 68 482
41 69 344
41 70 322
41 71 324
41 72 256
41 73 358
41 74 446
41 75 479
41 76 316
41 77 267
41 78 431
41 79 424
41 80 496
41 81 255
41 82 390
41 83 289
41 84 361
41 85 416
41 86 256
41 87 414
41 88 358
41 89 354
41 90 350
41 91 313
41 92 251
41 93 321
41 94 301
41 95 452
41 96 434
41 97 370
41 98 325
41 99 356
42 1 418
42 2 317
42 3 416
42 4 445
42 5 255
42 6 289
42 7 462
42 8 368
42 9 260
42 10 361
42 11 433
42 12 464
42 13 490
42 14 262
42 15 407
42 16 420
42 17 377
42 18 397
42 19 405
42 20 388
42 21 400
42 22 403
42 23 266
42 24 384
42 25 370
42 26 314
42 27 339
42 28 341
42 29 295
42 30 333
42 31 359
42 32 364
42 33 398
42 34 319
42 35 488
42 36 276
42 37 276
42 38 398
42 39 403
42 40 490
42 41 366
42 43 287
42 44 371
42 45 281
42 46 266
42 47 474
42 48 298
42 49 298
42 50 333
42 51 252
42 52 390
42 53 371
42 54 277
42 55 409
42 56 318
42 57 480
42 58 424
42 59 300
42 60 435
42 61 308
42 62 445
42 63 435
42 64 298
42 65 412
42 66 447
42 67 470
42 68 485
42 69 456
42 70 427
42 71 496
42 72 295
42 73 498
42 74 332
42 75 295
42 76 410
42 77 357
42 78 344
42 79 255
42 80 438
42 81 301
42 82 478
42 83 346
42 84 304
42 85 300
42 86 421
42 87 336
42 88 464
42 89 336
42 90 437
42 91 365
42 92 313
42 93 383
42 94 267
42 95 340
42 96 289
42 97 258
42 98 323
42 99 290
43 1 488
43 2 442
43 3 412
43 4 461
43 5 279
43 6 415
43 7 412
43 8 486
43 9 305
43 10 346
43 11 439
43 12 345
43 13 330
43 14 353
43 15 321
43 16 489
43 17 444
43 18 332
43 19 437
43 20 363
43 21 348
43 22 317
43 23 478
43 24 283
43 25 431
43 26 348
43 27 263
43 28 357
43 29 352
43 30 480
43 31 347
43 32 341
43 33 253
43 34 498
43 35 463
43 36 397
43 37 310
43 38 425
43 39 476
43 40 425
43 41 435
43 42 287
43 44 482
43 45 473
43 46 258
43 47 440
43 48 312
43 49 326
43 50 490
43 51 302
43 52 318
43 53 497
43 54 468
43 55 250
43 56 467
43 57 352
43 58 300
43 59 284
43 60 500
43 61 359
43 62 294
43 63 255
43 64 257
43 65 274
43 66 364
43 67 257
43 68 388
43 69 263
43 70 332
43 71 464
43 72 305
43 73 446
43 74 268
43 75 267
43 76 318
43 77 279
43 78 287
43 79 285
43 80 342
43 81 251
43 82 439
43 83 388
43 84 341
43 85 438
43 86 338
43 87 449
43 88 323
43 89 350
43 90 429
43 91 329
43 92 251
43 93 353
43 94 484
43 95 480
43 96 272
43 97 260
43 98 327
43 99 291
44 1 304
44 2 492
44 3 483
44 4 430
44 5 469
44 6 476
44 7 478
44 8 340
44 9 423
44 10 494
44 11 386
44 12 312
44 13 477
44 14 314
44 15 360
44 16 377
44 17 279
44 18 282
44 19 263
44 20 331
44 21 374
44 22 375
44 23 313
44 24 254
44 25 443
44 26 469
44 27 490
44 28 439
44 29 334
44 30 299
44 31 332
44 32 395
44 33 402
44 34 310
44 35 256
44 36 325
44 37 415
44 38 373
44 39 267
44 40 292
44 41 266
44 42 371
44 43 482
44 45 279
44 46 493
44 47 396
44 48 368
44 49 316
44 50 357
44 51 455
44 52 433
44 53 265
44 54 383
44 55 251
44 56 465
44 57 285
44 58 406
44 59 467
44 60 295
44 61 359
44 62 254
44 63 339
44 64 326
44 65 336
44 66 312
44 67 296
44 68 404
44 69 467
44 70 495
44 71 348
44 72 392
44 73 446
44 74 406
44 75 428
44 76 344
44 77 392
44 78 482
44 79 309
44 80 473
44 81 312
44 82 457
44 83 411
44 84 448
44 85 356
44 86 258
44 87 281
44 88 399
44 89 391
44 90 338
44 91 475
44 92 397
44 93 311
44 94 279
44 95 256
44 96 440
44 97 279
44 98 421
44 99 429
45 1 473
45 2 380
45 3 340
45 4 355
45 5 491
45 6 426
45 7 275
45 8 318
45 9 475
45 10 495
45 11 485
45 12 475
45 13 256
45 14 443
45 15 278
45 16 489
45 17 286
45 18 318
45 19 381
45 20 280
45 21 487
45 22 280
45 23 427
45 24 297
45 25 477
45 26 401
45 27 444
45 28 281
45 29 343
45 30 472
45 31 269
45 32 374
45 33 397
45 34 368
45 35 376
45 36 469
45 37 499
45 38 358
45 39 473
45 40 477
45 41 425
45 42 281
45 43 473
45 44 279
45 46 449
45 47 277
45 48 479
45 49 360
45 50 350
45 51 411
45 52 395
45 53 263
45 54 448
45 55 455
45 56 478
45 57 493
45 58 401
45 59 393
45 60 491
45 61 403
45 62 410
45 63 417
45 64 254
45 65 492
45 66 348
45 67 335
45 68 493
45 69 267
45 70 274
45 71 359
45 72 281
45 73 270
45 74 406
45 75 340
45 76 451
45 77 385
45 78 274
45 79 300
45 80 464
45 81 341
45 82 485
45 83 347
45 84 465
45 85 381
45 86 432
45 87 292
45 88 454
45 89 428
45 90 348
45 91 344
45 92 263
45 93 419
45 94 426
45 95 384
45 96 371
45 97 425
45 98 400
45 99 419
46 1 397
46 2 420
46 3 393
46 4 455
46 5 397
46 6 425
46 7 380
46 8 306
46 9 446
46 10 252
46 11 485
46 12 380
46 13 370
46 14 472
46 15 423
46 16 315
46 17 376
46 18 389
46 19 457
46 20 495
46 21 303
46 22 256
46 23 496
46 24 385
46 25 496
46 26 500
46 27 461
46 28 268
46 29 280
46 30 465
46 31 270
46 32 439
46 33 452
46 34 382
46 35 462
46 36 465
46 37 297
46 38 399
46 39 421
46 40 467
46 41 417
46 42 266
46 43 258
46 44 493
46 45 449
46 47 437
46 48 397
46 49 467
46 50 302
46 51 390
46 52 414
46 53 310
46 54 314
46 55 314
46 56 309
46 57 420
46 58 455
46 59 270
46 60 330
46 61 292
46 62 308
46 63 427
46 64 405
46 65 378
46 66 323
46 67 304
46 68 400
46 69 342
46 70 395
46 71 252
46 72 347
46 73 319
46 74 276
46 75 254
46 76 387
46 77 350
46 78 371
46 79 493
46 80 463
46 81 331
46 82 300
46 83 416
46 84 306
46 85 279
46 86 337
46 87 368
46 88 319
46 89 399
46 90 438
46 91 352
46 92 409
46 93 439
46 94 323
46 95 394
46 96 299
46 97 259
46 98 419
46 99 277
47 1 295
47 2 416
47 3 451
47 4 313
47 5 456
47 6 420
47 7 307
47 8 388
47 9 279
47 10 357
47 11 255
47 12 337
47 13 487
47 14 500
47 15 481
47 16 262
47 17 289
47 18 292
47 19 274
47 20 254
47 21 379
47 22 493
47 23 269
47 24 466
47 25 344
47 26 300
47 27 436
47 28 263
47 29 318
47 30 360
47 31 359
47 32 500
47 33 375
47 34 347
47 35 476
47 36 265
47 37 299
47 38 284
47 39 495
47 40 267
47 41 370
47 42 474
47 43 440
47 44 396
47 45 277
47 46 437
47 48 380
47 49 482
47 50 398
47 51 408
47 52 436
47 53 266
47 54 393
47 55 314
47 56 400
47 57 286
47 58 260
47 59 477
47 60 306
47 61 438
47 62 390
47 63 399
47 64 467
47 65 474
47 66 469
47 67 328
47 68 496
47 69 256
47 70 281
47 71 296
47 72 423
47 73 482
47 74 467
47 75 287
47 76 433
47 77 331
47 78 295
47 79 457
47 80 290
47 81 307
47 82 385
47 83 433
47 84 259
47 85 412
47 86 354
47 87 431
47 88 477
47 89 327
47 90 391
47 91 281
47 92 270
47 93 458
47 94 337
47 95 498
47 96 476
47 97 419
47 98 309
47 99 324
48 1 332
48 2 373
48 3 264
48 4 493
48 5 325
48 6 331
48 7 306
48 8 351
48 9 262
48 10 259
48 11 369
48 12 328
48 13 468
48 14 454
48 15 340
48 16 457
48 17 295
48 18 380
48 19 466
48 20 296
48 21 350
48 22 490
48 23 287
48 24 469
48 25 458
48 26 338
48 27 303
48 28 468
48 29 271
48 30 293
48 31 250
48 32 331
48 33 311
48 34 335
48 35 481
48 36 272
48 37 379
48 38 252
48 39 251
48 40 282
48 41 308
48 42 298
48 43 312
48 44 368
48 45 479
48 46 397
48 47 380
48 49 295
48 50 446
48 51 418
48 52 471
48 53 460
48 54 422
48 55 339
48 56 285
48 57 330
48 58 265
48 59 453
48 60 482
48 61 461
48 62 336
48 63 356
48 64 295
48 65 472
48 66 416
48 67 299
48 68 457
48 69 440
48 70 294
48 71 432
48 72 375
48 73 286
48 74 271
48 75 389
48 76 365
48 77 329
48 78 342
48 79 471
48 80 384
48 81 411
48 82 401
48 83 268
48 84 465
48 85 355
48 86 373
48 87 256
48 88 386
48 89 286
48 90 283
48 91 464
48 92 376
48 93 284
48 94 494
48 95 498
48 96 470
48 97 314
48 98 314
48 99 443
49 1 446
49 2 343
49 3 447
49 4 420
49 5 448
49 6 368
49 7 366
49 8 387
49 9 296
49 10 414
49 11 251
49 12 272
49 13 417
49 14 359
49 15 421
49 16 396
49 17 355
49 18 457
49 19 409
49 20 499
49 21 288
49 22 266
49 23 466
49 24 402
49 25 347
49 26 344
49 27 285
49 28 371
49 29 492
49 30 454
49 31 429
49 32 281
49 33 379
49 34 360
49 35 388
49 36 364
49 37 302
49 38 345
49 39 266
49 40 319
49 41 455
49 42 298
49 43 326
49 44 316
49 45 360
49 46 467
49 47 482
49 48 295
49 50 273
49 51 396
49 52 483
49 53 396
49 54 474
49 55 420
49 56 268
49 57 418
49 58 353
49 59 470
49 60 450
49 61 277
49 62 358
49 63 321
49 64 490
49 65 355
49 66 342
49 67 269
49 68 429
49 69 289
49 70 277
49 71 250
49 72 413
49 73 252
49 74 315
49 75 385
49 76 252
49 77 333
49 78 369
49 79 280
49 80 409
49 81 334
49 82 441
49 83 489
49 84 373
49 85 304
49 86 363
49 87 285
49 88 346
49 89 363
49 90 457
49 91 498
49 92 410
49 93 367
49 94 398
49 95 358
49 96 278
49 97 361
49 98 264
49 99 347
50 1 393
50 2 373
50 3 462
50 4 456
50 5 333
50 6 433
50 7 254
50 8 486
50 9 441
50 10 425
50 11 290
50 12 491
50 13 444
50 14 278
50 15 287
50 16 306
50 17 398
50 18 363
50 19 311
50 20 470
50 21 382
50 22 465
50 23 375
50 24 302
50 25 458
50 26 409
50 27 382
50 28 365
50 29 357
50 30 259
50 31 257
50 32 290
50 33 378
50 34 482
50 35 492
50 36 438
50 37 270
50 38 495
50 39 402
50 40 348
50 41 345
50 42 333
50 43 490
50 44 357
50 45 350
50 46 302
50 47 398
50 48 446
50 49 273
50 51 272
50 52 391
50 53 250
50 54 361
50 55 371
50 56 272
50 57 369
50 58 409
50 59 427
50 60 488
50 61 484
50 62 480
50 63 298
50 64 479
50 65 325
50 66 310
50 67 439
50 68 448
50 69 452
50 70 369
50 71 419
50 72 300
50 73 400
50 74 313
50 75 469
50 76 282
50 77 456
50 78 376
50 79 311
50 80 402
50 81 423
50 82 382
50 83 480
50 84 300
50 85 315
50 86 449
50 87 308
50 88 373
50 89 360
50 90 402
50 91 302
50 92 377
50 93 347
50 94 283
50 95 252
50 96 420
50 97 344
50 98 354
50 99 266
51 1 286
51 2 314
51 3 448
51 4 384
51 5 485
51 6 386
51 7 283
51 8 430
51 9 458
51 10 250
51 11 403
51 12 399
51 13 260
51 14 335
51 15 378
51 16 352
51 17 350
51 18 457
51 19 433
51 20 482
51 21 341
51 22 290
51 23 323
51 24 267
51 25 355
51 26 448
51 27 407
51 28 330
51 29 402
51 30 374
51 31 434
51 32 380
51 33 323
51 34 392
51 35 359
51 36 281
51 37 287
51 38 428
51 39 461
51 40 459
51 41 376
51 42 252
51 43 302
51 44 455
51 45 411
51 46 390
51 47 408
51 48 418
51 49 396
51 50 272
51 52 448
51 53 375
51 54 475
51 55 277
51 56 303
51 57 283
51 58 498
51 59 320
51 60 269
51 61 378
51 62 275
51 63 263
51 64 432
51 65 470
51 66 462
51 67 322
51 68 308
51 69 280
51 70 322
51 71 446
51 72 307
51 73 271
51 74 366
51 75 295
51 76 271
51 77 326
51 78 470
51 79 405
51 80 493
51 81 375
51 82 351
51 83 393
51 84 301
51 85 360
51 86 378
51 87 356
51 88 448
51 89 357
51 90 322
51 91 365
51 92 392
51 93 276
51 94 429
51 95 482
51 96 310
51 97 377
51 98 472
51 99 458
52 1 483
52 2 268
52 3 276
52 4 267
52 5 452
52 6 387
52 7 319
52 8 497
52 9 358
52 10 477
52 11 318
52 12 448
52 13 453
52 14 299
52 15 449
52 16 403
52 17 353
52 18 498
52 19 250
52 20 385
52 21 496
52 22 451
52 23 441
52 24 469
52 25 485
52 26 366
52 27 490
52 28 311
52 29 314
52 30 450
52 31 300
52 32 361
52 33 497
52 34 335
52 35 405
52 36 328
52 37 406
52 38 478
52 39 316
52 40 345
52 41 298
52 42 390
52 43 318
52 44 433
52 45 395
52 46 414
52 47 436
52 48 471
52 49 483
52 50 391
52 51 448
52 53 270
52 54 283
52 55 384
52 56 370
52 57 434
52 58 406
52 59 464
52 60 313
52 61 467
52 62 371
52 63 417
52 64 357
52 65 470
52 66 449
52 67 353
52 68 340
52 69 470
52 70 289
52 71 486
52 72 498
52 73 289
52 74 359
52 75 364
52 76 354
52 77 396
52 78 319
52 79 402
52 80 268
52 81 426
52 82 416
52 83 265
52 84 473
52 85 370
52 86 489
52 87 288
52 88 418
52 89 435
52 90 449
52 91 407
52 92 470
52 93 450
52 94 402
52 95 414
52 96 483
52 97 318
52 98 489
52 99 327
53 1 268
53 2 298
53 3 463
53 4 344
53 5 359
53 6 321
53 7 383
53 8 307
53 9 280
53 10 367
53 11 372
53 12 474
53 13 296
53 14 335
53 15 406
53 16 270
53 17 425
53 18 412
53 19 441
53 20 354
53 21 466
53 22 298
53 23 354
53 24 405
53 25 310
53 26 439
53 27 389
53 28 451
53 29 324
53 30 395
53 31 415
53 32 489
53 33 308
53 34 391
53 35 438
53 36 316
53 37 494
53 38 340
53 39 370
53 40 450
53 41 433
53 42 371
53 43 497
53 44 265
53 45 263
53 46 310
53 47 266
53 48 460
53 49 396
53 50 250
53 51 375
53 52 270
53 54 360
53 55 323
53 56 462
53 57 328
53 58 320
53 59 347
53 60 436
53 61 370
53 62 289
53 63 401
53 64 344
53 65 450
53 66 312
53 67 363
53 68 268
53 69 336
53 70 459
53 71 264
53 72 348
53 73 356
53 74 471
53 75 411
53 76 410
53 77 490
53 78 374
53 79 306
53 80 453
53 81 456
53 82 448
53 83 357
53 84 357
53 85 423
53 86 378
53 87 328
53 88 346
53 89 429
53 90 433
53 91 265
53 92 284
53 93 368
53 94 275
53 95 281
53 96 338
53 97 435
53 98 301
53 99 254
54 1 389
54 2 324
54 3 484
54 4 333
54 5 375
54 6 295
54 7 500
54 8 374
54 9 395
54 10 330
54 11 345
54 12 419
54 13 467
54 14 314
54 15 466
54 16 293
54 17 274
54 18 264
54 19 414
54 20 364
54 21 398
54 22 267
54 23 440
54 24 318
54 25 430
54 26 423
54 27 288
54 28 350
54 29 384
54 30 281
54 31 297
54 32 477
54 33 484
54 34 282
54 35 264
54 36 265
54 37 298
54 38 336
54 39 317
54 40 350
54 41 344
54 42 277
54 43 468
54 44 383
54 45 448
54 46 314
54 47 393
54 48 422
54 49 474
54 50 361
54 51 475
54 52 283
54 53 360
54 55 301
54 56 330
54 57 373
54 58 463
54 59 346
54 60 423
54 61 458
54 62 311
54 63 360
54 64 373
54 65 321
54 66 495
54 67 293
54 68 282
54 69 422
54 70 390
54 71 297
54 72 256
54 73 278
54 74 452
54 75 302
54 76 451
54 77 270
54 78 354
54 79 274
54 80 255
54 81 376
54 82 371
54 83 302
54 84 457
54 85 355
54 86 411
54 87 487
54 88 430
54 89 363
54 90 341
54 91 369
54 92 306
54 93 456
54 94 352
54 95 346
54 96 442
54 97 392
54 98 292
54 99 406
55 1 456
55 2 492
55 3 468
55 4 406
55 5 284
55 6 336
55 7 355
55 8 336
55 9 310
55 10 481
55 11 398
55 12 306
55 13 287
55 14 277
55 15 339
55 16 429
55 17 463
55 18 489
55 19 344
55 20 414
55 21 330
55 22 472
55 23 427
55 24 379
55 25 389
55 26 475
55 27 304
55 28 375
55 29 366
55 30 440
55 31 260
55 32 253
55 33 419
55 34 330
55 35 346
55 36 381
55 37 472
55 38 373
55 39 462
55 40 370
55 41 260
55 42 409
55 43 250
55 44 251
55 45 455
55 46 314
55 47 314
55 48 339
55 49 420
55 50 371
55 51 277
55 52 384
55 53 323
55 54 301
55 56 399
55 57 465
55 58 431
55 59 432
55 60 363
55 61 374
55 62 382
55 63 475
55 64 400
55 65 470
55 66 356
55 67 478
55 68 343
55 69 293
55 70 416
55 71 415
55 72 286
55 73 278
55 74 410
55 75 355
55 76 476
55 77 381
55 78 341
55 79 431
55 80 396
55 81 442
55 82 359
55 83 287
55 84 294
55 85 448
55 86 306
55 87 446
55 88 471
55 89 467
55 90 347
55 91 426
55 92 424
55 93 418
55 94 335
55 95 468
55 96 424
55 97 345
55 98 486
55 99 349
56 1 462
56 2 351
56 3 307
56 4 385
56 5 273
56 6 495
56 7 262
56 8 327
56 9 271
56 10 264
56 11 418
56 12 411
56 13 374
56 14 372
56 15 260
56 16 393
56 17 439
56 18 469
56 19 497
56 20 412
56 21 280
56 22 256
56 23 329
56 24 470
56 25 498
56 26 293
56 27 306
56 28 325
56 29 307
56 30 466
56 31 263
56 32 394
56 33 483
56 34 434
56 35 452
56 36 417
56 37 439
56 38 403
56 39 433
56 40 475
56 41 472
56 42 318
56 43 467
56 44 465
56 45 478
56 46 309
56 47 400
56 48 285
56 49 268
56 50 272
56 51 303
56 52 370
56 53 462
56 54 330
56 55 399
56 57 489
56 58 441
56 59 482
56 60 334
56 61 433
56 62 253
56 63 386
56 64 471
56 65 374
56 66 389
56 67 477
56 68 471
56 69 365
56 70 448
56 71 260
56 72 433
56 73 372
56 74 327
56 75 340
56 76 449
56 77 322
56 78 321
56 79 458
56 80 253
56 81 476
56 82 426
56 83 427
56 84 376
56 85 286
56 86 484
56 87 302
56 88 272
56 89 441
56 90 382
56 91 425
56 92 300
56 93 402
56 94 296
56 95 396
56 96 436
56 97 441
56 98 355
56 99 401
57 1 317
57 2 307
57 3 302
57 4 484
57 5 413
57 6 473
57 7 403
57 8 254
57 9 421
57 10 435
57 11 489
57 12 373
57 13 282
57 14 420
57 15 314
57 16 353
57 17 332
57 18 353
57 19 475
57 20 279
57 21 449
57 22 276
57 23 365
57 24 370
57 25 333
57 26 415
57 27 411
57 28 476
57 29 455
57 30 351
57 31 486
57 32 484
57 33 372
57 34 475
57 35 460
57 36 277
57 37 266
57 38 308
57 39 428
57 40 273
57 41 361
57 42 480
57 43 352
57 44 285
57 45 493
57 46 420
57 47 286
57 48 330
57 49 418
57 50 369
57 51 283
57 52 434
57 53 328
57 54 373
57 55 465
57 56 489
57 58 304
57 59 254
57 60 309
57 61 318
57 62 423
57 63 337
57 64 402
57 65 444
57 66 439
57 67 307
57 68 286
57 69 312
57 70 447
57 71 378
57 72 337
57 73 453
57 74 409
57 75 320
57 76 376
57 77 366
57 78 496
57 79 392
57 80 359
57 81 362
57 82 312
57 83 466
57 84 269
57 85 254
57 86 360
57 87 402
57 88 326
57 89 421
57 90 413
57 91 436
57 92 256
57 93 278
57 94 402
57 95 344
57 96 328
57 97 448
57 98 483
57 99 478
58 1 269
58 2 444
58 3 485
58 4 480
58 5 454
58 6 404
58 7 408
58 8 311
58 9 385
58 10 483
58 11 451
58 12 323
58 13 487
58 14 351
58 15 467
58 16 271
58 17 385
58 18 431
58 19 366
58 20 390
58 21 296
58 22 479
58 23 371
58 24 306
58 25 385
58 26 454
58 27 414
58 28 354
58 29 294
58 30 315
58 31 326
58 32 255
58 33 274
58 34 436
58 35 426
58 36 421
58 37 368
58 38 417
58 39 408
58 40 306
58 41 364
58 42 424
58 43 300
58 44 406
58 45 401
58 46 455
58 47 260
58 48 265
58 49 353
58 50 409
58 51 498
58 52 406
58 53 320
58 54 463
58 55 431
58 56 441
58 57 304
58 59 455
58 60 416
58 61 388
58 62 467
58 63 373
58 64 342
58 65 443
58 66 429
58 67 342
58 68 424
58 69 496
58 70 431
58 71 448
58 72 295
58 73 291
58 74 299
58 75 286
58 76 308
58 77 291
58 78 272
58 79 315
58 80 364
58 81 439
58 82 485
58 83 345
58 84 309
58 85 441
58 86 431
58 87 268
58 88 257
58 89 326
58 90 427
58 91 399
58 92 331
58 93 266
58 94 400
58 95 370
58 96 286
58 97 350
58 98 429
58 99 450
59 1 285
59 2 375
59 3 401
59 4 332
59 5 282
59 6 272
59 7 404
59 8 382
59 9 411
59 10 405
59 11 350
59 12 344
59 13 341
59 14 400
59 15 450
59 16 489
59 17 310
59 18 437
59 19 326
59 20 408
59 21 303
59 22 281
59 23 434
59 24 349
59 25 332
59 26 296
59 27 481
59 28 405
59 29 254
59 30 500
59 31 388
59 32 290
59 33 405
59 34 344
59 35 453
59 36 467
59 37 442
59 38 471
59 39 427
59 40 482
59 41 474
59 42 300
59 43 284
59 44 467
59 45 393
59 46 270
59 47 477
59 48 453
59 49 470
59 50 427
59 51 320
59 52 464
59 53 347
59 54 346
59 55 432
59 56 482
59 57 254
59 58 455
59 60 416
59 61 420
59 62 346
59 63 287
59 64 274
59 65 256
59 66 261
59 67 486
59 68 436
59 69 492
59 70 461
59 71 372
59 72 281
59 73 264
59 74 398
59 75 288
59 76 482
59 77 437
59 78 318
59 79 318
59 80 487
59 81 292
59 82 375
59 83 436
59 84 279
59 85 333
59 86 433
59 87 282
59 88 406
59 89 370
59 90 398
59 91 335
59 92 406
59 93 274
59 94 485
59 95 438
59 96 472
59 97 426
59 98 287
59 99 452
60 1 310
60 2 289
60 3 305
60 4 444
60 5 464
60 6 264
60 7 300
60 8 274
60 9 309
60 10 499
60 11 331
60 12 375
60 13 369
60 14 316
60 15 440
60 16 367
60 17 428
60 18 492
60 19 370
60 20 346
60 21 389
60 22 300
60 23 332
60 24 483
60 25 371
60 26 392
60 27 358
60 28 251
60 29 473
60 30 280
60 31 463
60 32 298
60 33 439
60 34 483
60 35 299
60 36 382
60 37 347
60 38 361
60 39 460
60 40 272
60 41 365
60 42 435
60 43 500
60 44 295
60 45 491
60 46 330
60 47 306
60 48 482
60 49 450
60 50 488
60 51 269
60 52 313
60 53 436
60 54 423
60 55 363
60 56 334
60 57 309
60 58 416
60 59 416
60 61 417
60 62 427
60 63 284
60 64 406
60 65 443
60 66 313
60 67 345
60 68 389
60 69 413
60 70 377
60 71 499
60 72 471
60 73 349
60 74 259
60 75 369
60 76 319
60 77 311
60 78 373
60 79 459
60 80 370
60 81 471
60 82 268
60 83 417
60 84 396
60 85 271
60 86 435
60 87 297
60 88 447
60 89 420
60 90 454
60 91 313
60 92 365
60 93 405
60 94 273
60 95 375
60 96 457
60 97 281
60 98 423
60 99 420
61 1 446
61 2 350
61 3 354
61 4 309
61 5 358
61 6 433
61 7 278
61 8 286
61 9 268
61 10 268
61 11 334
61 12 499
61 13 288
61 14 291
61 15 338
61 16 307
61 17 263
61 18 498
61 19 474
61 20 480
61 21 262
61 22 366
61 23 392
61 24 450
61 25 374
61 26 461
61 27 357
61 28 448
61 29 359
61 30 490
61 31 265
61 32 420
61 33 252
61 34 432
61 35 417
61 36 480
61 37 303
61 38 482
61 39 487
61 40 357
61 41 473
61 42 308
61 43 359
61 44 359
61 45 403
61 46 292
61 47 438
61 48 461
61 49 277
61 50 484
61 51 378
61 52 467
61 53 370
61 54 458
61 55 374
61 56 433
61 57 318
61 58 388
61 59 420
61 60 417
61 62 426
61 63 401
61 64 476
61 65 484
61 66 409
61 67 480
61 68 343
61 69 278
61 70 357
61 71 413
61 72 309
61 73 345
61 74 487
61 75 282
61 76 482
61 77 498
61 78 270
61 79 363
61 80 463
61 81 312
61 82 290
61 83 354
61 84 344
61 85 416
61 86 317
61 87 406
61 88 343
61 89 287
61 90 452
61 91 259
61 92 250
61 93 337
61 94 268
61 95 398
61 96 411
61 97 298
61 98 454
61 99 488
62 1 327
62 2 452
62 3 339
62 4 403
62 5 327
62 6 361
62 7 389
62 8 493
62 9 293
62 10 463
62 11 395
62 12 402
62 13 433
62 14 363
62 15 395
62 16 322
62 17 259
62 18 318
62 19 431
62 20 408
62 21 315
62 22 350
62 23 344
62 24 400
62 25 407
62 26 455
62 27 302
62 28 345
62 29 290
62 30 250
62 31 287
62 32 396
62 33 310
62 34 284
62 35 488
62 36 498
62 37 270
62 38 485
62 39 486
62 40 347
62 41 341
62 42 445
62 43 294
62 44 254
62 45 410
62 46 308
62 47 390
62 48 336
62 49 358
62 50 480
62 51 275
62 52 371
62 53 289
62 54 311
62 55 382
62 56 253
62 57 423
62 58 467
62 59 346
62 60 427
62 61 426
62 63 346
62 64 417
62 65 458
62 66 368
62 67 373
62 68 474
62 69 298
62 70 301
62 71 344
62 72 362
62 73 304
62 74 316
62 75 441
62 76 477
62 77 264
62 78 340
62 79 252
62 80 444
62 81 350
62 82 464
62 83 274
62 84 489
62 85 486
62 86 377
62 87 384
62 88 490
62 89 456
62 90 414
62 91 309
62 92 490
62 93 397
62 94 499
62 95 396
62 96 320
62 97 285
62 98 251
62 99 485
63 1 398
63 2 376
63 3 475
63 4 491
63 5 354
63 6 435
63 7 251
63 8 378
63 9 489
63 10 396
63 11 478
63 12 408
63 13 438
63 14 326
63 15 342
63 16 259
63 17 291
63 18 428
63 19 275
63 20 488
63 21 497
63 22 458
63 23 305
63 24 441
63 25 283
63 26 371
63 27 272
63 28 390
63 29 497
63 30 430
63 31 394
63 32 326
63 33 340
63 34 291
63 35 315
63 36 432
63 37 311
63 38 275
63 39 321
63 40 403
63 41 350
63 42 435
63 43 255
63 44 339
63 45 417
63 46 427
63 47 399
63 48 356
63 49 321
63 50 298
63 51 263
63 52 417
63 53 401
63 54 360
63 55 475
63 56 386
63 57 337
63 58 373
63 59 287
63 60 284
63 61 401
63 62 346
63 64 393
63 65 485
63 66 370
63 67 438
63 68 447
63 69 495
63 70 327
63 71 294
63 72 489
63 73 385
63 74 305
63 75 268
63 76 349
63 77 268
63 78 490
63 79 251
63 80 385
63 81 262
63 82 475
63 83 291
63 84 448
63 85 419
63 86 388
63 87 460
63 88 319
63 89 269
63 90 272
63 91 252
63 92 420
63 93 424
63 94 477
63 95 262
63 96 421
63 97 429
63 98 363
63 99 272
64 1 323
64 2 434
64 3 406
64 4 434
64 5 354
64 6 390
64 7 421
64 8 329
64 9 295
64 10 265
64 11 423
64 12 472
64 13 439
64 14 390
64 15 416
64 16 446
64 17 497
64 18 315
64 19 446
64 20 350
64 21 321
64 22 304
64 23 364
64 24 271
64 25 304
64 26 496
64 27 469
64 28 442
64 29 329
64 30 366
64 31 311
64 32 358
64 33 484
64 34 457
64 35 403
64 36 415
64 37 321
64 38 484
64 39 428
64 40 445
64 41 266
64 42 298
64 43 257
64 44 326
64 45 254
64 46 405
64 47 467
64 48 295
64 49 490
64 50 479
64 51 432
64 52 357
64 53 344
64 54 373
64 55 400
64 56 471
64 57 402
64 58 342
64 59 274
64 60 406
64 61 476
64 62 417
64 63 393
64 65 399
64 66 360
64 67 385
64 68 258
64 69 436
64 70 363
64 71 317
64 72 471
64 73 453
64 74 268
64 75 430
64 76 253
64 77 282
64 78 321
64 79 361
64 80 483
64 81 389
64 82 369
64 83 363
64 84 281
64 85 424
64 86 275
64 87 466
64 88 278
64 89 476
64 90 315
64 91 297
64 92 426
64 93 428
64 94 386
64 95 386
64 96 403
64 97 294
64 98 344
64 99 290
65 1 446
65 2 436
65 3 370
65 4 321
65 5 360
65 6 270
65 7 282
65 8 254
65 9 308
65 10 316
65 11 462
65 12 263
65 13 417
65 14 361
65 15 478
65 16 325
65 17 360
65 18 485
65 19 253
65 20 258
65 21 481
65 22 393
65 23 429
65 24 378
65 25 306
65 26 301
65 27 388
65 28 276
65 29 470
65 30 353
65 31 476
65 32 496
65 33 309
65 34 460
65 35 356
65 36 387
65 37 360
65 38 378
65 39 311
65 40 427
65 41 304
65 42 412
65 43 274
65 44 336
65 45 492
65 46 378
65 47 474
65 48 472
65 49 355
65 50 325
65 51 470
65 52 470
65 53 450
65 54 321
65 55 470
65 56 374
65 57 444
65 58 443
65 59 256
65 60 443
65 61 484
65 62 458
65 63 485
65 64 399
65 66 460
65 67 369
65 68 334
65 69 496
65 70 398
65 71 286
65 72 380
65 73 372
65 74 459
65 75 438
65 76 418
65 77 298
65 78 250
65 79 397
65 80 467
65 81 313
65 82 252
65 83 272
65 84 416
65 85 353
65 86 281
65 87 415
65 88 399
65 89 297
65 90 384
65 91 309
65 92 277
65 93 321
65 94 374
65 95 401
65 96 404
65 97 445
65 98 389
65 99 423
66 1 454
66 2 474
66 3 311
66 4 385
66 5 414
66 6 451
66 7 484
66 8 379
66 9 273
66 10 286
66 11 276
66 12 343
66 13 405
66 14 331
66 15 377
66 16 432
66 17 344
66 18 450
66 19 441
66 20 306
66 21 329
66 22 422
66 23 367
66 24 325
66 25 456
66 26 364
66 27 296
66 28 466
66 29 269
66 30 452
66 31 257
66 32 455
66 33 497
66 34 427
66 35 352
66 36 277
66 37 297
66 38 338
66 39 479
66 40 251
66 41 350
66 42 447
66 43 364
66 44 312
66 45 348
66 46 323
66 47 469
66 48 416
66 49 342
66 50 310
66 51 462
66 52 449
66 53 312
66 54 495
66 55 356
66 56 389
66 57 439
66 58 429
66 59 261
66 60 313
66 61 409
66 62 368
66 63 370
66 64 360
66 65 460
66 67 358
66 68 495
66 69 410
66 70 492
66 71 411
66 72 254
66 73 474
66 74 432
66 75 436
66 76 322
66 77 253
66 78 390
66 79 382
66 80 407
66 81 424
66 82 400
66 83 366
66 84 266
66 85 455
66 86 382
66 87 417
66 88 333
66 89 415
66 90 276
66 91 271
66 92 305
66 93 409
66 94 374
66 95 377
66 96 352
66 97 485
66 98 376
66 99 344
67 1 278
67 2 387
67 3 495
67 4 423
67 5 289
67 6 349
67 7 413
67 8 308
67 9 402
67 10 339
67 11 281
67 12 363
67 13 471
67 14 354
67 15 383
67 16 402
67 17 272
67 18 493
67 19 373
67 20 269
67 21 434
67 22 411
67 23 344
67 24 409
67 25 292
67 26 357
67 27 495
67 28 369
67 29 282
67 30 315
67 31 271
67 32 321
67 33 303
67 34 378
67 35 471
67 36 421
67 37 466
67 38 372
67 39 423
67 40 446
67 41 301
67 42 470
67 43 257
67 44 296
67 45 335
67 46 304
67 47 328
67 48 299
67 49 269
67 50 439
67 51 322
67 52 353
67 53 363
67 54 293
67 55 478
67 56 477
67 57 307
67 58 342
67 59 486
67 60 345
67 61 480
67 62 373
67 63 438
67 64 385
67 65 369
67 66 358
67 68 491
67 69 288
67 70 300
67 71 292
67 72 322
67 73 364
67 74 378
67 75 468
67 76 342
67 77 498
67 78 288
67 79 451
67 80 414
67 81 325
67 82 388
67 83 327
67 84 483
67 85 435
67 86 351
67 87 340
67 88 346
67 89 472
67 90 454
67 91 408
67 92 440
67 93 377
67 94 469
67 95 285
67 96 337
67 97 311
67 98 446
67 99 326
68 1 388
68 2 389
68 3 259
68 4 254
68 5 456
68 6 313
68 7 252
68 8 457
68 9 435
68 10 408
68 11 346
68 12 387
68 13 458
68 14 356
68 15 489
68 16 256
68 17 352
68 18 499
68 19 330
68 20 301
68 21 386
68 22 334
68 23 340
68 24 466
68 25 416
68 26 419
68 27 325
68 28 369
68 29 409
68 30 339
68 31 389
68 32 263
68 33 318
68 34 269
68 35 463
68 36 473
68 37 428
68 38 330
68 39 303
68 40 456
68 41 482
68 42 485
68 43 388
68 44 404
68 45 493
68 46 400
68 47 496
68 48 457
68 49 429
68 50 448
68 51 308
68 52 340
68 53 268
68 54 282
68 55 343
68 56 471
68 57 286
68 58 424
68 59 436
68 60 389
68 61 343
68 62 474
68 63 447
68 64 258
68 65 334
68 66 495
68 67 491
68 69 304
68 70 473
68 71 371
68 72 398
68 73 495
68 74 314
68 75 330
68 76 480
68 77 464
68 78 268
68 79 374
68 80 313
68 81 491
68 82 444
68 83 495
68 84 387
68 85 275
68 86 462
68 87 288
68 88 464
68 89 438
68 90 373
68 91 350
68 92 298
68 93 288
68 94 433
68 95 448
68 96 288
68 97 414
68 98 270
68 99 394
69 1 269
69 2 327
69 3 409
69 4 314
69 5 498
69 6 471
69 7 413
69 8 294
69 9 343
69 10 388
69 11 254
69 12 437
69 13 313
69 14 317
69 15 463
69 16 367
69 17 336
69 18 346
69 19 399
69 20 473
69 21 333
69 22 456
69 23 440
69 24 263
69 25 320
69 26 432
69 27 251
69 28 349
69 29 376
69 30 445
69 31 377
69 32 290
69 33 336
69 34 356
69 35 392
69 36 376
69 37 377
69 38 423
69 39 284
69 40 257
69 41 344
69 42 456
69 43 263
69 44 467
69 45 267
69 46 342
69 47 256
69 48 440
69 49 289
69 50 452
69 51 280
69 52 470
69 53 336
69 54 422
69 55 293
69 56 365
69 57 312
69 58 496
69 59 492
69 60 413
69 61 278
69 62 298
69 63 495
69 64 436
69 65 496
69 66 410
69 67 288
69 68 304
69 70 284
69 71 395
69 72 472
69 73 477
69 74 461
69 75 363
69 76 387
69 77 271
69 78 446
69 79 463
69 80 355
69 81 261
69 82 370
69 83 481
69 84 309
69 85 326
69 86 491
69 87 397
69 88 466
69 89 302
69 90 317
69 91 363
69 92 387
69 93 347
69 94 394
69 95 298
69 96 434
69 97 390
69 98 392
69 99 488
70 1 362
70 2 465
70 3 482
70 4 445
70 5 498
70 6 463
70 7 453
70 8 410
70 9 427
70 10 280
70 11 317
70 12 265
70 13 358
70 14 355
70 15 473
70 16 405
70 17 484
70 18 251
70 19 325
70 20 313
70 21 433
70 22 416
70 23 413
70 24 290
70 25 343
70 26 282
70 27 474
70 28 306
70 29 309
70 30 325
70 31 339
70 32 443
70 33 345
70 34 482
70 35 334
70 36 289
70 37 321
70 38 474
70 39 351
70 40 365
70 41 322
70 42 427
70 43 332
70 44 495
70 45 274
70 46 395
70 47 281
70 48 294
70 49 277
70 50 369
70 51 322
70 52 289
70 53 459
70 54 390
70 55 416
70 56 448
70 57 447
70 58 431
70 59 461
70 60 377
70 61 357
70 62 301
70 63 327
70 64 363
70 65 398
70 66 492
70 67 300
70 68 473
70 69 284
70 71 408
70 72 313
70 73 312
70 74 314
70 75 470
70 76 282
70 77 472
70 78 399
70 79 250
70 80 301
70 81 403
70 82 413
70 83 335
70 84 439
70 85 344
70 86 411
70 87 377
70 88 433
70 89 417
70 90 374
70 91 261
70 92 285
70 93 363
70 94 306
70 95 387
70 96 477
70 97 349
70 98 275
70 99 347
71 1 500
71 2 459
71 3 399
71 4 423
71 5 492
71 6 425
71 7 468
71 8 277
71 9 412
71 10 394
71 11 257
71 12 488
71 13 461
71 14 456
71 15 375
71 16 423
71 17 250
71 18 389
71 19 381
71 20 419
71 21 298
71 22 342
71 23 362
71 24 357
71 25 252
71 26 267
71 27 279
71 28 488
71 29 467
71 30 288
71 31 284
71 32 282
71 33 315
71 34 363
71 35 363
71 36 412
71 37 343
71 38 442
71 39 263
71 40 392
71 41 324
71 42 496
71 43 464
71 44 348
71 45 359
71 46 252
71 47 296
71 48 432
71 49 250
71 50 419
71 51 446
71 52 486
71 53 264
71 54 297
71 55 415
71 56 260
71 57 378
71 58 448
71 59 372
71 60 499
71 61 413
71 62 344
71 63 294
71 64 317
71 65 286
71 66 411
71 67 292
71 68 371
71 69 395
71 70 408
71 72 434
71 73 494
71 74 477
71 75 256
71 76 397
71 77 454
71 78 400
71 79 427
71 80 477
71 81 299
71 82 310
71 83 424
71 84 351
71 85 280
71 86 347
71 87 477
71 88 489
71 89 369
71 90 446
71 91 278
71 92 435
71 93 292
71 94 343
71 95 350
71 96 416
71 97 323
71 98 383
71 99 452
72 1 476
72 2 311
72 3 481
72 4 343
72 5 369
72 6 299
72 7 373
72 8 334
72 9 373
72 10 364
72 11 477
72 12 460
72 13 500
72 14 469
72 15 265
72 16 276
72 17 431
72 18 366
72 19 309
72 20 463
72 21 497
72 22 469
72 23 491
72 24 456
72 25 253
72 26 479
72 27 306
72 28 304
72 29 460
72 30 429
72 31 308
72 32 399
72 33 345
72 34 291
72 35 415
72 36 435
72 37 366
72 38 499
72 39 368
72 40 288
72 41 256
72 42 295
72 43 305
72 44 392
72 45 281
72 46 347
72 47 423
72 48 375
72 49 413
72 50 300
72 51 307
72 52 498
72 53 348
72 54 256
72 55 286
72 56 433
72 57 337
72 58 295
72 59 281
72 60 471
72 61 309
72 62 362
72 63 489
72 64 471
72 65 380
72 66 254
72 67 322
72 68 398
72 69 472
72 70 313
72 71 434
72 73 407
72 74 457
72 75 270
72 76 495
72 77 416
72 78 358
72 79 302
72 80 408
72 81 344
72 82 330
72 83 429
72 84 319
72 85 319
72 86 341
72 87 345
72 88 307
72 89 465
72 90 253
72 91 446
72 92 436
72 93 300
72 94 419
72 95 261
72 96 492
72 97 500
72 98 369
72 99 259
73 1 406
73 2 268
73 3 430
73 4 420
73 5 500
73 6 355
73 7 418
73 8 290
73 9 332
73 10 427
73 11 373
73 12 290
73 13 478
73 14 300
73 15 436
73 16 424
73 17 318
73 18 374
73 19 379
73 20 264
73 21 388
73 22 416
73 23 488
73 24 294
73 25 442
73 26 447
73 27 268
73 28 463
73 29 410
73 30 385
73 31 324
73 32 383
73 33 311
73 34 258
73 35 289
73 36 289
73 37 289
73 38 345
73 39 271
73 40 488
73 41 358
73 42 498
73 43 446
73 44 446
73 45 270
73 46 319
73 47 482
73 48 286
73 49 252
73 50 400
73 51 271
73 52 289
73 53 356
73 54 278
73 55 278
73 56 372
73 57 453
73 58 291
73 59 264
73 60 349
73 61 345
73 62 304
73 63 385
73 64 453
73 65 372
73 66 474
73 67 364
73 68 495
73 69 477
73 70 312
73 71 494
73 72 407
73 74 270
73 75 277
73 76 485
73 77 352
73 78 485
73 79 419
73 80 410
73 81 452
73 82 349
73 83 269
73 84 322
73 85 441
73 86 302
73 87 431
73 88 439
73 89 264
73 90 291
73 91 332
73 92 277
73 93 495
73 94 427
73 95 358
73 96 278
73 97 445
73 98 336
73 99 292
74 1 497
74 2 283
74 3 301
74 4 279
74 5 301
74 6 364
74 7 255
74 8 271
74 9 257
74 10 256
74 11 423
74 12 250
74 13 367
74 14 455
74 15 307
74 16 375
74 17 359
74 18 305
74 19 340
74 20 412
74 21 275
74 22 378
74 23 271
74 24 374
74 25 400
74 26 267
74 27 304
74 28 490
74 29 425
74 30 320
74 31 255
74 32 271
74 33 415
74 34 413
74 35 344
74 36 422
74 37 468
74 38 396
74 39 403
74 40 396
74 41 446
74 42 332
74 43 268
74 44 406
74 45 406
74 46 276
74 47 467
74 48 271
74 49 315
74 50 313
74 51 366
74 52 359
74 53 471
74 54 452
74 55 410
74 56 327
74 57 409
74 58 299
74 59 398
74 60 259
74 61 487
74 62 316
74 63 305
74 64 268
74 65 459
74 66 432
74 67 378
74 68 314
74 69 461
74 70 314
74 71 477
74 72 457
74 73 270
74 75 264
74 76 471
74 77 316
74 78 375
74 79 403
74 80 477
74 81 303
74 82 280
74 83 256
74 84 442
74 85 398
74 86 385
74 87 342
74 88 269
74 89 293
74 90 253
74 91 490
74 92 411
74 93 478
74 94 323
74 95 284
74 96 331
74 97 457
74 98 487
74 99 499
75 1 312
75 2 453
75 3 270
75 4 332
75 5 312
75 6 333
75 7 448
75 8 265
75 9 375
75 10 357
75 11 422
75 12 443
75 13 357
75 14 251
75 15 305
75 16 353
75 17 432
75 18 301
75 19 432
75 20 443
75 21 344
75 22 258
75 23 393
75 24 349
75 25 488
75 26 336
75 27 313
75 28 405
75 29 414
75 30 315
75 31 328
75 32 488
75 33 411
75 34 260
75 35 364
75 36 389
75 37 430
75 38 496
75 39 377
75 40 288
75 41 479
75 42 295
75 43 267
75 44 428
75 45 340
75 46 254
75 47 287
75 48 389
75 49 385
75 50 469
75 51 295
75 52 364
75 53 411
75 54 302
75 55 355
75 56 340
75 57 320
75 58 286
75 59 288
75 60 369
75 61 282
75 62 441
75 63 268
75 64 430
75 65 438
75 66 436
75 67 468
75 68 330
75 69 363
75 70 470
75 71 256
75 72 270
75 73 277
75 74 264
75 76 273
75 77 257
75 78 417
75 79 444
75 80 321
75 81 454
75 82 428
75 83 405
75 84 335
75 85 277
75 86 370
75 87 361
75 88 491
75 89 485
75 90 314
75 91 392
75 92 310
75 93 381
75 94 435
75 95 374
75 96 366
75 97 498
75 98 368
75 99 449
76 1 430
76 2 292
76 3 250
76 4 389
76 5 375
76 6 314
76 7 260
76 8 440
76 9 411
76 10 357
76 11 388
76 12 419
76 13 330
76 14 339
76 15 379
76 16 258
76 17 278
76 18 291
76 19 486
76 20 314
76 21 328
76 22 472
76 23 437
76 24 481
76 25 433
76 26 262
76 27 390
76 28 286
76 29 387
76 30 278
76 31 416
76 32 497
76 33 292
76 34 259
76 35 264
76 36 263
76 37 251
76 38 440
76 39 456
76 40 320
76 41 316
76 42 410
76 43 318
76 44 344
76 45 451
76 46 387
76 47 433
76 48 365
76 49 252
76 50 282
76 51 271
76 52 354
76 53 410
76 54 451
76 55 476
76 56 449
76 57 376
76 58 308
76 59 482
76 60 319
76 61 482
76 62 477
76 63 349
76 64 253
76 65 418
76 66 322
76 67 342
76 68 480
76 69 387
76 70 282
76 71 397
76 72 495
76 73 485
76 74 471
76 75 273
76 77 433
76 78 319
76 79 465
76 80 463
76 81 406
76 82 306
76 83 468
76 84 479
76 85 456
76 86 403
76 87 423
76 88 323
76 89 326
76 90 453
76 91 304
76 92 446
76 93 448
76 94 387
76 95 417
76 96 283
76 97 437
76 98 279
76 99 280
77 1 347
77 2 288
77 3 273
77 4 500
77 5 336
77 6 250
77 7 368
77 8 263
77 9 374
77 10 439
77 11 476
77 12 286
77 13 439
77 14 263
77 15 442
77 16 477
77 17 250
77 18 339
77 19 286
77 20 256
77 21 305
77 22 424
77 23 340
77 24 474
77 25 268
77 26 313
77 27 486
77 28 500
77 29 301
77 30 329
77 31 324
77 32 350
77 33 285
77 34 449
77 35 284
77 36 255
77 37 361
77 38 319
77 39 394
77 40 496
77 41 267
77 42 357
77 43 279
77 44 392
77 45 385
77 46 350
77 47 331
77 48 329
77 49 333
77 50 456
77 51 326
77 52 396
77 53 490
77 54 270
77 55 381
77 56 322
77 57 366
77 58 291
77 59 437
77 60 311
77 61 498
77 62 264
77 63 268
77 64 282
77 65 298
77 66 253
77 67 498
77 68 464
77 69 271
77 70 472
77 71 454
77 72 416
77 73 352
77 74 316
77 75 257
77 76 433
77 78 334
77 79 317
77 80 484
77 81 319
77 82 370
77 83 387
77 84 255
77 85 302
77 86 314
77 87 469
77 88 255
77 89 489
77 90 366
77 91 285
77 92 257
77 93 432
77 94 348
77 95 402
77 96 290
77 97 385
77 98 331
77 99 352
78 1 496
78 2 317
78 3 493
78 4 283
78 5 400
78 6 377
78 7 425
78 8 464
78 9 443
78 10 367
78 11 422
78 12 346
78 13 333
78 14 480
78 15 306
78 16 280
78 17 287
78 18 485
78 19 336
78 20 275
78 21 455
78 22 399
78 23 348
78 24 340
78 25 500
78 26 339
78 27 397
78 28 281
78 29 422
78 30 302
78 31 419
78 32 467
78 33 317
78 34 356
78 35 448
78 36 429
78 37 415
78 38 253
78 39 341
78 40 351
78 41 431
78 42 344
78 43 287
78 44 482
78 45 274
78 46 371
78 47 295
78 48 342
78 49 369
78 50 376
78 51 470
78 52 319
78 53 374
78 54 354
78 55 341
78 56 321
78 57 496
78 58 272
78 59 318
78 60 373
78 61 270
78 62 340
78 63 490
78 64 321
78 65 250
78 66 390
78 67 288
78 68 268
78 69 446
78 70 399
78 71 400
78 72 358
78 73 485
78 74 375
78 75 417
78 76 319
78 77 334
78 79 386
78 80 415
78 81 409
78 82 475
78 83 452
78 84 310
78 85 286
78 86 388
78 87 301
78 88 341
78 89 423
78 90 372
78 91 278
78 92 443
78 93 459
78 94 488
78 95 495
78 96 309
78 97 419
78 98 374
78 99 376
79 1 303
79 2 463
79 3 386
79 4 457
79 5 335
79 6 290
79 7 370
79 8 439
79 9 409
79 10 456
79 11 462
79 12 309
79 13 341
79 14 499
79 15 401
79 16 330
79 17 376
79 18 469
79 19 389
79 20 253
79 21 446
79 22 322
79 23 372
79 24 305
79 25 452
79 26 264
79 27 428
79 28 295
79 29 493
79 30 275
79 31 414
79 32 466
79 33 372
79 34 265
79 35 479
79 36 283
79 37 393
79 38 373
79 39 422
79 40 258
79 41 424
79 42 255
79 43 285
79 44 309
79 45 300
79 46 493
79 47 457
79 48 471
79 49 280
79 50 311
79 51 405
79 52 402
79 53 306
79 54 274
79 55 431
79 56 458
79 57 392
79 58 315
79 59 318
79 60 459
79 61 363
79 62 252
79 63 251
79 64 361
79 65 397
79 66 382
79 67 451
79 68 374
79 69 463
79 70 250
79 71 427
79 72 302
79 73 419
79 74 403
79 75 444
79 76 465
79 77 317
79 78 386
79 80 471
79 81 409
79 82 474
79 83 305
79 84 346
79 85 401
79 86 320
79 87 271
79 88 433
79 89 446
79 90 279
79 91 280
79 92 483
79 93 362
79 94 420
79 95 445
79 96 284
79 97 482
79 98 391
79 99 339
80 1 301
80 2 489
80 3 379
80 4 335
80 5 474
80 6 470
80 7 415
80 8 286
80 9 355
80 10 436
80 11 326
80 12 450
80 13 372
80 14 319
80 15 391
80 16 448
80 17 329
80 18 293
80 19 344
80 20 357
80 21 399
80 22 290
80 23 486
80 24 467
80 25 401
80 26 289
80 27 358
80 28 341
80 29 329
80 30 294
80 31 434
80 32 255
80 33 462
80 34 413
80 35 455
80 36 283
80 37 281
80 38 354
80 39 408
80 40 265
80 41 496
80 42 438
80 43 342
80 44 473
80 45 464
80 46 463
80 47 290
80 48 384
80 49 409
80 50 402
80 51 493
80 52 268
80 53 453
80 54 255
80 55 396
80 56 253
80 57 359
80 58 364
80 59 487
80 60 370
80 61 463
80 62 444
80 63 385
80 64 483
80 65 467
80 66 407
80 67 414
80 68 313
80 69 355
80 70 301
80 71 477
80 72 408
80 73 410
80 74 477
80 75 321
80 76 463
80 77 484
80 78 415
80 79 471
80 81 433
80 82 471
80 83 322
80 84 471
80 85 294
80 86 266
80 87 294
80 88 448
80 89 495
80 90 427
80 91 369
80 92 338
80 93 452
80 94 258
80 95 352
80 96 269
80 97 433
80 98 305
80 99 257
81 1 492
81 2 479
81 3 268
81 4 394
81 5 477
81 6 475
81 7 335
81 8 418
81 9 361
81 10 331
81 11 272
81 12 269
81 13 350
81 14 336
81 15 284
81 16 467
81 17 309
81 18 338
81 19 301
81 20 419
81 21 484
81 22 496
81 23 306
81 24 313
81 25 349
81 26 414
81 27 480
81 28 490
81 29 451
81 30 437
81 31 417
81 32 366
81 33 375
81 34 307
81 35 414
81 36 477
81 37 474
81 38 262
81 39 478
81 40 274
81 41 255
81 42 301
81 43 251
81 44 312
81 45 341
81 46 331
81 47 307
81 48 411
81 49 334
81 50 423
81 51 375
81 52 426
81 53 456
81 54 376
81 55 442
81 56 476
81 57 362
81 58 439
81 59 292
81 60 471
81 61 312
81 62 350
81 63 262
81 64 389
81 65 313
81 66 424
81 67 325
81 68 491
81 69 261
81 70 403
81 71 299
81 72 344
81 73 452
81 74 303
81 75 454
81 76 406
81 77 319
81 78 409
81 79 409
81 80 433
81 82 370
81 83 368
81 84 269
81 85 276
81 86 304
81 87 275
81 88 465
81 89 389
81 90 355
81 91 408
81 92 340
81 93 368
81 94 360
81 95 495
81 96 322
81 97 316
81 98 272
81 99 488
82 1 478
82 2 324
82 3 389
82 4 454
82 5 429
82 6 305
82 7 437
82 8 314
82 9 335
82 10 463
82 11 348
82 12 271
82 13 376
82 14 311
82 15 326
82 16 312
82 17 424
82 18 384
82 19 382
82 20 399
82 21 451
82 22 499
82 23 319
82 24 441
82 25 474
82 26 436
82 27 459
82 28 410
82 29 476
82 30 482
82 31 438
82 32 342
82 33 310
82 34 289
82 35 386
82 36 320
82 37 471
82 38 272
82 39 454
82 40 374
82 41 390
82 42 478
82 43 439
82 44 457
82 45 485
82 46 300
82 47 385
82 48 401
82 49 441
82 50 382
82 51 351
82 52 416
82 53 448
82 54 371
82 55 359
82 56 426
82 57 312
82 58 485
82 59 375
82 60 268
82 61 290
82 62 464
82 63 475
82 64 369
82 65 252
82 66 400
82 67 388
82 68 444
82 69 370
82 70 413
82 71 310
82 72 330
82 73 349
82 74 280
82 75 428
82 76 306
82 77 370
82 78 475
82 79 474
82 80 471
82 81 370
82 83 345
82 84 372
82 85 368
82 86 276
82 87 436
82 88 419
82 89 482
82 90 363
82 91 448
82 92 459
82 93 439
82 94 402
82 95 309
82 96 465
82 97 323
82 98 265
82 99 434
83 1 452
83 2 486
83 3 460
83 4 335
83 5 477
83 6 380
83 7 368
83 8 459
83 9 490
83 10 467
83 11 300
83 12 275
83 13 360
83 14 477
83 15 407
83 16 365
83 17 295
83 18 296
83 19 368
83 20 401
83 21 369
83 22 449
83 23 262
83 24 385
83 25 255
83 26 269
83 27 425
83 28 344
83 29 405
83 30 450
83 31 278
83 32 343
83 33 389
83 34 445
83 35 410
83 36 298
83 37 266
83 38 262
83 39 310
83 40 309
83 41 289
83 42 346
83 43 388
83 44 411
83 45 347
83 46 416
83 47 433
83 48 268
83 49 489
83 50 480
83 51 393
83 52 265
83 53 357
83 54 302
83 55 287
83 56 427
83 57 466
83 58 345
83 59 436
83 60 417
83 61 354
83 62 274
83 63 291
83 64 363
83 65 272
83 66 366
83 67 327
83 68 495
83 69 481
83 70 335
83 71 424
83 72 429
83 73 269
83 74 256
83 75 405
83 76 468
83 77 387
83 78 452
83 79 305
83 80 322
83 81 368
83 82 345
83 84 393
83 85 343
83 86 495
83 87 466
83 88 310
83 89 396
83 90 479
83 91 349
83 92 453
83 93 493
83 94 269
83 95 474
83 96 260
83 97 278
83 98 431
83 99 378
84 1 285
84 2 369
84 3 476
84 4 284
84 5 463
84 6 351
84 7 353
84 8 408
84 9 390
84 10 272
84 11 472
84 12 300
84 13 441
84 14 379
84 15 395
84 16 419
84 17 330
84 18 266
84 19 271
84 20 314
84 21 472
84 22 442
84 23 446
84 24 282
84 25 468
84 26 490
84 27 329
84 28 316
84 29 313
84 30 416
84 31 442
84 32 266
84 33 258
84 34 456
84 35 368
84 36 377
84 37 400
84 38 464
84 39 458
84 40 436
84 41 361
84 42 304
84 43 341
84 44 448
84 45 465
84 46 306
84 47 259
84 48 465
84 49 373
84 50 300
84 51 301
84 52 473
84 53 357
84 54 457
84 55 294
84 56 376
84 57 269
84 58 309
84 59 279
84 60 396
84 61 344
84 62 489
84 63 448
84 64 281
84 65 416
84 66 266
84 67 483
84 68 387
84 69 309
84 70 439
84 71 351
84 72 319
84 73 322
84 74 442
84 75 335
84 76 479
84 77 255
84 78 310
84 79 346
84 80 471
84 81 269
84 82 372
84 83 393
84 85 286
84 86 396
84 87 255
84 88 308
84 89 325
84 90 491
84 91 286
84 92 380
84 93 346
84 94 375
84 95 343
84 96 331
84 97 296
84 98 437
84 99 260
85 1 318
85 2 483
85 3 314
85 4 341
85 5 454
85 6 366
85 7 499
85 8 488
85 9 456
85 10 401
85 11 482
85 12 372
85 13 340
85 14 266
85 15 265
85 16 493
85 17 499
85 18 471
85 19 383
85 20 486
85 21 298
85 22 477
85 23 290
85 24 276
85 25 404
85 26 308
85 27 365
85 28 395
85 29 360
85 30 361
85 31 370
85 32 368
85 33 370
85 34 323
85 35 288
85 36 424
85 37 403
85 38 487
85 39 405
85 40 264
85 41 416
85 42 300
85 43 438
85 44 356
85 45 381
85 46 279
85 47 412
85 48 355
85 49 304
85 50 315
85 51 360
85 52 370
85 53 423
85 54 355
85 55 448
85 56 286
85 57 254
85 58 441
85 59 333
85 60 271
85 61 416
85 62 486
85 63 419
85 64 424
85 65 353
85 66 455
85 67 435
85 68 275
85 69 326
85 70 344
85 71 280
85 72 319
85 73 441
85 74 398
85 75 277
85 76 456
85 77 302
85 78 286
85 79 401
85 80 294
85 81 276
85 82 368
85 83 343
85 84 286
85 86 408
85 87 357
85 88 276
85 89 403
85 90 441
85 91 341
85 92 348
85 93 374
85 94 364
85 95 436
85 96 324
85 97 390
85 98 365
85 99 304
86 1 377
86 2 466
86 3 416
86 4 342
86 5 434
86 6 316
86 7 320
86 8 369
86 9 276
86 10 283
86 11 251
86 12 277
86 13 418
86 14 403
86 15 437
86 16 455
86 17 461
86 18 390
86 19 352
86 20 330
86 21 496
86 22 407
86 23 472
86 24 432
86 25 436
86 26 497
86 27 383
86 28 305
86 29 313
86 30 250
86 31 397
86 32 358
86 33 311
86 34 461
86 35 473
86 36 343
86 37 482
86 38 357
86 39 265
86 40 386
86 41 256
86 42 421
86 43 338
86 44 258
86 45 432
86 46 337
86 47 354
86 48 373
86 49 363
86 50 449
86 51 378
86 52 489
86 53 378
86 54 411
86 55 306
86 56 484
86 57 360
86 58 431
86 59 433
86 60 435
86 61 317
86 62 377
86 63 388
86 64 275
86 65 281
86 66 382
86 67 351
86 68 462
86 69 491
86 70 411
86 71 347
86 72 341
86 73 302
86 74 385
86 75 370
86 76 403
86 77 314
86 78 388
86 79 320
86 80 266
86 81 304
86 82 276
86 83 495
86 84 396
86 85 408
86 87 371
86 88 252
86 89 260
86 90 478
86 91 291
86 92 461
86 93 355
86 94 291
86 95 406
86 96 361
86 97 274
86 98 373
86 99 383
87 1 476
87 2 353
87 3 361
87 4 389
87 5 381
87 6 366
87 7 305
87 8 473
87 9 372
87 10 265
87 11 281
87 12 385
87 13 415
87 14 363
87 15 338
87 16 332
87 17 476
87 18 332
87 19 423
87 20 467
87 21 268
87 22 423
87 23 400
87 24 287
87 25 457
87 26 358
87 27 294
87 28 498
87 29 259
87 30 391
87 31 265
87 32 500
87 33 381
87 34 262
87 35 309
87 36 296
87 37 478
87 38 461
87 39 471
87 40 296
87 41 414
87 42 336
87 43 449
87 44 281
87 45 292
87 46 368
87 47 431
87 48 256
87 49 285
87 50 308
87 51 356
87 52 288
87 53 328
87 54 487
87 55 446
87 56 302
87 57 402
87 58 268
87 59 282
87 60 297
87 61 406
87 62 384
87 63 460
87 64 466
87 65 415
87 66 417
87 67 340
87 68 288
87 69 397
87 70 377
87 71 477
87 72 345
87 73 431
87 74 342
87 75 361
87 76 423
87 77 469
87 78 301
87 79 271
87 80 294
87 81 275
87 82 436
87 83 466
87 84 255
87 85 357
87 86 371
87 88 461
87 89 250
87 90 427
87 91 306
87 92 489
87 93 362
87 94 357
87 95 408
87 96 262
87 97 414
87 98 434
87 99 483
88 1 251
88 2 468
88 3 320
88 4 291
88 5 453
88 6 437
88 7 485
88 8 475
88 9 382
88 10 250
88 11 392
88 12 414
88 13 380
88 14 453
88 15 252
88 16 278
88 17 319
88 18 322
88 19 391
88 20 462
88 21 474
88 22 265
88 23 312
88 24 491
88 25 358
88 26 348
88 27 391
88 28 274
88 29 371
88 30 389
88 31 294
88 32 298
88 33 341
88 34 393
88 35 431
88 36 288
88 37 284
88 38 482
88 39 274
88 40 372
88 41 358
88 42 464
88 43 323
88 44 399
88 45 454
88 46 319
88 47 477
88 48 386
88 49 346
88 50 373
88 51 448
88 52 418
88 53 346
88 54 430
88 55 471
88 56 272
88 57 326
88 58 257
88 59 406
88 60 447
88 61 343
88 62 490
88 63 319
88 64 278
88 65 399
88 66 333
88 67 346
88 68 464
88 69 466
88 70 433
88 71 489
88 72 307
88 73 439
88 74 269
88 75 491
88 76 323
88 77 255
88 78 341
88 79 433
88 80 448
88 81 465
88 82 419
88 83 310
88 84 308
88 85 276
88 86 252
88 87 461
88 89 278
88 90 375
88 91 327
88 92 468
88 93 462
88 94 407
88 95 439
88 96 491
88 97 288
88 98 474
88 99 402
89 1 319
89 2 258
89 3 489
89 4 376
89 5 352
89 6 330
89 7 494
89 8 324
89 9 319
89 10 439
89 11 269
89 12 299
89 13 492
89 14 485
89 15 344
89 16 408
89 17 432
89 18 495
89 19 413
89 20 274
89 21 321
89 22 441
89 23 298
89 24 394
89 25 325
89 26 336
89 27 478
89 28 263
89 29 311
89 30 398
89 31 470
89 32 420
89 33 458
89 34 361
89 35 293
89 36 415
89 37 453
89 38 449
89 39 303
89 40 446
89 41 354
89 42 336
89 43 350
89 44 391
89 45 428
89 46 399
89 47 327
89 48 286
89 49 363
89 50 360
89 51 357
89 52 435
89 53 429
89 54 363
89 55 467
89 56 441
89 57 421
89 58 326
89 59 370
89 60 420
89 61 287
89 62 456
89 63 269
89 64 476
89 65 297
89 66 415
89 67 472
89 68 438
89 69 302
89 70 417
89 71 369
89 72 465
89 73 264
89 74 293
89 75 485
89 76 326
89 77 489
89 78 423
89 79 446
89 80 495
89 81 389
89 82 482
89 83 396
89 84 325
89 85 403
89 86 260
89 87 250
89 88 278
89 90 254
89 91 431
89 92 327
89 93 306
89 94 465
89 95 286
89 96 372
89 97 462
89 98 301
89 99 418
90 1 258
90 2 352
90 3 400
90 4 432
90 5 308
90 6 387
90 7 421
90 8 319
90 9 391
90 10 479
90 11 395
90 12 353
90 13 294
90 14 335
90 15 345
90 16 500
90 17 391
90 18 398
90 19 415
90 20 359
90 21 379
90 22 276
90 23 404
90 24 316
90 25 443
90 26 365
90 27 460
90 28 485
90 29 354
90 30 399
90 31 283
90 32 460
90 33 357
90 34 311
90 35 407
90 36 360
90 37 377
90 38 301
90 39 260
90 40 256
90 41 350
90 42 437
90 43 429
90 44 338
90 45 348
90 46 438
90 47 391
90 48 283
90 49 457
90 50 402
90 51 322
90 52 449
90 53 433
90 54 341
90 55 347
90 56 382
90 57 413
90 58 427
90 59 398
90 60 454
90 61 452
90 62 414
90 63 272
90 64 315
90 65 384
90 66 276
90 67 454
90 68 373
90 69 317
90 70 374
90 71 446
90 72 253
90 73 291
90 74 253
90 75 314
90 76 453
90 77 366
90 78 372
90 79 279
90 80 427
90 81 355
90 82 363
90 83 479
90 84 491
90 85 441
90 86 478
90 87 427
90 88 375
90 89 254
90 91 437
90 92 340
90 93 481
90 94 404
90 95 338
90 96 399
90 97 479
90 98 335
90 99 389
91 1 361
91 2 423
91 3 334
91 4 403
91 5 256
91 6 479
91 7 366
91 8 476
91 9 482
91 10 462
91 11 443
91 12 308
91 13 405
91 14 458
91 15 442
91 16 498
91 17 475
91 18 475
91 19 283
91 20 484
91 21 279
91 22 271
91 23 411
91 24 348
91 25 271
91 26 479
91 27 275
91 28 347
91 29 460
91 30 341
91 31 352
91 32 408
91 33 360
91 34 261
91 35 346
91 36 498
91 37 267
91 38 449
91 39 373
91 40 401
91 41 313
91 42 365
91 43 329
91 44 475
91 45 344
91 46 352
91 47 281
91 48 464
91 49 498
91 50 302
91 51 365
91 52 407
91 53 265
91 54 369
91 55 426
91 56 425
91 57 436
91 58 399
91 59 335
91 60 313
91 61 259
91 62 309
91 63 252
91 64 297
91 65 309
91 66 271
91 67 408
91 68 350
91 69 363
91 70 261
91 71 278
91 72 446
91 73 332
91 74 490
91 75 392
91 76 304
91 77 285
91 78 278
91 79 280
91 80 369
91 81 408
91 82 448
91 83 349
91 84 286
91 85 341
91 86 291
91 87 306
91 88 327
91 89 431
91 90 437
91 92 376
91 93 255
91 94 302
91 95 415
91 96 479
91 97 392
91 98 260
91 99 262
92 1 275
92 2 459
92 3 485
92 4 476
92 5 465
92 6 300
92 7 297
92 8 322
92 9 480
92 10 470
92 11 390
92 12 499
92 13 483
92 14 429
92 15 295
92 16 424
92 17 416
92 18 315
92 19 447
92 20 320
92 21 329
92 22 404
92 23 499
92 24 471
92 25 419
92 26 332
92 27 319
92 28 424
92 29 291
92 30 306
92 31 471
92 32 357
92 33 417
92 34 464
92 35 267
92 36 349
92 37 440
92 38 363
92 39 262
92 40 452
92 41 251
92 42 313
92 43 251
92 44 397
92 45 263
92 46 409
92 47 270
92 48 376
92 49 410
92 50 377
92 51 392
92 52 470
92 53 284
92 54 306
92 55 424
92 56 300
92 57 256
92 58 331
92 59 406
92 60 365
92 61 250
92 62 490
92 63 420
92 64 426
92 65 277
92 66 305
92 67 440
92 68 298
92 69 387
92 70 285
92 71 435
92 72 436
92 73 277
92 74 411
92 75 310
92 76 446
92 77 257
92 78 443
92 79 483
92 80 338
92 81 340
92 82 459
92 83 453
92 84 380
92 85 348
92 86 461
92 87 489
92 88 468
92 89 327
92 90 340
92 91 376
92 93 289
92 94 434
92 95 436
92 96 328
92 97 374
92 98 363
92 99 473
93 1 354
93 2 365
93 3 462
93 4 333
93 5 459
93 6 263
93 7 431
93 8 453
93 9 276
93 10 409
93 11 416
93 12 434
93 13 307
93 14 382
93 15 498
93 16 273
93 17 456
93 18 369
93 19 256
93 20 370
93 21 260
93 22 367
93 23 439
93 24 254
93 25 272
93 26 431
93 27 432
93 28 333
93 29 429
93 30 384
93 31 393
93 32 352
93 33 307
93 34 344
93 35 496
93 36 310
93 37 351
93 38 257
93 39 485
93 40 406
93 41 321
93 42 383
93 43 353
93 44 311
93 45 419
93 46 439
93 47 458
93 48 284
93 49 367
93 50 347
93 51 276
93 52 450
93 53 368
93 54 456
93 55 418
93 56 402
93 57 278
93 58 266
93 59 274
93 60 405
93 61 337
93 62 397
93 63 424
93 64 428
93 65 321
93 66 409
93 67 377
93 68 288
93 69 347
93 70 363
93 71 292
93 72 300
93 73 495
93 74 478
93 75 381
93 76 448
93 77 432
93 78 459
93 79 362
93 80 452
93 81 368
93 82 439
93 83 493
93 84 346
93 85 374
93 86 355
93 87 362
93 88 462
93 89 306
93 90 481
93 91 255
93 92 289
93 94 431
93 95 262
93 96 377
93 97 397
93 98 465
93 99 392
94 1 301
94 2 303
94 3 412
94 4 345
94 5 365
94 6 387
94 7 470
94 8 336
94 9 398
94 10 344
94 11 419
94 12 402
94 13 287
94 14 412
94 15 396
94 16 360
94 17 377
94 18 422
94 19 448
94 20 433
94 21 475
94 22 366
94 23 416
94 24 300
94 25 322
94 26 359
94 27 310
94 28 344
94 29 417
94 30 476
94 31 261
94 32 366
94 33 355
94 34 296
94 35 307
94 36 398
94 37 414
94 38 281
94 39 441
94 40 313
94 41 301
94 42 267
94 43 484
94 44 279
94 45 426
94 46 323
94 47 337
94 48 494
94 49 398
94 50 283
94 51 429
94 52 402
94 53 275
94 54 352
94 55 335
94 56 296
94 57 402
94 58 400
94 59 485
94 60 273
94 61 268
94 62 499
94 63 477
94 64 386
94 65 374
94 66 374
94 67 469
94 68 433
94 69 394
94 70 306
94 71 343
94 72 419
94 73 427
94 74 323
94 75 435
94 76 387
94 77 348
94 78 488
94 79 420
94 80 258
94 81 360
94 82 402
94 83 269
94 84 375
94 85 364
94 86 291
94 87 357
94 88 407
94 89 465
94 90 404
94 91 302
94 92 434
94 93 431
94 95 288
94 96 264
94 97 307
94 98 284
94 99 418
95 1 431
95 2 450
95 3 374
95 4 443
95 5 337
95 6 438
95 7 294
95 8 263
95 9 281
95 10 390
95 11 278
95 12 281
95 13 259
95 14 465
95 15 463
95 16 431
95 17 279
95 18 452
95 19 429
95 20 500
95 21 483
95 22 443
95 23 336
95 24 470
95 25 344
95 26 288
95 27 375
95 28 471
95 29 362
95 30 430
95 31 426
95 32 256
95 33 425
95 34 410
95 35 291
95 36 464
95 37 389
95 38 468
95 39 278
95 40 312
95 41 452
95 42 340
95 43 480
95 44 256
95 45 384
95 46 394
95 47 498
95 48 498
95 49 358
95 50 252
95 51 482
95 52 414
95 53 281
95 54 346
95 55 468
95 56 396
95 57 344
95 58 370
95 59 438
95 60 375
95 61 398
95 62 396
95 63 262
95 64 386
95 65 401
95 66 377
95 67 285
95 68 448
95 69 298
95 70 387
95 71 350
95 72 261
95 73 358
95 74 284
95 75 374
95 76 417
95 77 402
95 78 495
95 79 445
95 80 352
95 81 495
95 82 309
95 83 474
95 84 343
95 85 436
95 86 406
95 87 408
95 88 439
95 89 286
95 90 338
95 91 415
95 92 436
95 93 262
95 94 288
95 96 316
95 97 308
95 98 271
95 99 457
96 1 325
96 2 330
96 3 353
96 4 354
96 5 254
96 6 435
96 7 334
96 8 433
96 9 365
96 10 336
96 11 418
96 12 336
96 13 453
96 14 398
96 15 330
96 16 453
96 17 481
96 18 344
96 19 422
96 20 421
96 21 480
96 22 340
96 23 406
96 24 435
96 25 398
96 26 338
96 27 360
96 28 456
96 29 458
96 30 401
96 31 490
96 32 386
96 33 276
96 34 457
96 35 379
96 36 354
96 37 329
96 38 378
96 39 277
96 40 286
96 41 434
96 42 289
96 43 272
96 44 440
96 45 371
96 46 299
96 47 476
96 48 470
96 49 278
96 50 420
96 51 310
96 52 483
96 53 338
96 54 442
96 55 424
96 56 436
96 57 328
96 58 286
96 59 472
96 60 457
96 61 411
96 62 320
96 63 421
96 64 403
96 65 404
96 66 352
96 67 337
96 68 288
96 69 434
96 70 477
96 71 416
96 72 492
96 73 278
96 74 331
96 75 366
96 76 283
96 77 290
96 78 309
96 79 284
96 80 269
96 81 322
96 82 465
96 83 260
96 84 331
96 85 324
96 86 361
96 87 262
96 88 491
96 89 372
96 90 399
96 91 479
96 92 328
96 93 377
96 94 264
96 95 316
96 97 251
96 98 349
96 99 319
97 1 438
97 2 484
97 3 483
97 4 410
97 5 470
97 6 354
97 7 410
97 8 440
97 9 320
97 10 322
97 11 343
97 12 292
97 13 474
97 14 414
97 15 440
97 16 354
97 17 275
97 18 346
97 19 254
97 20 320
97 21 274
97 22 447
97 23 497
97 24 292
97 25 335
97 26 455
97 27 307
97 28 372
97 29 360
97 30 411
97 31 273
97 32 374
97 33 305
97 34 375
97 35 302
97 36 455
97 37 495
97 38 293
97 39 310
97 40 420
97 41 370
97 42 258
97 43 260
97 44 279
97 45 425
97 46 259
97 47 419
97 48 314
97 49 361
97 50 344
97 51 377
97 52 318
97 53 435
97 54 392
97 55 345
97 56 441
97 57 448
97 58 350
97 59 426
97 60 281
97 61 298
97 62 285
97 63 429
97 64 294
97 65 445
97 66 485
97 67 311
97 68 414
97 69 390
97 70 349
97 71 323
97 72 500
97 73 445
97 74 457
97 75 498
97 76 437
97 77 385
97 78 419
97 79 482
97 80 433
97 81 316
97 82 323
97 83 278
97 84 296
97 85 390
97 86 274
97 87 414
97 88 288
97 89 462
97 90 479
97 91 392
97 92 374
97 93 397
97 94 307
97 95 308
97 96 251
97 98 341
97 99 474
98 1 424
98 2 394
98 3 362
98 4 279
98 5 484
98 6 377
98 7 441
98 8 262
98 9 404
98 10 265
98 11 315
98 12 373
98 13 271
98 14 320
98 15 333
98 16 299
98 17 377
98 18 256
98 19 443
98 20 380
98 21 426
98 22 272
98 23 263
98 24 382
98 25 386
98 26 340
98 27 359
98 28 496
98 29 351
98 30 362
98 31 372
98 32 264
98 33 476
98 34 423
98 35 306
98 36 481
98 37 381
98 38 275
98 39 350
98 40 487
98 41 325
98 42 323
98 43 327
98 44 421
98 45 400
98 46 419
98 47 309
98 48 314
98 49 264
98 50 354
98 51 472
98 52 489
98 53 301
98 54 292
98 55 486
98 56 355
98 57 483
98 58 429
98 59 287
98 60 423
98 61 454
98 62 251
98 63 363
98 64 344
98 65 389
98 66 376
98 67 446
98 68 270
98 69 392
98 70 275
98 71 383
98 72 369
98 73 336
98 74 487
98 75 368
98 76 279
98 77 331
98 78 374
98 79 391
98 80 305
98 81 272
98 82 265
98 83 431
98 84 437
98 85 365
98 86 373
98 87 434
98 88 474
98 89 301
98 90 335
98 91 260
98 92 363
98 93 465
98 94 284
98 95 271
98 96 349
98 97 341
98 99 436
1 t 342
2 t 411
3 t 380
4 t 307
5 t 410
6 t 259
7 t 427
8 t 428
9 t 465
10 t 352
11 t 433
12 t 270
13 t 462
14 t 334
15 t 313
16 t 453
17 t 488
18 t 470
19 t 424
20 t 286
21 t 316
22 t 271
23 t 411
24 t 435
25 t 277
26 t 436
27 t 495
28 t 396
29 t 387
30 t 441
31 t 420
32 t 387
33 t 492
34 t 281
35 t 433
36 t 426
37 t 281
38 t 430
39 t 295
40 t 442
41 t 356
42 t 290
43 t 291
44 t 429
45 t 419
46 t 277
47 t 324
48 t 443
49 t 347
50 t 266
51 t 458
52 t 327
53 t 254
54 t 406
55 t 349
56 t 401
57 t 478
58 t 450
59 t 452
60 t 420
61 t 488
62 t 485
63 t 272
64 t 290
65 t 423
66 t 344
67 t 326
68 t 394
69 t 488
70 t 347
71 t 452
72 t 259
73 t 292
74 t 499
75 t 449
76 t 280
77 t 352
78 t 376
79 t 339
80 t 257
81 t 488
82 t 434
83 t 378
84 t 260
85 t 304
86 t 383
87 t 483
88 t 402
89 t 418
90 t 389
91 t 262
92 t 473
93 t 392
94 t 418
95 t 457
96 t 319
97 t 474
98 t 436
