s 1 94
s 2 174
s 3 53
s 4 133
s 5 116
s 6 133
s 7 238
s 8 231
s 9 107
s 10 179
s 11 149
s 12 222
s 13 112
s 14 104
s 15 193
s 16 99
s 17 84
s 18 58
s 19 183
s 20 167
s 21 157
s 22 166
s 23 168
s 24 190
s 25 129
s 26 243
s 27 239
s 28 101
s 29 241
s 30 150
s 31 199
s 32 233
s 33 226
s 34 222
s 35 149
s 36 147
s 37 184
s 38 208
s 39 196
s 40 184
s 41 115
s 42 155
s 43 77
s 44 186
s 45 239
s 46 202
s 47 249
s 48 121
s 49 215
s 50 84
s 51 70
s 52 228
s 53 133
s 54 136
s 55 188
s 56 163
s 57 156
s 58 180
s 59 109
s 60 77
s 61 227
s 62 148
s 63 204
s 64 168
s 65 238
s 66 201
s 67 232
s 68 86
s 69 240
s 70 195
s 71 220
s 72 131
s 73 80
s 74 159
s 75 181
s 76 68
s 77 185
s 78 109
s 79 239
s 80 108
s 81 213
s 82 149
s 83 196
s 84 166
s 85 149
s 86 69
s 87 213
s 88 169
s 89 194
s 90 86
s 91 122
s 92 208
s 93 113
s 94 101
s 95 241
s 96 212
s 97 233
s 98 151
s 99 186
1 2 103
1 3 173
1 4 106
1 5 75
1 6 227
1 7 210
1 8 162
1 9 96
1 10 210
1 11 73
1 12 99
1 13 234
1 14 130
1 15 117
1 16 50
1 17 190
1 18 99
1 19 141
1 20 125
1 21 241
1 22 110
1 23 208
1 24 239
1 25 65
1 26 76
1 27 70
1 28 62
1 29 61
1 30 215
1 31 109
1 32 138
1 33 235
1 34 224
1 35 176
1 36 193
1 37 250
1 38 156
1 39 96
1 40 219
1 41 184
1 42 222
1 43 246
1 44 102
1 45 146
1 46 155
1 47 117
1 48 129
1 49 222
1 50 98
1 51 181
1 52 238
1 53 199
1 54 170
1 55 195
1 56 148
1 57 200
1 58 201
1 59 247
1 60 165
1 61 82
1 62 77
1 63 53
1 64 235
1 65 235
1 66 217
1 67 178
1 68 142
1 69 63
1 70 163
1 71 230
1 72 242
1 73 60
1 74 108
1 75 205
1 76 86
1 77 243
1 78 242
1 79 136
1 80 143
1 81 183
1 82 62
1 83 118
1 84 219
1 85 142
1 86 103
1 87 146
1 88 189
1 89 211
1 90 74
1 91 194
1 92 123
1 93 56
1 94 92
1 95 147
1 96 93
1 97 179
1 98 178
1 99 181
2 1 103
2 3 142
2 4 68
2 5 212
2 6 196
2 7 185
2 8 115
2 9 193
2 10 106
2 11 230
2 12 145
2 13 234
2 14 85
2 15 102
2 16 132
2 17 58
2 18 94
2 19 148
2 20 63
2 21 105
2 22 175
2 23 85
2 24 216
2 25 190
2 26 234
2 27 226
2 28 147
2 29 105
2 30 62
2 31 201
2 32 73
2 33 91
2 34 180
2 35 209
2 36 123
2 37 55
2 38 105
2 39 204
2 40 129
2 41 187
2 42 148
2 43 91
2 44 60
2 45 101
2 46 80
2 47 246
2 48 85
2 49 59
2 50 138
2 51 179
2 52 123
2 53 67
2 54 162
2 55 100
2 56 129
2 57 154
2 58 160
2 59 50
2 60 191
2 61 90
2 62 210
2 63 176
2 64 213
2 65 193
2 66 226
2 67 77
2 68 240
2 69 198
2 70 150
2 71 70
2 72 227
2 73 115
2 74 240
2 75 174
2 76 163
2 77 100
2 78 114
2 79 66
2 80 110
2 81 102
2 82 190
2 83 188
2 84 97
2 85 63
2 86 68
2 87 137
2 88 183
2 89 188
2 90 118
2 91 122
2 92 120
2 93 149
2 94 186
2 95 194
2 96 230
2 97 225
2 98 175
2 99 159
3 1 173
3 2 142
3 4 123
3 5 154
3 6 91
3 7 116
3 8 238
3 9 190
3 10 248
3 11 88
3 12 84
3 13 116
3 14 248
3 15 188
3 16 118
3 17 131
3 18 149
3 19 230
3 20 85
3 21 228
3 22 72
3 23 233
3 24 162
3 25 220
3 26 173
3 27 242
3 28 222
3 29 108
3 30 175
3 31 57
3 32 58
3 33 238
3 34 233
3 35 212
3 36 227
3 37 158
3 38 183
3 39 188
3 40 90
3 41 182
3 42 203
3 43 152
3 44 220
3 45 229
3 46 57
3 47 191
3 48 61
3 49 71
3 50 51
3 51 191
3 52 94
3 53 207
3 54 163
3 55 124
3 56 231
3 57 158
3 58 212
3 59 165
3 60 102
3 61 152
3 62 85
3 63 142
3 64 153
3 65 81
3 66 132
3 67 70
3 68 148
3 69 160
3 70 167
3 71 124
3 72 109
3 73 149
3 74 84
3 75 249
3 76 244
3 77 64
3 78 199
3 79 181
3 80 180
3 81 140
3 82 127
3 83 153
3 84 179
3 85 213
3 86 116
3 87 148
3 88 87
3 89 159
3 90 223
3 91 95
3 92 198
3 93 208
3 94 209
3 95 191
3 96 178
3 97 94
3 98 63
3 99 203
4 1 106
4 2 68
4 3 123
4 5 192
4 6 189
4 7 110
4 8 240
4 9 145
4 10 157
4 11 128
4 12 220
4 13 180
4 14 218
4 15 228
4 16 67
4 17 143
4 18 77
4 19 229
4 20 89
4 21 108
4 22 190
4 23 227
4 24 215
4 25 108
4 26 226
4 27 122
4 28 78
4 29 231
4 30 106
4 31 102
4 32 131
4 33 209
4 34 131
4 35 223
4 36 67
4 37 124
4 38 239
4 39 207
4 40 245
4 41 171
4 42 204
4 43 94
4 44 210
4 45 238
4 46 61
4 47 190
4 48 76
4 49 105
4 50 220
4 51 246
4 52 193
4 53 243
4 54 236
4 55 114
4 56 73
4 57 159
4 58 204
4 59 147
4 60 110
4 61 162
4 62 95
4 63 93
4 64 142
4 65 141
4 66 95
4 67 80
4 68 244
4 69 249
4 70 172
4 71 233
4 72 209
4 73 197
4 74 96
4 75 225
4 76 52
4 77 60
4 78 173
4 79 215
4 80 173
4 81 197
4 82 146
4 83 236
4 84 220
4 85 128
4 86 240
4 87 196
4 88 92
4 89 209
4 90 51
4 91 50
4 92 99
4 93 203
4 94 189
4 95 67
4 96 244
4 97 129
4 98 98
4 99 106
5 1 75
5 2 212
5 3 154
5 4 192
5 6 168
5 7 60
5 8 205
5 9 106
5 10 218
5 11 200
5 12 171
5 13 50
5 14 153
5 15 228
5 16 50
5 17 228
5 18 228
5 19 231
5 20 217
5 21 98
5 22 72
5 23 60
5 24 121
5 25 131
5 26 134
5 27 54
5 28 213
5 29 159
5 30 140
5 31 57
5 32 55
5 33 64
5 34 86
5 35 161
5 36 132
5 37 115
5 38 98
5 39 86
5 40 104
5 41 101
5 42 171
5 43 237
5 44 175
5 45 243
5 46 120
5 47 119
5 48 247
5 49 69
5 50 85
5 51 200
5 52 179
5 53 109
5 54 149
5 55 212
5 56 242
5 57 226
5 58 247
5 59 250
5 60 165
5 61 191
5 62 140
5 63 230
5 64 102
5 65 71
5 66 160
5 67 130
5 68 120
5 69 130
5 70 127
5 71 146
5 72 217
5 73 175
5 74 72
5 75 61
5 76 186
5 77 163
5 78 90
5 79 196
5 80 141
5 81 129
5 82 225
5 83 179
5 84 66
5 85 246
5 86 224
5 87 226
5 88 107
5 89 165
5 90 97
5 91 142
5 92 162
5 93 128
5 94 62
5 95 159
5 96 197
5 97 114
5 98 110
5 99 240
6 1 227
6 2 196
6 3 91
6 4 189
6 5 168
6 7 174
6 8 98
6 9 170
6 10 198
6 11 56
6 12 136
6 13 115
6 14 123
6 15 90
6 16 53
6 17 92
6 18 133
6 19 184
6 20 194
6 21 178
6 22 79
6 23 73
6 24 131
6 25 209
6 26 132
6 27 50
6 28 55
6 29 172
6 30 167
6 31 63
6 32 101
6 33 114
6 34 230
6 35 180
6 36 100
6 37 219
6 38 91
6 39 230
6 40 92
6 41 108
6 42 63
6 43 81
6 44 190
6 45 52
6 46 127
6 47 105
6 48 133
6 49 222
6 50 219
6 51 172
6 52 146
6 53 133
6 54 100
6 55 62
6 56 164
6 57 180
6 58 221
6 59 204
6 60 241
6 61 173
6 62 104
6 63 151
6 64 232
6 65 158
6 66 99
6 67 169
6 68 109
6 69 139
6 70 227
6 71 147
6 72 52
6 73 212
6 74 126
6 75 78
6 76 163
6 77 225
6 78 171
6 79 110
6 80 81
6 81 91
6 82 109
6 83 197
6 84 247
6 85 107
6 86 236
6 87 155
6 88 114
6 89 197
6 90 141
6 91 250
6 92 233
6 93 227
6 94 127
6 95 227
6 96 232
6 97 119
6 98 204
6 99 103
7 1 210
7 2 185
7 3 116
7 4 110
7 5 60
7 6 174
7 8 183
7 9 249
7 10 90
7 11 84
7 12 118
7 13 104
7 14 67
7 15 126
7 16 213
7 17 108
7 18 194
7 19 168
7 20 74
7 21 149
7 22 148
7 23 130
7 24 101
7 25 196
7 26 228
7 27 101
7 28 112
7 29 131
7 30 108
7 31 114
7 32 64
7 33 88
7 34 231
7 35 65
7 36 217
7 37 159
7 38 231
7 39 232
7 40 115
7 41 60
7 42 94
7 43 80
7 44 203
7 45 116
7 46 171
7 47 129
7 48 113
7 49 127
7 50 156
7 51 52
7 52 162
7 53 168
7 54 143
7 55 131
7 56 215
7 57 83
7 58 128
7 59 230
7 60 98
7 61 137
7 62 138
7 63 185
7 64 53
7 65 113
7 66 243
7 67 83
7 68 119
7 69 196
7 70 216
7 71 183
7 72 144
7 73 150
7 74 111
7 75 221
7 76 150
7 77 129
7 78 219
7 79 75
7 80 71
7 81 195
7 82 223
7 83 224
7 84 148
7 85 155
7 86 207
7 87 185
7 88 238
7 89 201
7 90 199
7 91 234
7 92 113
7 93 239
7 94 83
7 95 123
7 96 95
7 97 166
7 98 65
7 99 113
8 1 162
8 2 115
8 3 238
8 4 240
8 5 205
8 6 98
8 7 183
8 9 121
8 10 250
8 11 124
8 12 93
8 13 137
8 14 178
8 15 218
8 16 208
8 17 243
8 18 107
8 19 206
8 20 63
8 21 182
8 22 152
8 23 135
8 24 159
8 25 206
8 26 134
8 27 151
8 28 165
8 29 240
8 30 83
8 31 179
8 32 186
8 33 58
8 34 200
8 35 106
8 36 101
8 37 112
8 38 107
8 39 156
8 40 202
8 41 86
8 42 180
8 43 181
8 44 151
8 45 182
8 46 150
8 47 59
8 48 165
8 49 190
8 50 221
8 51 140
8 52 152
8 53 147
8 54 94
8 55 235
8 56 121
8 57 206
8 58 93
8 59 50
8 60 132
8 61 133
8 62 64
8 63 185
8 64 81
8 65 90
8 66 166
8 67 243
8 68 238
8 69 230
8 70 63
8 71 125
8 72 109
8 73 61
8 74 91
8 75 103
8 76 59
8 77 174
8 78 159
8 79 125
8 80 192
8 81 64
8 82 100
8 83 114
8 84 183
8 85 150
8 86 99
8 87 222
8 88 145
8 89 172
8 90 60
8 91 157
8 92 154
8 93 65
8 94 92
8 95 181
8 96 169
8 97 181
8 98 191
8 99 61
9 1 96
9 2 193
9 3 190
9 4 145
9 5 106
9 6 170
9 7 249
9 8 121
9 10 99
9 11 164
9 12 64
9 13 137
9 14 133
9 15 169
9 16 87
9 17 175
9 18 215
9 19 100
9 20 115
9 21 238
9 22 158
9 23 220
9 24 150
9 25 121
9 26 228
9 27 232
9 28 85
9 29 172
9 30 106
9 31 201
9 32 192
9 33 184
9 34 206
9 35 172
9 36 216
9 37 133
9 38 61
9 39 173
9 40 226
9 41 161
9 42 155
9 43 89
9 44 182
9 45 222
9 46 233
9 47 132
9 48 198
9 49 74
9 50 245
9 51 233
9 52 161
9 53 205
9 54 99
9 55 158
9 56 121
9 57 79
9 58 99
9 59 73
9 60 125
9 61 81
9 62 207
9 63 160
9 64 87
9 65 194
9 66 149
9 67 90
9 68 149
9 69 227
9 70 119
9 71 144
9 72 202
9 73 160
9 74 200
9 75 104
9 76 76
9 77 87
9 78 128
9 79 85
9 80 144
9 81 249
9 82 225
9 83 103
9 84 226
9 85 86
9 86 92
9 87 225
9 88 154
9 89 55
9 90 145
9 91 91
9 92 138
9 93 224
9 94 142
9 95 52
9 96 169
9 97 249
9 98 142
9 99 134
10 1 210
10 2 106
10 3 248
10 4 157
10 5 218
10 6 198
10 7 90
10 8 250
10 9 99
10 11 156
10 12 126
10 13 132
10 14 63
10 15 227
10 16 132
10 17 77
10 18 88
10 19 237
10 20 202
10 21 198
10 22 215
10 23 133
10 24 130
10 25 95
10 26 53
10 27 212
10 28 176
10 29 247
10 30 212
10 31 87
10 32 197
10 33 55
10 34 76
10 35 239
10 36 84
10 37 240
10 38 210
10 39 91
10 40 121
10 41 223
10 42 186
10 43 207
10 44 193
10 45 62
10 46 217
10 47 166
10 48 174
10 49 123
10 50 104
10 51 97
10 52 214
10 53 207
10 54 187
10 55 190
10 56 162
10 57 58
10 58 105
10 59 166
10 60 139
10 61 163
10 62 79
10 63 172
10 64 217
10 65 149
10 66 151
10 67 64
10 68 107
10 69 78
10 70 89
10 71 109
10 72 166
10 73 172
10 74 192
10 75 220
10 76 147
10 77 240
10 78 163
10 79 246
10 80 226
10 81 154
10 82 243
10 83 182
10 84 101
10 85 126
10 86 104
10 87 116
10 88 107
10 89 128
10 90 154
10 91 100
10 92 76
10 93 209
10 94 136
10 95 159
10 96 235
10 97 172
10 98 217
10 99 159
11 1 73
11 2 230
11 3 88
11 4 128
11 5 200
11 6 56
11 7 84
11 8 124
11 9 164
11 10 156
11 12 222
11 13 223
11 14 67
11 15 77
11 16 250
11 17 108
11 18 180
11 19 56
11 20 90
11 21 169
11 22 219
11 23 86
11 24 123
11 25 182
11 26 212
11 27 81
11 28 158
11 29 141
11 30 157
11 31 190
11 32 224
11 33 208
11 34 201
11 35 225
11 36 237
11 37 75
11 38 198
11 39 246
11 40 218
11 41 231
11 42 79
11 43 134
11 44 122
11 45 245
11 46 83
11 47 159
11 48 96
11 49 58
11 50 176
11 51 110
11 52 114
11 53 86
11 54 165
11 55 107
11 56 100
11 57 222
11 58 62
11 59 209
11 60 206
11 61 194
11 62 143
11 63 140
11 64 215
11 65 226
11 66 81
11 67 241
11 68 156
11 69 134
11 70 193
11 71 240
11 72 178
11 73 238
11 74 104
11 75 188
11 76 239
11 77 210
11 78 114
11 79 69
11 80 83
11 81 204
11 82 97
11 83 108
11 84 129
11 85 131
11 86 91
11 87 117
11 88 73
11 89 178
11 90 118
11 91 181
11 92 93
11 93 110
11 94 134
11 95 61
11 96 149
11 97 138
11 98 101
11 99 155
12 1 99
12 2 145
12 3 84
12 4 220
12 5 171
12 6 136
12 7 118
12 8 93
12 9 64
12 10 126
12 11 222
12 13 103
12 14 127
12 15 250
12 16 84
12 17 171
12 18 185
12 19 99
12 20 101
12 21 206
12 22 250
12 23 116
12 24 174
12 25 111
12 26 160
12 27 94
12 28 238
12 29 122
12 30 111
12 31 56
12 32 223
12 33 82
12 34 68
12 35 238
12 36 145
12 37 228
12 38 181
12 39 119
12 40 154
12 41 164
12 42 199
12 43 222
12 44 87
12 45 239
12 46 123
12 47 87
12 48 101
12 49 60
12 50 132
12 51 188
12 52 192
12 53 72
12 54 244
12 55 149
12 56 223
12 57 69
12 58 232
12 59 216
12 60 146
12 61 139
12 62 193
12 63 134
12 64 218
12 65 250
12 66 78
12 67 230
12 68 210
12 69 82
12 70 205
12 71 187
12 72 207
12 73 126
12 74 151
12 75 131
12 76 157
12 77 241
12 78 88
12 79 81
12 80 143
12 81 164
12 82 229
12 83 100
12 84 196
12 85 58
12 86 246
12 87 98
12 88 189
12 89 176
12 90 249
12 91 224
12 92 221
12 93 147
12 94 225
12 95 134
12 96 149
12 97 59
12 98 55
12 99 152
13 1 234
13 2 234
13 3 116
13 4 180
13 5 50
13 6 115
13 7 104
13 8 137
13 9 137
13 10 132
13 11 223
13 12 103
13 14 231
13 15 146
13 16 144
13 17 81
13 18 53
13 19 127
13 20 115
13 21 185
13 22 217
13 23 141
13 24 78
13 25 180
13 26 166
13 27 180
13 28 193
13 29 105
13 30 201
13 31 158
13 32 67
13 33 247
13 34 145
13 35 113
13 36 173
13 37 185
13 38 180
13 39 162
13 40 94
13 41 100
13 42 110
13 43 204
13 44 236
13 45 61
13 46 213
13 47 97
13 48 152
13 49 58
13 50 170
13 51 246
13 52 171
13 53 181
13 54 59
13 55 78
13 56 155
13 57 55
13 58 110
13 59 247
13 60 231
13 61 168
13 62 221
13 63 181
13 64 54
13 65 196
13 66 93
13 67 244
13 68 145
13 69 159
13 70 206
13 71 219
13 72 65
13 73 235
13 74 155
13 75 235
13 76 102
13 77 249
13 78 144
13 79 160
13 80 244
13 81 207
13 82 244
13 83 189
13 84 78
13 85 92
13 86 173
13 87 58
13 88 157
13 89 150
13 90 101
13 91 66
13 92 108
13 93 241
13 94 61
13 95 148
13 96 217
13 97 221
13 98 232
13 99 158
14 1 130
14 2 85
14 3 248
14 4 218
14 5 153
14 6 123
14 7 67
14 8 178
14 9 133
14 10 63
14 11 67
14 12 127
14 13 231
14 15 199
14 16 110
14 17 227
14 18 248
14 19 138
14 20 55
14 21 152
14 22 152
14 23 233
14 24 231
14 25 60
14 26 50
14 27 52
14 28 223
14 29 92
14 30 146
14 31 235
14 32 138
14 33 123
14 34 89
14 35 160
14 36 52
14 37 109
14 38 233
14 39 61
14 40 229
14 41 126
14 42 171
14 43 57
14 44 137
14 45 74
14 46 66
14 47 164
14 48 223
14 49 98
14 50 249
14 51 212
14 52 224
14 53 198
14 54 188
14 55 180
14 56 115
14 57 194
14 58 96
14 59 182
14 60 195
14 61 50
14 62 128
14 63 131
14 64 226
14 65 127
14 66 163
14 67 136
14 68 180
14 69 228
14 70 59
14 71 117
14 72 148
14 73 66
14 74 137
14 75 105
14 76 199
14 77 61
14 78 222
14 79 231
14 80 238
14 81 138
14 82 167
14 83 52
14 84 103
14 85 175
14 86 123
14 87 85
14 88 231
14 89 91
14 90 93
14 91 78
14 92 199
14 93 145
14 94 166
14 95 193
14 96 162
14 97 208
14 98 120
14 99 199
15 1 117
15 2 102
15 3 188
15 4 228
15 5 228
15 6 90
15 7 126
15 8 218
15 9 169
15 10 227
15 11 77
15 12 250
15 13 146
15 14 199
15 16 232
15 17 213
15 18 163
15 19 244
15 20 250
15 21 127
15 22 233
15 23 243
15 24 210
15 25 69
15 26 68
15 27 69
15 28 89
15 29 199
15 30 224
15 31 165
15 32 98
15 33 219
15 34 209
15 35 78
15 36 127
15 37 125
15 38 242
15 39 62
15 40 55
15 41 156
15 42 250
15 43 216
15 44 197
15 45 194
15 46 210
15 47 100
15 48 99
15 49 90
15 50 207
15 51 219
15 52 139
15 53 230
15 54 59
15 55 138
15 56 112
15 57 158
15 58 149
15 59 147
15 60 118
15 61 102
15 62 189
15 63 181
15 64 115
15 65 230
15 66 217
15 67 59
15 68 146
15 69 125
15 70 120
15 71 230
15 72 84
15 73 109
15 74 65
15 75 85
15 76 236
15 77 242
15 78 128
15 79 165
15 80 105
15 81 221
15 82 184
15 83 124
15 84 110
15 85 149
15 86 53
15 87 74
15 88 189
15 89 228
15 90 71
15 91 202
15 92 126
15 93 111
15 94 65
15 95 86
15 96 56
15 97 197
15 98 140
15 99 172
16 1 50
16 2 132
16 3 118
16 4 67
16 5 50
16 6 53
16 7 213
16 8 208
16 9 87
16 10 132
16 11 250
16 12 84
16 13 144
16 14 110
16 15 232
16 17 154
16 18 243
16 19 232
16 20 54
16 21 233
16 22 144
16 23 86
16 24 99
16 25 125
16 26 212
16 27 59
16 28 78
16 29 241
16 30 88
16 31 121
16 32 103
16 33 127
16 34 138
16 35 240
16 36 232
16 37 148
16 38 157
16 39 180
16 40 117
16 41 70
16 42 205
16 43 65
16 44 126
16 45 83
16 46 104
16 47 228
16 48 98
16 49 199
16 50 243
16 51 193
16 52 215
16 53 146
16 54 131
16 55 103
16 56 64
16 57 172
16 58 162
16 59 188
16 60 102
16 61 130
16 62 145
16 63 178
16 64 106
16 65 124
16 66 231
16 67 138
16 68 215
16 69 115
16 70 247
16 71 249
16 72 203
16 73 189
16 74 54
16 75 94
16 76 148
16 77 121
16 78 65
16 79 123
16 80 56
16 81 132
16 82 134
16 83 247
16 84 223
16 85 117
16 86 52
16 87 209
16 88 105
16 89 74
16 90 93
16 91 216
16 92 154
16 93 207
16 94 176
16 95 249
16 96 237
16 97 142
16 98 58
16 99 59
17 1 190
17 2 58
17 3 131
17 4 143
17 5 228
17 6 92
17 7 108
17 8 243
17 9 175
17 10 77
17 11 108
17 12 171
17 13 81
17 14 227
17 15 213
17 16 154
17 18 241
17 19 63
17 20 98
17 21 121
17 22 133
17 23 165
17 24 96
17 25 182
17 26 111
17 27 125
17 28 86
17 29 79
17 30 63
17 31 97
17 32 215
17 33 116
17 34 77
17 35 173
17 36 183
17 37 231
17 38 191
17 39 88
17 40 68
17 41 154
17 42 162
17 43 103
17 44 68
17 45 172
17 46 193
17 47 91
17 48 186
17 49 104
17 50 164
17 51 246
17 52 54
17 53 78
17 54 221
17 55 234
17 56 148
17 57 64
17 58 152
17 59 237
17 60 194
17 61 75
17 62 99
17 63 245
17 64 165
17 65 181
17 66 119
17 67 139
17 68 141
17 69 202
17 70 70
17 71 157
17 72 79
17 73 66
17 74 232
17 75 106
17 76 114
17 77 198
17 78 60
17 79 200
17 80 158
17 81 191
17 82 212
17 83 216
17 84 115
17 85 142
17 86 170
17 87 64
17 88 85
17 89 171
17 90 250
17 91 57
17 92 159
17 93 121
17 94 141
17 95 249
17 96 103
17 97 143
17 98 104
17 99 198
18 1 99
18 2 94
18 3 149
18 4 77
18 5 228
18 6 133
18 7 194
18 8 107
18 9 215
18 10 88
18 11 180
18 12 185
18 13 53
18 14 248
18 15 163
18 16 243
18 17 241
18 19 186
18 20 96
18 21 238
18 22 83
18 23 135
18 24 240
18 25 135
18 26 79
18 27 101
18 28 97
18 29 143
18 30 90
18 31 130
18 32 199
18 33 112
18 34 106
18 35 118
18 36 219
18 37 210
18 38 145
18 39 250
18 40 55
18 41 205
18 42 163
18 43 127
18 44 208
18 45 195
18 46 216
18 47 137
18 48 168
18 49 238
18 50 217
18 51 129
18 52 195
18 53 98
18 54 201
18 55 156
18 56 249
18 57 68
18 58 196
18 59 196
18 60 90
18 61 156
18 62 138
18 63 90
18 64 134
18 65 132
18 66 193
18 67 148
18 68 122
18 69 96
18 70 233
18 71 228
18 72 236
18 73 227
18 74 181
18 75 245
18 76 90
18 77 103
18 78 135
18 79 78
18 80 72
18 81 76
18 82 74
18 83 102
18 84 65
18 85 160
18 86 245
18 87 133
18 88 58
18 89 132
18 90 142
18 91 213
18 92 115
18 93 93
18 94 154
18 95 75
18 96 216
18 97 203
18 98 165
18 99 106
19 1 141
19 2 148
19 3 230
19 4 229
19 5 231
19 6 184
19 7 168
19 8 206
19 9 100
19 10 237
19 11 56
19 12 99
19 13 127
19 14 138
19 15 244
19 16 232
19 17 63
19 18 186
19 20 187
19 21 106
19 22 68
19 23 57
19 24 177
19 25 63
19 26 53
19 27 93
19 28 175
19 29 190
19 30 221
19 31 205
19 32 119
19 33 81
19 34 212
19 35 185
19 36 172
19 37 136
19 38 124
19 39 92
19 40 166
19 41 218
19 42 133
19 43 226
19 44 163
19 45 170
19 46 114
19 47 86
19 48 76
19 49 107
19 50 177
19 51 65
19 52 66
19 53 148
19 54 200
19 55 95
19 56 86
19 57 204
19 58 177
19 59 67
19 60 82
19 61 189
19 62 203
19 63 87
19 64 75
19 65 249
19 66 69
19 67 183
19 68 100
19 69 221
19 70 194
19 71 125
19 72 76
19 73 237
19 74 193
19 75 67
19 76 105
19 77 134
19 78 197
19 79 180
19 80 237
19 81 108
19 82 66
19 83 223
19 84 210
19 85 160
19 86 164
19 87 179
19 88 192
19 89 128
19 90 222
19 91 67
19 92 123
19 93 64
19 94 52
19 95 156
19 96 173
19 97 239
19 98 109
19 99 129
20 1 125
20 2 63
20 3 85
20 4 89
20 5 217
20 6 194
20 7 74
20 8 63
20 9 115
20 10 202
20 11 90
20 12 101
20 13 115
20 14 55
20 15 250
20 16 54
20 17 98
20 18 96
20 19 187
20 21 171
20 22 215
20 23 226
20 24 230
20 25 225
20 26 85
20 27 50
20 28 67
20 29 187
20 30 152
20 31 120
20 32 221
20 33 52
20 34 238
20 35 148
20 36 249
20 37 236
20 38 226
20 39 194
20 40 91
20 41 93
20 42 118
20 43 220
20 44 75
20 45 89
20 46 98
20 47 214
20 48 91
20 49 227
20 50 132
20 51 120
20 52 178
20 53 151
20 54 240
20 55 222
20 56 210
20 57 176
20 58 217
20 59 153
20 60 180
20 61 215
20 62 212
20 63 101
20 64 161
20 65 74
20 66 120
20 67 73
20 68 87
20 69 78
20 70 232
20 71 115
20 72 112
20 73 193
20 74 218
20 75 243
20 76 103
20 77 161
20 78 135
20 79 57
20 80 52
20 81 213
20 82 131
20 83 52
20 84 112
20 85 117
20 86 92
20 87 241
20 88 191
20 89 178
20 90 95
20 91 137
20 92 50
20 93 103
20 94 155
20 95 147
20 96 124
20 97 184
20 98 166
20 99 168
21 1 241
21 2 105
21 3 228
21 4 108
21 5 98
21 6 178
21 7 149
21 8 182
21 9 238
21 10 198
21 11 169
21 12 206
21 13 185
21 14 152
21 15 127
21 16 233
21 17 121
21 18 238
21 19 106
21 20 171
21 22 188
21 23 233
21 24 239
21 25 184
21 26 89
21 27 246
21 28 111
21 29 94
21 30 127
21 31 140
21 32 191
21 33 107
21 34 69
21 35 250
21 36 244
21 37 249
21 38 164
21 39 62
21 40 241
21 41 110
21 42 139
21 43 87
21 44 200
21 45 225
21 46 175
21 47 74
21 48 228
21 49 178
21 50 174
21 51 190
21 52 96
21 53 180
21 54 149
21 55 120
21 56 197
21 57 53
21 58 182
21 59 147
21 60 193
21 61 247
21 62 78
21 63 185
21 64 212
21 65 177
21 66 89
21 67 191
21 68 162
21 69 140
21 70 187
21 71 204
21 72 216
21 73 152
21 74 50
21 75 92
21 76 173
21 77 75
21 78 91
21 79 215
21 80 98
21 81 78
21 82 227
21 83 160
21 84 185
21 85 65
21 86 93
21 87 205
21 88 224
21 89 187
21 90 130
21 91 230
21 92 109
21 93 184
21 94 140
21 95 71
21 96 104
21 97 179
21 98 74
21 99 122
22 1 110
22 2 175
22 3 72
22 4 190
22 5 72
22 6 79
22 7 148
22 8 152
22 9 158
22 10 215
22 11 219
22 12 250
22 13 217
22 14 152
22 15 233
22 16 144
22 17 133
22 18 83
22 19 68
22 20 215
22 21 188
22 23 167
22 24 195
22 25 184
22 26 190
22 27 178
22 28 238
22 29 143
22 30 75
22 31 109
22 32 165
22 33 169
22 34 225
22 35 212
22 36 181
22 37 55
22 38 56
22 39 182
22 40 178
22 41 248
22 42 233
22 43 123
22 44 249
22 45 198
22 46 105
22 47 244
22 48 92
22 49 243
22 50 70
22 51 117
22 52 155
22 53 160
22 54 66
22 55 186
22 56 86
22 57 106
22 58 146
22 59 199
22 60 119
22 61 66
22 62 210
22 63 191
22 64 159
22 65 126
22 66 242
22 67 144
22 68 83
22 69 94
22 70 51
22 71 157
22 72 243
22 73 163
22 74 112
22 75 222
22 76 187
22 77 233
22 78 214
22 79 221
22 80 165
22 81 105
22 82 240
22 83 234
22 84 217
22 85 211
22 86 249
22 87 122
22 88 106
22 89 242
22 90 83
22 91 159
22 92 181
22 93 169
22 94 146
22 95 115
22 96 77
22 97 103
22 98 248
22 99 103
23 1 208
23 2 85
23 3 233
23 4 227
23 5 60
23 6 73
23 7 130
23 8 135
23 9 220
23 10 133
23 11 86
23 12 116
23 13 141
23 14 233
23 15 243
23 16 86
23 17 165
23 18 135
23 19 57
23 20 226
23 21 233
23 22 167
23 24 236
23 25 70
23 26 54
23 27 178
23 28 91
23 29 138
23 30 79
23 31 197
23 32 204
23 33 66
23 34 65
23 35 150
23 36 142
23 37 140
23 38 129
23 39 176
23 40 211
23 41 239
23 42 110
23 43 188
23 44 249
23 45 130
23 46 87
23 47 56
23 48 219
23 49 174
23 50 139
23 51 169
23 52 150
23 53 104
23 54 245
23 55 131
23 56 77
23 57 94
23 58 222
23 59 97
23 60 181
23 61 124
23 62 200
23 63 217
23 64 59
23 65 166
23 66 147
23 67 96
23 68 170
23 69 202
23 70 62
23 71 219
23 72 101
23 73 120
23 74 92
23 75 157
23 76 144
23 77 69
23 78 126
23 79 241
23 80 143
23 81 229
23 82 59
23 83 194
23 84 208
23 85 149
23 86 174
23 87 145
23 88 180
23 89 80
23 90 116
23 91 235
23 92 71
23 93 190
23 94 100
23 95 225
23 96 220
23 97 177
23 98 109
23 99 189
24 1 239
24 2 216
24 3 162
24 4 215
24 5 121
24 6 131
24 7 101
24 8 159
24 9 150
24 10 130
24 11 123
24 12 174
24 13 78
24 14 231
24 15 210
24 16 99
24 17 96
24 18 240
24 19 177
24 20 230
24 21 239
24 22 195
24 23 236
24 25 51
24 26 138
24 27 171
24 28 110
24 29 68
24 30 223
24 31 66
24 32 175
24 33 60
24 34 244
24 35 130
24 36 151
24 37 99
24 38 144
24 39 199
24 40 97
24 41 170
24 42 97
24 43 203
24 44 82
24 45 248
24 46 215
24 47 110
24 48 65
24 49 229
24 50 173
24 51 243
24 52 88
24 53 125
24 54 82
24 55 177
24 56 249
24 57 206
24 58 92
24 59 163
24 60 204
24 61 224
24 62 182
24 63 173
24 64 190
24 65 101
24 66 98
24 67 144
24 68 83
24 69 79
24 70 218
24 71 157
24 72 56
24 73 61
24 74 124
24 75 95
24 76 89
24 77 121
24 78 117
24 79 85
24 80 101
24 81 55
24 82 182
24 83 227
24 84 238
24 85 170
24 86 137
24 87 191
24 88 167
24 89 226
24 90 166
24 91 86
24 92 250
24 93 101
24 94 188
24 95 177
24 96 182
24 97 180
24 98 85
24 99 62
25 1 65
25 2 190
25 3 220
25 4 108
25 5 131
25 6 209
25 7 196
25 8 206
25 9 121
25 10 95
25 11 182
25 12 111
25 13 180
25 14 60
25 15 69
25 16 125
25 17 182
25 18 135
25 19 63
25 20 225
25 21 184
25 22 184
25 23 70
25 24 51
25 26 209
25 27 240
25 28 99
25 29 228
25 30 217
25 31 137
25 32 123
25 33 162
25 34 161
25 35 138
25 36 144
25 37 71
25 38 229
25 39 233
25 40 239
25 41 90
25 42 224
25 43 245
25 44 71
25 45 117
25 46 189
25 47 92
25 48 117
25 49 83
25 50 247
25 51 206
25 52 174
25 53 168
25 54 173
25 55 182
25 56 50
25 57 120
25 58 120
25 59 204
25 60 135
25 61 156
25 62 233
25 63 175
25 64 114
25 65 87
25 66 119
25 67 200
25 68 229
25 69 191
25 70 140
25 71 189
25 72 122
25 73 224
25 74 163
25 75 85
25 76 128
25 77 195
25 78 159
25 79 236
25 80 227
25 81 236
25 82 153
25 83 142
25 84 208
25 85 176
25 86 234
25 87 104
25 88 197
25 89 170
25 90 189
25 91 133
25 92 203
25 93 156
25 94 158
25 95 178
25 96 122
25 97 88
25 98 250
25 99 244
26 1 76
26 2 234
26 3 173
26 4 226
26 5 134
26 6 132
26 7 228
26 8 134
26 9 228
26 10 53
26 11 212
26 12 160
26 13 166
26 14 50
26 15 68
26 16 212
26 17 111
26 18 79
26 19 53
26 20 85
26 21 89
26 22 190
26 23 54
26 24 138
26 25 209
26 27 174
26 28 183
26 29 226
26 30 243
26 31 203
26 32 243
26 33 150
26 34 94
26 35 161
26 36 192
26 37 69
26 38 106
26 39 204
26 40 102
26 41 54
26 42 94
26 43 245
26 44 239
26 45 115
26 46 192
26 47 188
26 48 226
26 49 236
26 50 236
26 51 178
26 52 248
26 53 221
26 54 204
26 55 64
26 56 250
26 57 75
26 58 69
26 59 77
26 60 85
26 61 52
26 62 105
26 63 226
26 64 177
26 65 209
26 66 158
26 67 222
26 68 107
26 69 212
26 70 242
26 71 206
26 72 51
26 73 195
26 74 149
26 75 230
26 76 185
26 77 81
26 78 140
26 79 125
26 80 185
26 81 122
26 82 177
26 83 95
26 84 194
26 85 204
26 86 143
26 87 108
26 88 88
26 89 137
26 90 174
26 91 205
26 92 156
26 93 105
26 94 224
26 95 136
26 96 215
26 97 67
26 98 143
26 99 150
27 1 70
27 2 226
27 3 242
27 4 122
27 5 54
27 6 50
27 7 101
27 8 151
27 9 232
27 10 212
27 11 81
27 12 94
27 13 180
27 14 52
27 15 69
27 16 59
27 17 125
27 18 101
27 19 93
27 20 50
27 21 246
27 22 178
27 23 178
27 24 171
27 25 240
27 26 174
27 28 130
27 29 145
27 30 141
27 31 195
27 32 75
27 33 168
27 34 208
27 35 206
27 36 111
27 37 117
27 38 97
27 39 222
27 40 114
27 41 156
27 42 84
27 43 236
27 44 67
27 45 155
27 46 76
27 47 182
27 48 204
27 49 158
27 50 140
27 51 204
27 52 190
27 53 219
27 54 123
27 55 54
27 56 57
27 57 109
27 58 195
27 59 111
27 60 193
27 61 108
27 62 138
27 63 59
27 64 59
27 65 61
27 66 92
27 67 75
27 68 82
27 69 87
27 70 140
27 71 91
27 72 69
27 73 60
27 74 119
27 75 57
27 76 219
27 77 54
27 78 239
27 79 171
27 80 193
27 81 220
27 82 77
27 83 215
27 84 175
27 85 216
27 86 238
27 87 143
27 88 186
27 89 155
27 90 199
27 91 85
27 92 81
27 93 198
27 94 232
27 95 230
27 96 129
27 97 69
27 98 50
27 99 225
28 1 62
28 2 147
28 3 222
28 4 78
28 5 213
28 6 55
28 7 112
28 8 165
28 9 85
28 10 176
28 11 158
28 12 238
28 13 193
28 14 223
28 15 89
28 16 78
28 17 86
28 18 97
28 19 175
28 20 67
28 21 111
28 22 238
28 23 91
28 24 110
28 25 99
28 26 183
28 27 130
28 29 71
28 30 220
28 31 189
28 32 241
28 33 226
28 34 60
28 35 171
28 36 208
28 37 217
28 38 120
28 39 152
28 40 149
28 41 211
28 42 226
28 43 80
28 44 109
28 45 156
28 46 245
28 47 153
28 48 122
28 49 240
28 50 79
28 51 154
28 52 199
28 53 190
28 54 97
28 55 58
28 56 99
28 57 52
28 58 58
28 59 145
28 60 240
28 61 126
28 62 136
28 63 204
28 64 123
28 65 247
28 66 86
28 67 130
28 68 177
28 69 93
28 70 157
28 71 223
28 72 102
28 73 98
28 74 114
28 75 123
28 76 146
28 77 129
28 78 115
28 79 126
28 80 124
28 81 249
28 82 138
28 83 211
28 84 63
28 85 238
28 86 215
28 87 236
28 88 145
28 89 171
28 90 97
28 91 142
28 92 191
28 93 172
28 94 114
28 95 115
28 96 198
28 97 55
28 98 143
28 99 183
29 1 61
29 2 105
29 3 108
29 4 231
29 5 159
29 6 172
29 7 131
29 8 240
29 9 172
29 10 247
29 11 141
29 12 122
29 13 105
29 14 92
29 15 199
29 16 241
29 17 79
29 18 143
29 19 190
29 20 187
29 21 94
29 22 143
29 23 138
29 24 68
29 25 228
29 26 226
29 27 145
29 28 71
29 30 129
29 31 212
29 32 249
29 33 101
29 34 248
29 35 196
29 36 69
29 37 134
29 38 240
29 39 241
29 40 234
29 41 71
29 42 55
29 43 86
29 44 93
29 45 220
29 46 203
29 47 68
29 48 179
29 49 237
29 50 152
29 51 133
29 52 89
29 53 142
29 54 161
29 55 243
29 56 95
29 57 86
29 58 199
29 59 153
29 60 189
29 61 128
29 62 81
29 63 236
29 64 50
29 65 159
29 66 227
29 67 127
29 68 180
29 69 201
29 70 201
29 71 74
29 72 243
29 73 219
29 74 92
29 75 172
29 76 105
29 77 189
29 78 141
29 79 73
29 80 138
29 81 135
29 82 86
29 83 213
29 84 74
29 85 152
29 86 138
29 87 51
29 88 167
29 89 219
29 90 110
29 91 234
29 92 95
29 93 178
29 94 106
29 95 178
29 96 164
29 97 136
29 98 154
29 99 131
30 1 215
30 2 62
30 3 175
30 4 106
30 5 140
30 6 167
30 7 108
30 8 83
30 9 106
30 10 212
30 11 157
30 12 111
30 13 201
30 14 146
30 15 224
30 16 88
30 17 63
30 18 90
30 19 221
30 20 152
30 21 127
30 22 75
30 23 79
30 24 223
30 25 217
30 26 243
30 27 141
30 28 220
30 29 129
30 31 92
30 32 202
30 33 91
30 34 189
30 35 54
30 36 149
30 37 79
30 38 194
30 39 158
30 40 59
30 41 123
30 42 95
30 43 65
30 44 239
30 45 225
30 46 170
30 47 133
30 48 100
30 49 203
30 50 131
30 51 249
30 52 74
30 53 52
30 54 97
30 55 99
30 56 169
30 57 184
30 58 147
30 59 72
30 60 139
30 61 93
30 62 144
30 63 163
30 64 79
30 65 149
30 66 247
30 67 95
30 68 92
30 69 216
30 70 131
30 71 159
30 72 237
30 73 154
30 74 146
30 75 125
30 76 88
30 77 130
30 78 156
30 79 101
30 80 151
30 81 82
30 82 172
30 83 202
30 84 100
30 85 122
30 86 66
30 87 98
30 88 60
30 89 172
30 90 171
30 91 97
30 92 171
30 93 84
30 94 243
30 95 105
30 96 179
30 97 126
30 98 237
30 99 85
31 1 109
31 2 201
31 3 57
31 4 102
31 5 57
31 6 63
31 7 114
31 8 179
31 9 201
31 10 87
31 11 190
31 12 56
31 13 158
31 14 235
31 15 165
31 16 121
31 17 97
31 18 130
31 19 205
31 20 120
31 21 140
31 22 109
31 23 197
31 24 66
31 25 137
31 26 203
31 27 195
31 28 189
31 29 212
31 30 92
31 32 101
31 33 200
31 34 199
31 35 119
31 36 135
31 37 218
31 38 169
31 39 239
31 40 150
31 41 185
31 42 211
31 43 247
31 44 201
31 45 146
31 46 225
31 47 186
31 48 120
31 49 144
31 50 239
31 51 238
31 52 247
31 53 186
31 54 69
31 55 176
31 56 60
31 57 90
31 58 88
31 59 241
31 60 183
31 61 100
31 62 143
31 63 182
31 64 149
31 65 56
31 66 244
31 67 61
31 68 91
31 69 108
31 70 206
31 71 65
31 72 112
31 73 120
31 74 91
31 75 54
31 76 178
31 77 120
31 78 208
31 79 250
31 80 127
31 81 179
31 82 146
31 83 229
31 84 157
31 85 192
31 86 155
31 87 157
31 88 174
31 89 111
31 90 173
31 91 132
31 92 63
31 93 98
31 94 164
31 95 213
31 96 92
31 97 215
31 98 103
31 99 211
32 1 138
32 2 73
32 3 58
32 4 131
32 5 55
32 6 101
32 7 64
32 8 186
32 9 192
32 10 197
32 11 224
32 12 223
32 13 67
32 14 138
32 15 98
32 16 103
32 17 215
32 18 199
32 19 119
32 20 221
32 21 191
32 22 165
32 23 204
32 24 175
32 25 123
32 26 243
32 27 75
32 28 241
32 29 249
32 30 202
32 31 101
32 33 74
32 34 100
32 35 60
32 36 81
32 37 134
32 38 53
32 39 61
32 40 172
32 41 81
32 42 244
32 43 69
32 44 160
32 45 191
32 46 241
32 47 165
32 48 126
32 49 62
32 50 154
32 51 84
32 52 161
32 53 222
32 54 109
32 55 121
32 56 87
32 57 125
32 58 237
32 59 163
32 60 70
32 61 108
32 62 135
32 63 176
32 64 152
32 65 180
32 66 174
32 67 70
32 68 171
32 69 157
32 70 218
32 71 152
32 72 110
32 73 62
32 74 141
32 75 209
32 76 62
32 77 68
32 78 66
32 79 114
32 80 175
32 81 74
32 82 200
32 83 87
32 84 169
32 85 151
32 86 193
32 87 50
32 88 80
32 89 70
32 90 191
32 91 179
32 92 246
32 93 56
32 94 123
32 95 205
32 96 80
32 97 110
32 98 136
32 99 69
33 1 235
33 2 91
33 3 238
33 4 209
33 5 64
33 6 114
33 7 88
33 8 58
33 9 184
33 10 55
33 11 208
33 12 82
33 13 247
33 14 123
33 15 219
33 16 127
33 17 116
33 18 112
33 19 81
33 20 52
33 21 107
33 22 169
33 23 66
33 24 60
33 25 162
33 26 150
33 27 168
33 28 226
33 29 101
33 30 91
33 31 200
33 32 74
33 34 68
33 35 196
33 36 56
33 37 179
33 38 210
33 39 198
33 40 241
33 41 108
33 42 98
33 43 131
33 44 56
33 45 54
33 46 116
33 47 50
33 48 144
33 49 91
33 50 219
33 51 231
33 52 231
33 53 179
33 54 150
33 55 104
33 56 211
33 57 64
33 58 118
33 59 55
33 60 100
33 61 208
33 62 219
33 63 241
33 64 94
33 65 114
33 66 116
33 67 210
33 68 208
33 69 143
33 70 65
33 71 63
33 72 102
33 73 65
33 74 131
33 75 87
33 76 208
33 77 92
33 78 220
33 79 246
33 80 127
33 81 178
33 82 229
33 83 78
33 84 208
33 85 87
33 86 69
33 87 110
33 88 176
33 89 193
33 90 193
33 91 84
33 92 157
33 93 192
33 94 71
33 95 128
33 96 217
33 97 95
33 98 67
33 99 56
34 1 224
34 2 180
34 3 233
34 4 131
34 5 86
34 6 230
34 7 231
34 8 200
34 9 206
34 10 76
34 11 201
34 12 68
34 13 145
34 14 89
34 15 209
34 16 138
34 17 77
34 18 106
34 19 212
34 20 238
34 21 69
34 22 225
34 23 65
34 24 244
34 25 161
34 26 94
34 27 208
34 28 60
34 29 248
34 30 189
34 31 199
34 32 100
34 33 68
34 35 148
34 36 227
34 37 204
34 38 190
34 39 50
34 40 90
34 41 190
34 42 184
34 43 117
34 44 124
34 45 68
34 46 116
34 47 153
34 48 239
34 49 237
34 50 172
34 51 170
34 52 93
34 53 85
34 54 116
34 55 200
34 56 78
34 57 145
34 58 207
34 59 215
34 60 103
34 61 197
34 62 249
34 63 162
34 64 118
34 65 104
34 66 54
34 67 180
34 68 175
34 69 134
34 70 223
34 71 163
34 72 148
34 73 124
34 74 194
34 75 131
34 76 129
34 77 77
34 78 63
34 79 159
34 80 102
34 81 208
34 82 156
34 83 160
34 84 70
34 85 181
34 86 83
34 87 70
34 88 125
34 89 201
34 90 163
34 91 222
34 92 156
34 93 70
34 94 131
34 95 132
34 96 216
34 97 55
34 98 250
34 99 133
35 1 176
35 2 209
35 3 212
35 4 223
35 5 161
35 6 180
35 7 65
35 8 106
35 9 172
35 10 239
35 11 225
35 12 238
35 13 113
35 14 160
35 15 78
35 16 240
35 17 173
35 18 118
35 19 185
35 20 148
35 21 250
35 22 212
35 23 150
35 24 130
35 25 138
35 26 161
35 27 206
35 28 171
35 29 196
35 30 54
35 31 119
35 32 60
35 33 196
35 34 148
35 36 134
35 37 139
35 38 66
35 39 54
35 40 126
35 41 220
35 42 232
35 43 220
35 44 213
35 45 156
35 46 92
35 47 70
35 48 72
35 49 64
35 50 137
35 51 185
35 52 176
35 53 60
35 54 179
35 55 134
35 56 90
35 57 235
35 58 188
35 59 50
35 60 107
35 61 112
35 62 64
35 63 51
35 64 180
35 65 131
35 66 86
35 67 107
35 68 158
35 69 98
35 70 128
35 71 185
35 72 192
35 73 183
35 74 163
35 75 239
35 76 50
35 77 157
35 78 204
35 79 145
35 80 230
35 81 133
35 82 67
35 83 138
35 84 232
35 85 109
35 86 232
35 87 222
35 88 163
35 89 52
35 90 140
35 91 246
35 92 209
35 93 160
35 94 61
35 95 166
35 96 130
35 97 197
35 98 223
35 99 117
36 1 193
36 2 123
36 3 227
36 4 67
36 5 132
36 6 100
36 7 217
36 8 101
36 9 216
36 10 84
36 11 237
36 12 145
36 13 173
36 14 52
36 15 127
36 16 232
36 17 183
36 18 219
36 19 172
36 20 249
36 21 244
36 22 181
36 23 142
36 24 151
36 25 144
36 26 192
36 27 111
36 28 208
36 29 69
36 30 149
36 31 135
36 32 81
36 33 56
36 34 227
36 35 134
36 37 182
36 38 98
36 39 199
36 40 51
36 41 70
36 42 127
36 43 237
36 44 68
36 45 116
36 46 124
36 47 51
36 48 100
36 49 145
36 50 152
36 51 122
36 52 193
36 53 59
36 54 166
36 55 64
36 56 223
36 57 180
36 58 189
36 59 120
36 60 101
36 61 248
36 62 201
36 63 136
36 64 169
36 65 192
36 66 124
36 67 108
36 68 199
36 69 165
36 70 125
36 71 186
36 72 148
36 73 67
36 74 86
36 75 64
36 76 98
36 77 230
36 78 173
36 79 230
36 80 228
36 81 162
36 82 220
36 83 209
36 84 199
36 85 119
36 86 134
36 87 157
36 88 141
36 89 133
36 90 137
36 91 240
36 92 203
36 93 118
36 94 148
36 95 140
36 96 148
36 97 69
36 98 130
36 99 153
37 1 250
37 2 55
37 3 158
37 4 124
37 5 115
37 6 219
37 7 159
37 8 112
37 9 133
37 10 240
37 11 75
37 12 228
37 13 185
37 14 109
37 15 125
37 16 148
37 17 231
37 18 210
37 19 136
37 20 236
37 21 249
37 22 55
37 23 140
37 24 99
37 25 71
37 26 69
37 27 117
37 28 217
37 29 134
37 30 79
37 31 218
37 32 134
37 33 179
37 34 204
37 35 139
37 36 182
37 38 204
37 39 143
37 40 140
37 41 127
37 42 78
37 43 110
37 44 174
37 45 113
37 46 121
37 47 181
37 48 166
37 49 184
37 50 194
37 51 84
37 52 134
37 53 131
37 54 160
37 55 105
37 56 92
37 57 148
37 58 55
37 59 129
37 60 149
37 61 227
37 62 249
37 63 192
37 64 234
37 65 67
37 66 160
37 67 76
37 68 138
37 69 166
37 70 109
37 71 205
37 72 195
37 73 112
37 74 68
37 75 189
37 76 173
37 77 106
37 78 143
37 79 68
37 80 178
37 81 245
37 82 228
37 83 88
37 84 176
37 85 72
37 86 203
37 87 239
37 88 51
37 89 250
37 90 210
37 91 139
37 92 69
37 93 246
37 94 233
37 95 53
37 96 142
37 97 213
37 98 173
37 99 109
38 1 156
38 2 105
38 3 183
38 4 239
38 5 98
38 6 91
38 7 231
38 8 107
38 9 61
38 10 210
38 11 198
38 12 181
38 13 180
38 14 233
38 15 242
38 16 157
38 17 191
38 18 145
38 19 124
38 20 226
38 21 164
38 22 56
38 23 129
38 24 144
38 25 229
38 26 106
38 27 97
38 28 120
38 29 240
38 30 194
38 31 169
38 32 53
38 33 210
38 34 190
38 35 66
38 36 98
38 37 204
38 39 178
38 40 175
38 41 66
38 42 230
38 43 178
38 44 183
38 45 191
38 46 61
38 47 119
38 48 90
38 49 241
38 50 222
38 51 54
38 52 138
38 53 194
38 54 233
38 55 243
38 56 195
38 57 89
38 58 225
38 59 113
38 60 118
38 61 58
38 62 239
38 63 79
38 64 92
38 65 204
38 66 187
38 67 57
38 68 101
38 69 185
38 70 84
38 71 163
38 72 167
38 73 163
38 74 51
38 75 143
38 76 137
38 77 138
38 78 205
38 79 121
38 80 141
38 81 132
38 82 188
38 83 106
38 84 220
38 85 147
38 86 50
38 87 213
38 88 200
38 89 214
38 90 151
38 91 218
38 92 229
38 93 92
38 94 56
38 95 83
38 96 202
38 97 139
38 98 242
38 99 153
39 1 96
39 2 204
39 3 188
39 4 207
39 5 86
39 6 230
39 7 232
39 8 156
39 9 173
39 10 91
39 11 246
39 12 119
39 13 162
39 14 61
39 15 62
39 16 180
39 17 88
39 18 250
39 19 92
39 20 194
39 21 62
39 22 182
39 23 176
39 24 199
39 25 233
39 26 204
39 27 222
39 28 152
39 29 241
39 30 158
39 31 239
39 32 61
39 33 198
39 34 50
39 35 54
39 36 199
39 37 143
39 38 178
39 40 67
39 41 224
39 42 56
39 43 205
39 44 221
39 45 228
39 46 120
39 47 130
39 48 218
39 49 206
39 50 188
39 51 216
39 52 155
39 53 112
39 54 94
39 55 98
39 56 76
39 57 138
39 58 139
39 59 222
39 60 205
39 61 186
39 62 208
39 63 144
39 64 202
39 65 117
39 66 102
39 67 207
39 68 92
39 69 199
39 70 86
39 71 147
39 72 210
39 73 203
39 74 212
39 75 97
39 76 247
39 77 190
39 78 201
39 79 111
39 80 209
39 81 76
39 82 239
39 83 207
39 84 228
39 85 228
39 86 186
39 87 228
39 88 69
39 89 82
39 90 73
39 91 166
39 92 92
39 93 166
39 94 240
39 95 156
39 96 197
39 97 165
39 98 250
39 99 231
40 1 219
40 2 129
40 3 90
40 4 245
40 5 104
40 6 92
40 7 115
40 8 202
40 9 226
40 10 121
40 11 218
40 12 154
40 13 94
40 14 229
40 15 55
40 16 117
40 17 68
40 18 55
40 19 166
40 20 91
40 21 241
40 22 178
40 23 211
40 24 97
40 25 239
40 26 102
40 27 114
40 28 149
40 29 234
40 30 59
40 31 150
40 32 172
40 33 241
40 34 90
40 35 126
40 36 51
40 37 140
40 38 175
40 39 67
40 41 64
40 42 237
40 43 142
40 44 147
40 45 250
40 46 221
40 47 239
40 48 199
40 49 176
40 50 148
40 51 127
40 52 231
40 53 153
40 54 107
40 55 177
40 56 159
40 57 151
40 58 233
40 59 231
40 60 247
40 61 183
40 62 187
40 63 122
40 64 60
40 65 107
40 66 221
40 67 71
40 68 97
40 69 146
40 70 109
40 71 55
40 72 187
40 73 183
40 74 147
40 75 111
40 76 216
40 77 53
40 78 168
40 79 170
40 80 229
40 81 157
40 82 74
40 83 73
40 84 168
40 85 182
40 86 85
40 87 150
40 88 54
40 89 66
40 90 132
40 91 53
40 92 65
40 93 108
40 94 248
40 95 147
40 96 237
40 97 139
40 98 89
40 99 78
41 1 184
41 2 187
41 3 182
41 4 171
41 5 101
41 6 108
41 7 60
41 8 86
41 9 161
41 10 223
41 11 231
41 12 164
41 13 100
41 14 126
41 15 156
41 16 70
41 17 154
41 18 205
41 19 218
41 20 93
41 21 110
41 22 248
41 23 239
41 24 170
41 25 90
41 26 54
41 27 156
41 28 211
41 29 71
41 30 123
41 31 185
41 32 81
41 33 108
41 34 190
41 35 220
41 36 70
41 37 127
41 38 66
41 39 224
41 40 64
41 42 127
41 43 159
41 44 206
41 45 188
41 46 146
41 47 225
41 48 170
41 49 77
41 50 220
41 51 212
41 52 219
41 53 211
41 54 212
41 55 146
41 56 87
41 57 96
41 58 149
41 59 79
41 60 215
41 61 77
41 62 110
41 63 184
41 64 98
41 65 88
41 66 215
41 67 197
41 68 196
41 69 240
41 70 237
41 71 105
41 72 67
41 73 63
41 74 162
41 75 120
41 76 98
41 77 228
41 78 115
41 79 151
41 80 221
41 81 160
41 82 250
41 83 144
41 84 241
41 85 177
41 86 186
41 87 111
41 88 113
41 89 89
41 90 231
41 91 195
41 92 233
41 93 102
41 94 217
41 95 92
41 96 135
41 97 205
41 98 77
41 99 148
42 1 222
42 2 148
42 3 203
42 4 204
42 5 171
42 6 63
42 7 94
42 8 180
42 9 155
42 10 186
42 11 79
42 12 199
42 13 110
42 14 171
42 15 250
42 16 205
42 17 162
42 18 163
42 19 133
42 20 118
42 21 139
42 22 233
42 23 110
42 24 97
42 25 224
42 26 94
42 27 84
42 28 226
42 29 55
42 30 95
42 31 211
42 32 244
42 33 98
42 34 184
42 35 232
42 36 127
42 37 78
42 38 230
42 39 56
42 40 237
42 41 127
42 43 65
42 44 92
42 45 142
42 46 154
42 47 100
42 48 181
42 49 157
42 50 151
42 51 244
42 52 138
42 53 123
42 54 144
42 55 141
42 56 232
42 57 78
42 58 150
42 59 129
42 60 127
42 61 211
42 62 79
42 63 113
42 64 106
42 65 229
42 66 187
42 67 60
42 68 99
42 69 73
42 70 201
42 71 110
42 72 111
42 73 125
42 74 204
42 75 116
42 76 71
42 77 118
42 78 132
42 79 96
42 80 131
42 81 241
42 82 121
42 83 249
42 84 208
42 85 67
42 86 229
42 87 225
42 88 240
42 89 140
42 90 183
42 91 214
42 92 104
42 93 142
42 94 143
42 95 195
42 96 52
42 97 165
42 98 78
42 99 180
43 1 246
43 2 91
43 3 152
43 4 94
43 5 237
43 6 81
43 7 80
43 8 181
43 9 89
43 10 207
43 11 134
43 12 222
43 13 204
43 14 57
43 15 216
43 16 65
43 17 103
43 18 127
43 19 226
43 20 220
43 21 87
43 22 123
43 23 188
43 24 203
43 25 245
43 26 245
43 27 236
43 28 80
43 29 86
43 30 65
43 31 247
43 32 69
43 33 131
43 34 117
43 35 220
43 36 237
43 37 110
43 38 178
43 39 205
43 40 142
43 41 159
43 42 65
43 44 245
43 45 207
43 46 72
43 47 132
43 48 222
43 49 145
43 50 232
43 51 220
43 52 214
43 53 73
43 54 123
43 55 100
43 56 190
43 57 87
43 58 126
43 59 230
43 60 108
43 61 103
43 62 147
43 63 150
43 64 103
43 65 89
43 66 76
43 67 94
43 68 219
43 69 195
43 70 163
43 71 191
43 72 187
43 73 228
43 74 137
43 75 89
43 76 182
43 77 184
43 78 125
43 79 249
43 80 156
43 81 250
43 82 231
43 83 103
43 84 221
43 85 240
43 86 184
43 87 183
43 88 107
43 89 250
43 90 103
43 91 139
43 92 176
43 93 188
43 94 172
43 95 153
43 96 202
43 97 190
43 98 196
43 99 91
44 1 102
44 2 60
44 3 220
44 4 210
44 5 175
44 6 190
44 7 203
44 8 151
44 9 182
44 10 193
44 11 122
44 12 87
44 13 236
44 14 137
44 15 197
44 16 126
44 17 68
44 18 208
44 19 163
44 20 75
44 21 200
44 22 249
44 23 249
44 24 82
44 25 71
44 26 239
44 27 67
44 28 109
44 29 93
44 30 239
44 31 201
44 32 160
44 33 56
44 34 124
44 35 213
44 36 68
44 37 174
44 38 183
44 39 221
44 40 147
44 41 206
44 42 92
44 43 245
44 45 141
44 46 190
44 47 81
44 48 180
44 49 150
44 50 180
44 51 215
44 52 190
44 53 211
44 54 199
44 55 185
44 56 93
44 57 207
44 58 135
44 59 155
44 60 63
44 61 86
44 62 173
44 63 170
44 64 93
44 65 98
44 66 176
44 67 169
44 68 107
44 69 209
44 70 224
44 71 229
44 72 98
44 73 186
44 74 182
44 75 186
44 76 131
44 77 87
44 78 72
44 79 176
44 80 216
44 81 97
44 82 238
44 83 115
44 84 56
44 85 217
44 86 66
44 87 54
44 88 198
44 89 79
44 90 125
44 91 219
44 92 230
44 93 68
44 94 224
44 95 206
44 96 229
44 97 200
44 98 183
44 99 154
45 1 146
45 2 101
45 3 229
45 4 238
45 5 243
45 6 52
45 7 116
45 8 182
45 9 222
45 10 62
45 11 245
45 12 239
45 13 61
45 14 74
45 15 194
45 16 83
45 17 172
45 18 195
45 19 170
45 20 89
45 21 225
45 22 198
45 23 130
45 24 248
45 25 117
45 26 115
45 27 155
45 28 156
45 29 220
45 30 225
45 31 146
45 32 191
45 33 54
45 34 68
45 35 156
45 36 116
45 37 113
45 38 191
45 39 228
45 40 250
45 41 188
45 42 142
45 43 207
45 44 141
45 46 151
45 47 142
45 48 201
45 49 147
45 50 144
45 51 95
45 52 176
45 53 195
45 54 91
45 55 217
45 56 74
45 57 82
45 58 152
45 59 160
45 60 50
45 61 217
45 62 231
45 63 122
45 64 235
45 65 187
45 66 205
45 67 104
45 68 210
45 69 172
45 70 100
45 71 91
45 72 173
45 73 132
45 74 211
45 75 171
45 76 220
45 77 201
45 78 107
45 79 78
45 80 88
45 81 178
45 82 155
45 83 90
45 84 125
45 85 199
45 86 135
45 87 114
45 88 250
45 89 102
45 90 225
45 91 216
45 92 197
45 93 233
45 94 201
45 95 86
45 96 51
45 97 170
45 98 145
45 99 131
46 1 155
46 2 80
46 3 57
46 4 61
46 5 120
46 6 127
46 7 171
46 8 150
46 9 233
46 10 217
46 11 83
46 12 123
46 13 213
46 14 66
46 15 210
46 16 104
46 17 193
46 18 216
46 19 114
46 20 98
46 21 175
46 22 105
46 23 87
46 24 215
46 25 189
46 26 192
46 27 76
46 28 245
46 29 203
46 30 170
46 31 225
46 32 241
46 33 116
46 34 116
46 35 92
46 36 124
46 37 121
46 38 61
46 39 120
46 40 221
46 41 146
46 42 154
46 43 72
46 44 190
46 45 151
46 47 73
46 48 249
46 49 124
46 50 248
46 51 134
46 52 210
46 53 240
46 54 153
46 55 235
46 56 153
46 57 166
46 58 155
46 59 130
46 60 237
46 61 154
46 62 84
46 63 177
46 64 146
46 65 54
46 66 91
46 67 90
46 68 129
46 69 230
46 70 126
46 71 191
46 72 215
46 73 155
46 74 113
46 75 52
46 76 217
46 77 218
46 78 77
46 79 61
46 80 198
46 81 166
46 82 223
46 83 240
46 84 247
46 85 98
46 86 84
46 87 235
46 88 219
46 89 148
46 90 167
46 91 186
46 92 161
46 93 82
46 94 199
46 95 206
46 96 157
46 97 97
46 98 125
46 99 134
47 1 117
47 2 246
47 3 191
47 4 190
47 5 119
47 6 105
47 7 129
47 8 59
47 9 132
47 10 166
47 11 159
47 12 87
47 13 97
47 14 164
47 15 100
47 16 228
47 17 91
47 18 137
47 19 86
47 20 214
47 21 74
47 22 244
47 23 56
47 24 110
47 25 92
47 26 188
47 27 182
47 28 153
47 29 68
47 30 133
47 31 186
47 32 165
47 33 50
47 34 153
47 35 70
47 36 51
47 37 181
47 38 119
47 39 130
47 40 239
47 41 225
47 42 100
47 43 132
47 44 81
47 45 142
47 46 73
47 48 212
47 49 160
47 50 196
47 51 184
47 52 100
47 53 173
47 54 220
47 55 53
47 56 215
47 57 234
47 58 172
47 59 144
47 60 229
47 61 109
47 62 77
47 63 123
47 64 133
47 65 130
47 66 114
47 67 92
47 68 173
47 69 169
47 70 169
47 71 78
47 72 99
47 73 88
47 74 171
47 75 63
47 76 145
47 77 214
47 78 54
47 79 190
47 80 86
47 81 87
47 82 141
47 83 150
47 84 56
47 85 186
47 86 159
47 87 166
47 88 91
47 89 60
47 90 51
47 91 106
47 92 86
47 93 238
47 94 149
47 95 244
47 96 249
47 97 73
47 98 176
47 99 51
48 1 129
48 2 85
48 3 61
48 4 76
48 5 247
48 6 133
48 7 113
48 8 165
48 9 198
48 10 174
48 11 96
48 12 101
48 13 152
48 14 223
48 15 99
48 16 98
48 17 186
48 18 168
48 19 76
48 20 91
48 21 228
48 22 92
48 23 219
48 24 65
48 25 117
48 26 226
48 27 204
48 28 122
48 29 179
48 30 100
48 31 120
48 32 126
48 33 144
48 34 239
48 35 72
48 36 100
48 37 166
48 38 90
48 39 218
48 40 199
48 41 170
48 42 181
48 43 222
48 44 180
48 45 201
48 46 249
48 47 212
48 49 230
48 50 101
48 51 237
48 52 184
48 53 212
48 54 78
48 55 223
48 56 126
48 57 136
48 58 230
48 59 125
48 60 54
48 61 98
48 62 151
48 63 181
48 64 157
48 65 108
48 66 180
48 67 51
48 68 214
48 69 126
48 70 134
48 71 196
48 72 105
48 73 148
48 74 216
48 75 58
48 76 55
48 77 127
48 78 122
48 79 65
48 80 232
48 81 108
48 82 175
48 83 67
48 84 178
48 85 98
48 86 201
48 87 139
48 88 249
48 89 216
48 90 236
48 91 137
48 92 105
48 93 181
48 94 194
48 95 244
48 96 64
48 97 73
48 98 165
48 99 122
49 1 222
49 2 59
49 3 71
49 4 105
49 5 69
49 6 222
49 7 127
49 8 190
49 9 74
49 10 123
49 11 58
49 12 60
49 13 58
49 14 98
49 15 90
49 16 199
49 17 104
49 18 238
49 19 107
49 20 227
49 21 178
49 22 243
49 23 174
49 24 229
49 25 83
49 26 236
49 27 158
49 28 240
49 29 237
49 30 203
49 31 144
49 32 62
49 33 91
49 34 237
49 35 64
49 36 145
49 37 184
49 38 241
49 39 206
49 40 176
49 41 77
49 42 157
49 43 145
49 44 150
49 45 147
49 46 124
49 47 160
49 48 230
49 50 120
49 51 80
49 52 114
49 53 122
49 54 136
49 55 54
49 56 142
49 57 93
49 58 125
49 59 241
49 60 234
49 61 60
49 62 121
49 63 211
49 64 169
49 65 120
49 66 178
49 67 245
49 68 83
49 69 167
49 70 115
49 71 72
49 72 163
49 73 140
49 74 81
49 75 136
49 76 106
49 77 84
49 78 68
49 79 72
49 80 239
49 81 100
49 82 204
49 83 84
49 84 222
49 85 216
49 86 164
49 87 95
49 88 98
49 89 136
49 90 87
49 91 247
49 92 70
49 93 168
49 94 132
49 95 107
49 96 207
49 97 111
49 98 242
49 99 193
50 1 98
50 2 138
50 3 51
50 4 220
50 5 85
50 6 219
50 7 156
50 8 221
50 9 245
50 10 104
50 11 176
50 12 132
50 13 170
50 14 249
50 15 207
50 16 243
50 17 164
50 18 217
50 19 177
50 20 132
50 21 174
50 22 70
50 23 139
50 24 173
50 25 247
50 26 236
50 27 140
50 28 79
50 29 152
50 30 131
50 31 239
50 32 154
50 33 219
50 34 172
50 35 137
50 36 152
50 37 194
50 38 222
50 39 188
50 40 148
50 41 220
50 42 151
50 43 232
50 44 180
50 45 144
50 46 248
50 47 196
50 48 101
50 49 120
50 51 106
50 52 204
50 53 104
50 54 215
50 55 215
50 56 135
50 57 83
50 58 126
50 59 60
50 60 181
50 61 170
50 62 104
50 63 216
50 64 63
50 65 194
50 66 130
50 67 51
50 68 120
50 69 235
50 70 91
50 71 230
50 72 124
50 73 91
50 74 57
50 75 186
50 76 200
50 77 186
50 78 222
50 79 174
50 80 245
50 81 56
50 82 76
50 83 88
50 84 221
50 85 244
50 86 196
50 87 93
50 88 221
50 89 71
50 90 247
50 91 114
50 92 130
50 93 86
50 94 191
50 95 147
50 96 58
50 97 144
50 98 77
50 99 75
51 1 181
51 2 179
51 3 191
51 4 246
51 5 200
51 6 172
51 7 52
51 8 140
51 9 233
51 10 97
51 11 110
51 12 188
51 13 246
51 14 212
51 15 219
51 16 193
51 17 246
51 18 129
51 19 65
51 20 120
51 21 190
51 22 117
51 23 169
51 24 243
51 25 206
51 26 178
51 27 204
51 28 154
51 29 133
51 30 249
51 31 238
51 32 84
51 33 231
51 34 170
51 35 185
51 36 122
51 37 84
51 38 54
51 39 216
51 40 127
51 41 212
51 42 244
51 43 220
51 44 215
51 45 95
51 46 134
51 47 184
51 48 237
51 49 80
51 50 106
51 52 163
51 53 81
51 54 131
51 55 217
51 56 63
51 57 158
51 58 160
51 59 94
51 60 71
51 61 155
51 62 174
51 63 199
51 64 92
51 65 139
51 66 237
51 67 246
51 68 226
51 69 85
51 70 199
51 71 131
51 72 98
51 73 79
51 74 77
51 75 98
51 76 129
51 77 238
51 78 186
51 79 64
51 80 208
51 81 178
51 82 212
51 83 82
51 84 91
51 85 214
51 86 203
51 87 69
51 88 158
51 89 207
51 90 65
51 91 85
51 92 246
51 93 105
51 94 84
51 95 109
51 96 169
51 97 226
51 98 152
51 99 169
52 1 238
52 2 123
52 3 94
52 4 193
52 5 179
52 6 146
52 7 162
52 8 152
52 9 161
52 10 214
52 11 114
52 12 192
52 13 171
52 14 224
52 15 139
52 16 215
52 17 54
52 18 195
52 19 66
52 20 178
52 21 96
52 22 155
52 23 150
52 24 88
52 25 174
52 26 248
52 27 190
52 28 199
52 29 89
52 30 74
52 31 247
52 32 161
52 33 231
52 34 93
52 35 176
52 36 193
52 37 134
52 38 138
52 39 155
52 40 231
52 41 219
52 42 138
52 43 214
52 44 190
52 45 176
52 46 210
52 47 100
52 48 184
52 49 114
52 50 204
52 51 163
52 53 101
52 54 112
52 55 184
52 56 156
52 57 116
52 58 220
52 59 170
52 60 219
52 61 54
52 62 79
52 63 213
52 64 59
52 65 142
52 66 179
52 67 70
52 68 182
52 69 248
52 70 64
52 71 130
52 72 182
52 73 198
52 74 250
52 75 166
52 76 223
52 77 233
52 78 76
52 79 173
52 80 248
52 81 249
52 82 124
52 83 93
52 84 176
52 85 242
52 86 221
52 87 205
52 88 128
52 89 81
52 90 218
52 91 89
52 92 249
52 93 78
52 94 157
52 95 102
52 96 83
52 97 228
52 98 210
52 99 69
53 1 199
53 2 67
53 3 207
53 4 243
53 5 109
53 6 133
53 7 168
53 8 147
53 9 205
53 10 207
53 11 86
53 12 72
53 13 181
53 14 198
53 15 230
53 16 146
53 17 78
53 18 98
53 19 148
53 20 151
53 21 180
53 22 160
53 23 104
53 24 125
53 25 168
53 26 221
53 27 219
53 28 190
53 29 142
53 30 52
53 31 186
53 32 222
53 33 179
53 34 85
53 35 60
53 36 59
53 37 131
53 38 194
53 39 112
53 40 153
53 41 211
53 42 123
53 43 73
53 44 211
53 45 195
53 46 240
53 47 173
53 48 212
53 49 122
53 50 104
53 51 81
53 52 101
53 54 120
53 55 93
53 56 52
53 57 247
53 58 243
53 59 223
53 60 161
53 61 105
53 62 187
53 63 241
53 64 160
53 65 127
53 66 209
53 67 130
53 68 100
53 69 97
53 70 224
53 71 161
53 72 192
53 73 70
53 74 249
53 75 152
53 76 126
53 77 163
53 78 89
53 79 227
53 80 211
53 81 222
53 82 86
53 83 106
53 84 75
53 85 244
53 86 101
53 87 235
53 88 164
53 89 186
53 90 163
53 91 186
53 92 154
53 93 174
53 94 102
53 95 142
53 96 138
53 97 159
53 98 90
53 99 143
54 1 170
54 2 162
54 3 163
54 4 236
54 5 149
54 6 100
54 7 143
54 8 94
54 9 99
54 10 187
54 11 165
54 12 244
54 13 59
54 14 188
54 15 59
54 16 131
54 17 221
54 18 201
54 19 200
54 20 240
54 21 149
54 22 66
54 23 245
54 24 82
54 25 173
54 26 204
54 27 123
54 28 97
54 29 161
54 30 97
54 31 69
54 32 109
54 33 150
54 34 116
54 35 179
54 36 166
54 37 160
54 38 233
54 39 94
54 40 107
54 41 212
54 42 144
54 43 123
54 44 199
54 45 91
54 46 153
54 47 220
54 48 78
54 49 136
54 50 215
54 51 131
54 52 112
54 53 120
54 55 82
54 56 115
54 57 62
54 58 201
54 59 68
54 60 93
54 61 94
54 62 52
54 63 66
54 64 134
54 65 212
54 66 182
54 67 246
54 68 248
54 69 82
54 70 91
54 71 221
54 72 93
54 73 159
54 74 197
54 75 100
54 76 155
54 77 60
54 78 240
54 79 91
54 80 56
54 81 110
54 82 78
54 83 149
54 84 237
54 85 169
54 86 205
54 87 150
54 88 125
54 89 79
54 90 158
54 91 189
54 92 120
54 93 74
54 94 122
54 95 118
54 96 51
54 97 69
54 98 174
54 99 155
55 1 195
55 2 100
55 3 124
55 4 114
55 5 212
55 6 62
55 7 131
55 8 235
55 9 158
55 10 190
55 11 107
55 12 149
55 13 78
55 14 180
55 15 138
55 16 103
55 17 234
55 18 156
55 19 95
55 20 222
55 21 120
55 22 186
55 23 131
55 24 177
55 25 182
55 26 64
55 27 54
55 28 58
55 29 243
55 30 99
55 31 176
55 32 121
55 33 104
55 34 200
55 35 134
55 36 64
55 37 105
55 38 243
55 39 98
55 40 177
55 41 146
55 42 141
55 43 100
55 44 185
55 45 217
55 46 235
55 47 53
55 48 223
55 49 54
55 50 215
55 51 217
55 52 184
55 53 93
55 54 82
55 56 231
55 57 244
55 58 221
55 59 171
55 60 92
55 61 53
55 62 233
55 63 134
55 64 173
55 65 57
55 66 230
55 67 101
55 68 52
55 69 119
55 70 179
55 71 216
55 72 54
55 73 82
55 74 161
55 75 238
55 76 79
55 77 194
55 78 117
55 79 124
55 80 206
55 81 162
55 82 224
55 83 216
55 84 241
55 85 100
55 86 214
55 87 162
55 88 55
55 89 125
55 90 66
55 91 98
55 92 249
55 93 155
55 94 104
55 95 96
55 96 239
55 97 189
55 98 210
55 99 222
56 1 148
56 2 129
56 3 231
56 4 73
56 5 242
56 6 164
56 7 215
56 8 121
56 9 121
56 10 162
56 11 100
56 12 223
56 13 155
56 14 115
56 15 112
56 16 64
56 17 148
56 18 249
56 19 86
56 20 210
56 21 197
56 22 86
56 23 77
56 24 249
56 25 50
56 26 250
56 27 57
56 28 99
56 29 95
56 30 169
56 31 60
56 32 87
56 33 211
56 34 78
56 35 90
56 36 223
56 37 92
56 38 195
56 39 76
56 40 159
56 41 87
56 42 232
56 43 190
56 44 93
56 45 74
56 46 153
56 47 215
56 48 126
56 49 142
56 50 135
56 51 63
56 52 156
56 53 52
56 54 115
56 55 231
56 57 212
56 58 62
56 59 80
56 60 114
56 61 174
56 62 192
56 63 83
56 64 121
56 65 155
56 66 101
56 67 143
56 68 162
56 69 68
56 70 248
56 71 200
56 72 250
56 73 143
56 74 182
56 75 173
56 76 62
56 77 241
56 78 124
56 79 157
56 80 93
56 81 85
56 82 108
56 83 135
56 84 159
56 85 124
56 86 172
56 87 208
56 88 156
56 89 80
56 90 177
56 91 206
56 92 190
56 93 154
56 94 97
56 95 105
56 96 123
56 97 243
56 98 50
56 99 238
57 1 200
57 2 154
57 3 158
57 4 159
57 5 226
57 6 180
57 7 83
57 8 206
57 9 79
57 10 58
57 11 222
57 12 69
57 13 55
57 14 194
57 15 158
57 16 172
57 17 64
57 18 68
57 19 204
57 20 176
57 21 53
57 22 106
57 23 94
57 24 206
57 25 120
57 26 75
57 27 109
57 28 52
57 29 86
57 30 184
57 31 90
57 32 125
57 33 64
57 34 145
57 35 235
57 36 180
57 37 148
57 38 89
57 39 138
57 40 151
57 41 96
57 42 78
57 43 87
57 44 207
57 45 82
57 46 166
57 47 234
57 48 136
57 49 93
57 50 83
57 51 158
57 52 116
57 53 247
57 54 62
57 55 244
57 56 212
57 58 203
57 59 184
57 60 118
57 61 183
57 62 178
57 63 141
57 64 198
57 65 144
57 66 136
57 67 235
57 68 155
57 69 144
57 70 55
57 71 116
57 72 181
57 73 81
57 74 103
57 75 240
57 76 87
57 77 221
57 78 208
57 79 168
57 80 84
57 81 236
57 82 121
57 83 105
57 84 86
57 85 205
57 86 205
57 87 195
57 88 230
57 89 102
57 90 154
57 91 67
57 92 109
57 93 151
57 94 194
57 95 57
57 96 142
57 97 157
57 98 101
57 99 105
58 1 201
58 2 160
58 3 212
58 4 204
58 5 247
58 6 221
58 7 128
58 8 93
58 9 99
58 10 105
58 11 62
58 12 232
58 13 110
58 14 96
58 15 149
58 16 162
58 17 152
58 18 196
58 19 177
58 20 217
58 21 182
58 22 146
58 23 222
58 24 92
58 25 120
58 26 69
58 27 195
58 28 58
58 29 199
58 30 147
58 31 88
58 32 237
58 33 118
58 34 207
58 35 188
58 36 189
58 37 55
58 38 225
58 39 139
58 40 233
58 41 149
58 42 150
58 43 126
58 44 135
58 45 152
58 46 155
58 47 172
58 48 230
58 49 125
58 50 126
58 51 160
58 52 220
58 53 243
58 54 201
58 55 221
58 56 62
58 57 203
58 59 77
58 60 94
58 61 140
58 62 142
58 63 144
58 64 139
58 65 238
58 66 174
58 67 117
58 68 107
58 69 122
58 70 120
58 71 250
58 72 148
58 73 183
58 74 233
58 75 184
58 76 174
58 77 164
58 78 53
58 79 239
58 80 64
58 81 177
58 82 193
58 83 126
58 84 95
58 85 147
58 86 229
58 87 184
58 88 172
58 89 207
58 90 69
58 91 178
58 92 219
58 93 122
58 94 248
58 95 87
58 96 102
58 97 194
58 98 109
58 99 56
59 1 247
59 2 50
59 3 165
59 4 147
59 5 250
59 6 204
59 7 230
59 8 50
59 9 73
59 10 166
59 11 209
59 12 216
59 13 247
59 14 182
59 15 147
59 16 188
59 17 237
59 18 196
59 19 67
59 20 153
59 21 147
59 22 199
59 23 97
59 24 163
59 25 204
59 26 77
59 27 111
59 28 145
59 29 153
59 30 72
59 31 241
59 32 163
59 33 55
59 34 215
59 35 50
59 36 120
59 37 129
59 38 113
59 39 222
59 40 231
59 41 79
59 42 129
59 43 230
59 44 155
59 45 160
59 46 130
59 47 144
59 48 125
59 49 241
59 50 60
59 51 94
59 52 170
59 53 223
59 54 68
59 55 171
59 56 80
59 57 184
59 58 77
59 60 59
59 61 106
59 62 122
59 63 244
59 64 149
59 65 102
59 66 146
59 67 84
59 68 204
59 69 80
59 70 190
59 71 163
59 72 115
59 73 139
59 74 99
59 75 203
59 76 70
59 77 118
59 78 116
59 79 137
59 80 229
59 81 199
59 82 219
59 83 153
59 84 78
59 85 170
59 86 115
59 87 165
59 88 218
59 89 80
59 90 210
59 91 66
59 92 222
59 93 61
59 94 97
59 95 132
59 96 169
59 97 114
59 98 68
59 99 238
60 1 165
60 2 191
60 3 102
60 4 110
60 5 165
60 6 241
60 7 98
60 8 132
60 9 125
60 10 139
60 11 206
60 12 146
60 13 231
60 14 195
60 15 118
60 16 102
60 17 194
60 18 90
60 19 82
60 20 180
60 21 193
60 22 119
60 23 181
60 24 204
60 25 135
60 26 85
60 27 193
60 28 240
60 29 189
60 30 139
60 31 183
60 32 70
60 33 100
60 34 103
60 35 107
60 36 101
60 37 149
60 38 118
60 39 205
60 40 247
60 41 215
60 42 127
60 43 108
60 44 63
60 45 50
60 46 237
60 47 229
60 48 54
60 49 234
60 50 181
60 51 71
60 52 219
60 53 161
60 54 93
60 55 92
60 56 114
60 57 118
60 58 94
60 59 59
60 61 233
60 62 218
60 63 179
60 64 137
60 65 250
60 66 226
60 67 76
60 68 112
60 69 219
60 70 166
60 71 130
60 72 68
60 73 122
60 74 80
60 75 137
60 76 161
60 77 233
60 78 238
60 79 185
60 80 229
60 81 147
60 82 209
60 83 136
60 84 157
60 85 190
60 86 92
60 87 88
60 88 57
60 89 205
60 90 164
60 91 158
60 92 166
60 93 124
60 94 216
60 95 179
60 96 64
60 97 79
60 98 185
60 99 202
61 1 82
61 2 90
61 3 152
61 4 162
61 5 191
61 6 173
61 7 137
61 8 133
61 9 81
61 10 163
61 11 194
61 12 139
61 13 168
61 14 50
61 15 102
61 16 130
61 17 75
61 18 156
61 19 189
61 20 215
61 21 247
61 22 66
61 23 124
61 24 224
61 25 156
61 26 52
61 27 108
61 28 126
61 29 128
61 30 93
61 31 100
61 32 108
61 33 208
61 34 197
61 35 112
61 36 248
61 37 227
61 38 58
61 39 186
61 40 183
61 41 77
61 42 211
61 43 103
61 44 86
61 45 217
61 46 154
61 47 109
61 48 98
61 49 60
61 50 170
61 51 155
61 52 54
61 53 105
61 54 94
61 55 53
61 56 174
61 57 183
61 58 140
61 59 106
61 60 233
61 62 223
61 63 71
61 64 205
61 65 198
61 66 74
61 67 239
61 68 205
61 69 159
61 70 156
61 71 53
61 72 158
61 73 191
61 74 84
61 75 206
61 76 76
61 77 234
61 78 121
61 79 109
61 80 175
61 81 193
61 82 215
61 83 119
61 84 58
61 85 176
61 86 84
61 87 159
61 88 90
61 89 96
61 90 111
61 91 93
61 92 104
61 93 50
61 94 211
61 95 73
61 96 167
61 97 92
61 98 193
61 99 159
62 1 77
62 2 210
62 3 85
62 4 95
62 5 140
62 6 104
62 7 138
62 8 64
62 9 207
62 10 79
62 11 143
62 12 193
62 13 221
62 14 128
62 15 189
62 16 145
62 17 99
62 18 138
62 19 203
62 20 212
62 21 78
62 22 210
62 23 200
62 24 182
62 25 233
62 26 105
62 27 138
62 28 136
62 29 81
62 30 144
62 31 143
62 32 135
62 33 219
62 34 249
62 35 64
62 36 201
62 37 249
62 38 239
62 39 208
62 40 187
62 41 110
62 42 79
62 43 147
62 44 173
62 45 231
62 46 84
62 47 77
62 48 151
62 49 121
62 50 104
62 51 174
62 52 79
62 53 187
62 54 52
62 55 233
62 56 192
62 57 178
62 58 142
62 59 122
62 60 218
62 61 223
62 63 145
62 64 180
62 65 99
62 66 87
62 67 114
62 68 188
62 69 147
62 70 177
62 71 76
62 72 144
62 73 82
62 74 146
62 75 153
62 76 120
62 77 162
62 78 245
62 79 207
62 80 121
62 81 203
62 82 193
62 83 180
62 84 113
62 85 178
62 86 140
62 87 216
62 88 103
62 89 160
62 90 192
62 91 194
62 92 104
62 93 232
62 94 230
62 95 113
62 96 93
62 97 162
62 98 193
62 99 209
63 1 53
63 2 176
63 3 142
63 4 93
63 5 230
63 6 151
63 7 185
63 8 185
63 9 160
63 10 172
63 11 140
63 12 134
63 13 181
63 14 131
63 15 181
63 16 178
63 17 245
63 18 90
63 19 87
63 20 101
63 21 185
63 22 191
63 23 217
63 24 173
63 25 175
63 26 226
63 27 59
63 28 204
63 29 236
63 30 163
63 31 182
63 32 176
63 33 241
63 34 162
63 35 51
63 36 136
63 37 192
63 38 79
63 39 144
63 40 122
63 41 184
63 42 113
63 43 150
63 44 170
63 45 122
63 46 177
63 47 123
63 48 181
63 49 211
63 50 216
63 51 199
63 52 213
63 53 241
63 54 66
63 55 134
63 56 83
63 57 141
63 58 144
63 59 244
63 60 179
63 61 71
63 62 145
63 64 101
63 65 63
63 66 249
63 67 111
63 68 244
63 69 200
63 70 217
63 71 95
63 72 104
63 73 167
63 74 240
63 75 224
63 76 159
63 77 178
63 78 196
63 79 197
63 80 92
63 81 229
63 82 109
63 83 220
63 84 181
63 85 226
63 86 185
63 87 212
63 88 127
63 89 186
63 90 155
63 91 146
63 92 94
63 93 87
63 94 211
63 95 210
63 96 177
63 97 129
63 98 214
63 99 137
64 1 235
64 2 213
64 3 153
64 4 142
64 5 102
64 6 232
64 7 53
64 8 81
64 9 87
64 10 217
64 11 215
64 12 218
64 13 54
64 14 226
64 15 115
64 16 106
64 17 165
64 18 134
64 19 75
64 20 161
64 21 212
64 22 159
64 23 59
64 24 190
64 25 114
64 26 177
64 27 59
64 28 123
64 29 50
64 30 79
64 31 149
64 32 152
64 33 94
64 34 118
64 35 180
64 36 169
64 37 234
64 38 92
64 39 202
64 40 60
64 41 98
64 42 106
64 43 103
64 44 93
64 45 235
64 46 146
64 47 133
64 48 157
64 49 169
64 50 63
64 51 92
64 52 59
64 53 160
64 54 134
64 55 173
64 56 121
64 57 198
64 58 139
64 59 149
64 60 137
64 61 205
64 62 180
64 63 101
64 65 204
64 66 145
64 67 233
64 68 132
64 69 248
64 70 155
64 71 101
64 72 56
64 73 165
64 74 205
64 75 250
64 76 171
64 77 244
64 78 205
64 79 87
64 80 203
64 81 75
64 82 227
64 83 167
64 84 136
64 85 185
64 86 172
64 87 90
64 88 195
64 89 200
64 90 104
64 91 212
64 92 92
64 93 95
64 94 126
64 95 163
64 96 56
64 97 75
64 98 125
64 99 161
65 1 235
65 2 193
65 3 81
65 4 141
65 5 71
65 6 158
65 7 113
65 8 90
65 9 194
65 10 149
65 11 226
65 12 250
65 13 196
65 14 127
65 15 230
65 16 124
65 17 181
65 18 132
65 19 249
65 20 74
65 21 177
65 22 126
65 23 166
65 24 101
65 25 87
65 26 209
65 27 61
65 28 247
65 29 159
65 30 149
65 31 56
65 32 180
65 33 114
65 34 104
65 35 131
65 36 192
65 37 67
65 38 204
65 39 117
65 40 107
65 41 88
65 42 229
65 43 89
65 44 98
65 45 187
65 46 54
65 47 130
65 48 108
65 49 120
65 50 194
65 51 139
65 52 142
65 53 127
65 54 212
65 55 57
65 56 155
65 57 144
65 58 238
65 59 102
65 60 250
65 61 198
65 62 99
65 63 63
65 64 204
65 66 195
65 67 60
65 68 230
65 69 82
65 70 238
65 71 167
65 72 53
65 73 171
65 74 152
65 75 228
65 76 198
65 77 205
65 78 66
65 79 57
65 80 56
65 81 129
65 82 157
65 83 171
65 84 94
65 85 227
65 86 80
65 87 84
65 88 153
65 89 89
65 90 163
65 91 191
65 92 211
65 93 228
65 94 244
65 95 201
65 96 81
65 97 143
65 98 144
65 99 81
66 1 217
66 2 226
66 3 132
66 4 95
66 5 160
66 6 99
66 7 243
66 8 166
66 9 149
66 10 151
66 11 81
66 12 78
66 13 93
66 14 163
66 15 217
66 16 231
66 17 119
66 18 193
66 19 69
66 20 120
66 21 89
66 22 242
66 23 147
66 24 98
66 25 119
66 26 158
66 27 92
66 28 86
66 29 227
66 30 247
66 31 244
66 32 174
66 33 116
66 34 54
66 35 86
66 36 124
66 37 160
66 38 187
66 39 102
66 40 221
66 41 215
66 42 187
66 43 76
66 44 176
66 45 205
66 46 91
66 47 114
66 48 180
66 49 178
66 50 130
66 51 237
66 52 179
66 53 209
66 54 182
66 55 230
66 56 101
66 57 136
66 58 174
66 59 146
66 60 226
66 61 74
66 62 87
66 63 249
66 64 145
66 65 195
66 67 198
66 68 105
66 69 207
66 70 102
66 71 92
66 72 101
66 73 54
66 74 212
66 75 146
66 76 116
66 77 53
66 78 138
66 79 178
66 80 156
66 81 109
66 82 81
66 83 131
66 84 166
66 85 98
66 86 248
66 87 209
66 88 170
66 89 78
66 90 230
66 91 219
66 92 214
66 93 219
66 94 98
66 95 186
66 96 79
66 97 199
66 98 204
66 99 72
67 1 178
67 2 77
67 3 70
67 4 80
67 5 130
67 6 169
67 7 83
67 8 243
67 9 90
67 10 64
67 11 241
67 12 230
67 13 244
67 14 136
67 15 59
67 16 138
67 17 139
67 18 148
67 19 183
67 20 73
67 21 191
67 22 144
67 23 96
67 24 144
67 25 200
67 26 222
67 27 75
67 28 130
67 29 127
67 30 95
67 31 61
67 32 70
67 33 210
67 34 180
67 35 107
67 36 108
67 37 76
67 38 57
67 39 207
67 40 71
67 41 197
67 42 60
67 43 94
67 44 169
67 45 104
67 46 90
67 47 92
67 48 51
67 49 245
67 50 51
67 51 246
67 52 70
67 53 130
67 54 246
67 55 101
67 56 143
67 57 235
67 58 117
67 59 84
67 60 76
67 61 239
67 62 114
67 63 111
67 64 233
67 65 60
67 66 198
67 68 194
67 69 150
67 70 218
67 71 57
67 72 123
67 73 109
67 74 217
67 75 211
67 76 117
67 77 132
67 78 142
67 79 77
67 80 248
67 81 220
67 82 210
67 83 212
67 84 84
67 85 200
67 86 74
67 87 113
67 88 66
67 89 92
67 90 99
67 91 210
67 92 198
67 93 108
67 94 170
67 95 62
67 96 132
67 97 250
67 98 122
67 99 176
68 1 142
68 2 240
68 3 148
68 4 244
68 5 120
68 6 109
68 7 119
68 8 238
68 9 149
68 10 107
68 11 156
68 12 210
68 13 145
68 14 180
68 15 146
68 16 215
68 17 141
68 18 122
68 19 100
68 20 87
68 21 162
68 22 83
68 23 170
68 24 83
68 25 229
68 26 107
68 27 82
68 28 177
68 29 180
68 30 92
68 31 91
68 32 171
68 33 208
68 34 175
68 35 158
68 36 199
68 37 138
68 38 101
68 39 92
68 40 97
68 41 196
68 42 99
68 43 219
68 44 107
68 45 210
68 46 129
68 47 173
68 48 214
68 49 83
68 50 120
68 51 226
68 52 182
68 53 100
68 54 248
68 55 52
68 56 162
68 57 155
68 58 107
68 59 204
68 60 112
68 61 205
68 62 188
68 63 244
68 64 132
68 65 230
68 66 105
68 67 194
68 69 243
68 70 127
68 71 190
68 72 117
68 73 133
68 74 61
68 75 163
68 76 154
68 77 94
68 78 176
68 79 195
68 80 208
68 81 137
68 82 192
68 83 81
68 84 51
68 85 93
68 86 58
68 87 144
68 88 158
68 89 155
68 90 249
68 91 159
68 92 247
68 93 201
68 94 250
68 95 136
68 96 155
68 97 184
68 98 124
68 99 237
69 1 63
69 2 198
69 3 160
69 4 249
69 5 130
69 6 139
69 7 196
69 8 230
69 9 227
69 10 78
69 11 134
69 12 82
69 13 159
69 14 228
69 15 125
69 16 115
69 17 202
69 18 96
69 19 221
69 20 78
69 21 140
69 22 94
69 23 202
69 24 79
69 25 191
69 26 212
69 27 87
69 28 93
69 29 201
69 30 216
69 31 108
69 32 157
69 33 143
69 34 134
69 35 98
69 36 165
69 37 166
69 38 185
69 39 199
69 40 146
69 41 240
69 42 73
69 43 195
69 44 209
69 45 172
69 46 230
69 47 169
69 48 126
69 49 167
69 50 235
69 51 85
69 52 248
69 53 97
69 54 82
69 55 119
69 56 68
69 57 144
69 58 122
69 59 80
69 60 219
69 61 159
69 62 147
69 63 200
69 64 248
69 65 82
69 66 207
69 67 150
69 68 243
69 70 118
69 71 107
69 72 145
69 73 86
69 74 72
69 75 98
69 76 221
69 77 162
69 78 209
69 79 66
69 80 212
69 81 71
69 82 240
69 83 69
69 84 215
69 85 60
69 86 82
69 87 239
69 88 226
69 89 182
69 90 230
69 91 96
69 92 106
69 93 138
69 94 56
69 95 129
69 96 78
69 97 244
69 98 171
69 99 115
70 1 163
70 2 150
70 3 167
70 4 172
70 5 127
70 6 227
70 7 216
70 8 63
70 9 119
70 10 89
70 11 193
70 12 205
70 13 206
70 14 59
70 15 120
70 16 247
70 17 70
70 18 233
70 19 194
70 20 232
70 21 187
70 22 51
70 23 62
70 24 218
70 25 140
70 26 242
70 27 140
70 28 157
70 29 201
70 30 131
70 31 206
70 32 218
70 33 65
70 34 223
70 35 128
70 36 125
70 37 109
70 38 84
70 39 86
70 40 109
70 41 237
70 42 201
70 43 163
70 44 224
70 45 100
70 46 126
70 47 169
70 48 134
70 49 115
70 50 91
70 51 199
70 52 64
70 53 224
70 54 91
70 55 179
70 56 248
70 57 55
70 58 120
70 59 190
70 60 166
70 61 156
70 62 177
70 63 217
70 64 155
70 65 238
70 66 102
70 67 218
70 68 127
70 69 118
70 71 92
70 72 236
70 73 131
70 74 182
70 75 132
70 76 94
70 77 156
70 78 176
70 79 158
70 80 109
70 81 200
70 82 250
70 83 198
70 84 58
70 85 51
70 86 115
70 87 109
70 88 182
70 89 142
70 90 141
70 91 66
70 92 244
70 93 201
70 94 222
70 95 156
70 96 158
70 97 219
70 98 52
70 99 171
71 1 230
71 2 70
71 3 124
71 4 233
71 5 146
71 6 147
71 7 183
71 8 125
71 9 144
71 10 109
71 11 240
71 12 187
71 13 219
71 14 117
71 15 230
71 16 249
71 17 157
71 18 228
71 19 125
71 20 115
71 21 204
71 22 157
71 23 219
71 24 157
71 25 189
71 26 206
71 27 91
71 28 223
71 29 74
71 30 159
71 31 65
71 32 152
71 33 63
71 34 163
71 35 185
71 36 186
71 37 205
71 38 163
71 39 147
71 40 55
71 41 105
71 42 110
71 43 191
71 44 229
71 45 91
71 46 191
71 47 78
71 48 196
71 49 72
71 50 230
71 51 131
71 52 130
71 53 161
71 54 221
71 55 216
71 56 200
71 57 116
71 58 250
71 59 163
71 60 130
71 61 53
71 62 76
71 63 95
71 64 101
71 65 167
71 66 92
71 67 57
71 68 190
71 69 107
71 70 92
71 72 144
71 73 222
71 74 139
71 75 116
71 76 225
71 77 74
71 78 250
71 79 113
71 80 149
71 81 219
71 82 50
71 83 108
71 84 111
71 85 100
71 86 72
71 87 133
71 88 175
71 89 80
71 90 203
71 91 201
71 92 219
71 93 159
71 94 227
71 95 229
71 96 109
71 97 236
71 98 218
71 99 73
72 1 242
72 2 227
72 3 109
72 4 209
72 5 217
72 6 52
72 7 144
72 8 109
72 9 202
72 10 166
72 11 178
72 12 207
72 13 65
72 14 148
72 15 84
72 16 203
72 17 79
72 18 236
72 19 76
72 20 112
72 21 216
72 22 243
72 23 101
72 24 56
72 25 122
72 26 51
72 27 69
72 28 102
72 29 243
72 30 237
72 31 112
72 32 110
72 33 102
72 34 148
72 35 192
72 36 148
72 37 195
72 38 167
72 39 210
72 40 187
72 41 67
72 42 111
72 43 187
72 44 98
72 45 173
72 46 215
72 47 99
72 48 105
72 49 163
72 50 124
72 51 98
72 52 182
72 53 192
72 54 93
72 55 54
72 56 250
72 57 181
72 58 148
72 59 115
72 60 68
72 61 158
72 62 144
72 63 104
72 64 56
72 65 53
72 66 101
72 67 123
72 68 117
72 69 145
72 70 236
72 71 144
72 73 198
72 74 149
72 75 181
72 76 59
72 77 57
72 78 239
72 79 111
72 80 196
72 81 93
72 82 147
72 83 64
72 84 217
72 85 220
72 86 162
72 87 147
72 88 116
72 89 173
72 90 198
72 91 112
72 92 95
72 93 208
72 94 53
72 95 238
72 96 80
72 97 118
72 98 244
72 99 108
73 1 60
73 2 115
73 3 149
73 4 197
73 5 175
73 6 212
73 7 150
73 8 61
73 9 160
73 10 172
73 11 238
73 12 126
73 13 235
73 14 66
73 15 109
73 16 189
73 17 66
73 18 227
73 19 237
73 20 193
73 21 152
73 22 163
73 23 120
73 24 61
73 25 224
73 26 195
73 27 60
73 28 98
73 29 219
73 30 154
73 31 120
73 32 62
73 33 65
73 34 124
73 35 183
73 36 67
73 37 112
73 38 163
73 39 203
73 40 183
73 41 63
73 42 125
73 43 228
73 44 186
73 45 132
73 46 155
73 47 88
73 48 148
73 49 140
73 50 91
73 51 79
73 52 198
73 53 70
73 54 159
73 55 82
73 56 143
73 57 81
73 58 183
73 59 139
73 60 122
73 61 191
73 62 82
73 63 167
73 64 165
73 65 171
73 66 54
73 67 109
73 68 133
73 69 86
73 70 131
73 71 222
73 72 198
73 74 207
73 75 159
73 76 139
73 77 187
73 78 109
73 79 236
73 80 201
73 81 193
73 82 209
73 83 247
73 84 136
73 85 89
73 86 207
73 87 170
73 88 75
73 89 162
73 90 197
73 91 248
73 92 60
73 93 59
73 94 192
73 95 168
73 96 143
73 97 78
73 98 148
73 99 209
74 1 108
74 2 240
74 3 84
74 4 96
74 5 72
74 6 126
74 7 111
74 8 91
74 9 200
74 10 192
74 11 104
74 12 151
74 13 155
74 14 137
74 15 65
74 16 54
74 17 232
74 18 181
74 19 193
74 20 218
74 21 50
74 22 112
74 23 92
74 24 124
74 25 163
74 26 149
74 27 119
74 28 114
74 29 92
74 30 146
74 31 91
74 32 141
74 33 131
74 34 194
74 35 163
74 36 86
74 37 68
74 38 51
74 39 212
74 40 147
74 41 162
74 42 204
74 43 137
74 44 182
74 45 211
74 46 113
74 47 171
74 48 216
74 49 81
74 50 57
74 51 77
74 52 250
74 53 249
74 54 197
74 55 161
74 56 182
74 57 103
74 58 233
74 59 99
74 60 80
74 61 84
74 62 146
74 63 240
74 64 205
74 65 152
74 66 212
74 67 217
74 68 61
74 69 72
74 70 182
74 71 139
74 72 149
74 73 207
74 75 243
74 76 132
74 77 139
74 78 69
74 79 178
74 80 245
74 81 171
74 82 96
74 83 73
74 84 235
74 85 115
74 86 79
74 87 62
74 88 210
74 89 162
74 90 176
74 91 99
74 92 116
74 93 80
74 94 69
74 95 200
74 96 103
74 97 191
74 98 148
74 99 179
75 1 205
75 2 174
75 3 249
75 4 225
75 5 61
75 6 78
75 7 221
75 8 103
75 9 104
75 10 220
75 11 188
75 12 131
75 13 235
75 14 105
75 15 85
75 16 94
75 17 106
75 18 245
75 19 67
75 20 243
75 21 92
75 22 222
75 23 157
75 24 95
75 25 85
75 26 230
75 27 57
75 28 123
75 29 172
75 30 125
75 31 54
75 32 209
75 33 87
75 34 131
75 35 239
75 36 64
75 37 189
75 38 143
75 39 97
75 40 111
75 41 120
75 42 116
75 43 89
75 44 186
75 45 171
75 46 52
75 47 63
75 48 58
75 49 136
75 50 186
75 51 98
75 52 166
75 53 152
75 54 100
75 55 238
75 56 173
75 57 240
75 58 184
75 59 203
75 60 137
75 61 206
75 62 153
75 63 224
75 64 250
75 65 228
75 66 146
75 67 211
75 68 163
75 69 98
75 70 132
75 71 116
75 72 181
75 73 159
75 74 243
75 76 98
75 77 105
75 78 71
75 79 52
75 80 124
75 81 244
75 82 249
75 83 92
75 84 179
75 85 190
75 86 155
75 87 59
75 88 150
75 89 53
75 90 207
75 91 67
75 92 200
75 93 62
75 94 76
75 95 133
75 96 165
75 97 197
75 98 241
75 99 67
76 1 86
76 2 163
76 3 244
76 4 52
76 5 186
76 6 163
76 7 150
76 8 59
76 9 76
76 10 147
76 11 239
76 12 157
76 13 102
76 14 199
76 15 236
76 16 148
76 17 114
76 18 90
76 19 105
76 20 103
76 21 173
76 22 187
76 23 144
76 24 89
76 25 128
76 26 185
76 27 219
76 28 146
76 29 105
76 30 88
76 31 178
76 32 62
76 33 208
76 34 129
76 35 50
76 36 98
76 37 173
76 38 137
76 39 247
76 40 216
76 41 98
76 42 71
76 43 182
76 44 131
76 45 220
76 46 217
76 47 145
76 48 55
76 49 106
76 50 200
76 51 129
76 52 223
76 53 126
76 54 155
76 55 79
76 56 62
76 57 87
76 58 174
76 59 70
76 60 161
76 61 76
76 62 120
76 63 159
76 64 171
76 65 198
76 66 116
76 67 117
76 68 154
76 69 221
76 70 94
76 71 225
76 72 59
76 73 139
76 74 132
76 75 98
76 77 110
76 78 84
76 79 185
76 80 92
76 81 184
76 82 181
76 83 108
76 84 229
76 85 213
76 86 241
76 87 219
76 88 198
76 89 246
76 90 235
76 91 95
76 92 166
76 93 81
76 94 66
76 95 111
76 96 195
76 97 94
76 98 104
76 99 128
77 1 243
77 2 100
77 3 64
77 4 60
77 5 163
77 6 225
77 7 129
77 8 174
77 9 87
77 10 240
77 11 210
77 12 241
77 13 249
77 14 61
77 15 242
77 16 121
77 17 198
77 18 103
77 19 134
77 20 161
77 21 75
77 22 233
77 23 69
77 24 121
77 25 195
77 26 81
77 27 54
77 28 129
77 29 189
77 30 130
77 31 120
77 32 68
77 33 92
77 34 77
77 35 157
77 36 230
77 37 106
77 38 138
77 39 190
77 40 53
77 41 228
77 42 118
77 43 184
77 44 87
77 45 201
77 46 218
77 47 214
77 48 127
77 49 84
77 50 186
77 51 238
77 52 233
77 53 163
77 54 60
77 55 194
77 56 241
77 57 221
77 58 164
77 59 118
77 60 233
77 61 234
77 62 162
77 63 178
77 64 244
77 65 205
77 66 53
77 67 132
77 68 94
77 69 162
77 70 156
77 71 74
77 72 57
77 73 187
77 74 139
77 75 105
77 76 110
77 78 92
77 79 59
77 80 195
77 81 113
77 82 127
77 83 77
77 84 155
77 85 172
77 86 97
77 87 227
77 88 236
77 89 56
77 90 175
77 91 145
77 92 146
77 93 147
77 94 220
77 95 125
77 96 193
77 97 82
77 98 105
77 99 213
78 1 242
78 2 114
78 3 199
78 4 173
78 5 90
78 6 171
78 7 219
78 8 159
78 9 128
78 10 163
78 11 114
78 12 88
78 13 144
78 14 222
78 15 128
78 16 65
78 17 60
78 18 135
78 19 197
78 20 135
78 21 91
78 22 214
78 23 126
78 24 117
78 25 159
78 26 140
78 27 239
78 28 115
78 29 141
78 30 156
78 31 208
78 32 66
78 33 220
78 34 63
78 35 204
78 36 173
78 37 143
78 38 205
78 39 201
78 40 168
78 41 115
78 42 132
78 43 125
78 44 72
78 45 107
78 46 77
78 47 54
78 48 122
78 49 68
78 50 222
78 51 186
78 52 76
78 53 89
78 54 240
78 55 117
78 56 124
78 57 208
78 58 53
78 59 116
78 60 238
78 61 121
78 62 245
78 63 196
78 64 205
78 65 66
78 66 138
78 67 142
78 68 176
78 69 209
78 70 176
78 71 250
78 72 239
78 73 109
78 74 69
78 75 71
78 76 84
78 77 92
78 79 126
78 80 85
78 81 78
78 82 231
78 83 58
78 84 192
78 85 198
78 86 246
78 87 185
78 88 139
78 89 81
78 90 117
78 91 121
78 92 240
78 93 167
78 94 65
78 95 82
78 96 213
78 97 69
78 98 169
78 99 122
79 1 136
79 2 66
79 3 181
79 4 215
79 5 196
79 6 110
79 7 75
79 8 125
79 9 85
79 10 246
79 11 69
79 12 81
79 13 160
79 14 231
79 15 165
79 16 123
79 17 200
79 18 78
79 19 180
79 20 57
79 21 215
79 22 221
79 23 241
79 24 85
79 25 236
79 26 125
79 27 171
79 28 126
79 29 73
79 30 101
79 31 250
79 32 114
79 33 246
79 34 159
79 35 145
79 36 230
79 37 68
79 38 121
79 39 111
79 40 170
79 41 151
79 42 96
79 43 249
79 44 176
79 45 78
79 46 61
79 47 190
79 48 65
79 49 72
79 50 174
79 51 64
79 52 173
79 53 227
79 54 91
79 55 124
79 56 157
79 57 168
79 58 239
79 59 137
79 60 185
79 61 109
79 62 207
79 63 197
79 64 87
79 65 57
79 66 178
79 67 77
79 68 195
79 69 66
79 70 158
79 71 113
79 72 111
79 73 236
79 74 178
79 75 52
79 76 185
79 77 59
79 78 126
79 80 197
79 81 207
79 82 90
79 83 116
79 84 179
79 85 154
79 86 245
79 87 224
79 88 225
79 89 131
79 90 248
79 91 207
79 92 80
79 93 232
79 94 87
79 95 225
79 96 134
79 97 83
79 98 147
79 99 195
80 1 143
80 2 110
80 3 180
80 4 173
80 5 141
80 6 81
80 7 71
80 8 192
80 9 144
80 10 226
80 11 83
80 12 143
80 13 244
80 14 238
80 15 105
80 16 56
80 17 158
80 18 72
80 19 237
80 20 52
80 21 98
80 22 165
80 23 143
80 24 101
80 25 227
80 26 185
80 27 193
80 28 124
80 29 138
80 30 151
80 31 127
80 32 175
80 33 127
80 34 102
80 35 230
80 36 228
80 37 178
80 38 141
80 39 209
80 40 229
80 41 221
80 42 131
80 43 156
80 44 216
80 45 88
80 46 198
80 47 86
80 48 232
80 49 239
80 50 245
80 51 208
80 52 248
80 53 211
80 54 56
80 55 206
80 56 93
80 57 84
80 58 64
80 59 229
80 60 229
80 61 175
80 62 121
80 63 92
80 64 203
80 65 56
80 66 156
80 67 248
80 68 208
80 69 212
80 70 109
80 71 149
80 72 196
80 73 201
80 74 245
80 75 124
80 76 92
80 77 195
80 78 85
80 79 197
80 81 166
80 82 112
80 83 126
80 84 87
80 85 188
80 86 111
80 87 116
80 88 135
80 89 175
80 90 70
80 91 233
80 92 105
80 93 139
80 94 191
80 95 149
80 96 170
80 97 184
80 98 156
80 99 89
81 1 183
81 2 102
81 3 140
81 4 197
81 5 129
81 6 91
81 7 195
81 8 64
81 9 249
81 10 154
81 11 204
81 12 164
81 13 207
81 14 138
81 15 221
81 16 132
81 17 191
81 18 76
81 19 108
81 20 213
81 21 78
81 22 105
81 23 229
81 24 55
81 25 236
81 26 122
81 27 220
81 28 249
81 29 135
81 30 82
81 31 179
81 32 74
81 33 178
81 34 208
81 35 133
81 36 162
81 37 245
81 38 132
81 39 76
81 40 157
81 41 160
81 42 241
81 43 250
81 44 97
81 45 178
81 46 166
81 47 87
81 48 108
81 49 100
81 50 56
81 51 178
81 52 249
81 53 222
81 54 110
81 55 162
81 56 85
81 57 236
81 58 177
81 59 199
81 60 147
81 61 193
81 62 203
81 63 229
81 64 75
81 65 129
81 66 109
81 67 220
81 68 137
81 69 71
81 70 200
81 71 219
81 72 93
81 73 193
81 74 171
81 75 244
81 76 184
81 77 113
81 78 78
81 79 207
81 80 166
81 82 158
81 83 214
81 84 204
81 85 221
81 86 200
81 87 211
81 88 201
81 89 209
81 90 239
81 91 225
81 92 123
81 93 148
81 94 195
81 95 210
81 96 241
81 97 191
81 98 105
81 99 216
82 1 62
82 2 190
82 3 127
82 4 146
82 5 225
82 6 109
82 7 223
82 8 100
82 9 225
82 10 243
82 11 97
82 12 229
82 13 244
82 14 167
82 15 184
82 16 134
82 17 212
82 18 74
82 19 66
82 20 131
82 21 227
82 22 240
82 23 59
82 24 182
82 25 153
82 26 177
82 27 77
82 28 138
82 29 86
82 30 172
82 31 146
82 32 200
82 33 229
82 34 156
82 35 67
82 36 220
82 37 228
82 38 188
82 39 239
82 40 74
82 41 250
82 42 121
82 43 231
82 44 238
82 45 155
82 46 223
82 47 141
82 48 175
82 49 204
82 50 76
82 51 212
82 52 124
82 53 86
82 54 78
82 55 224
82 56 108
82 57 121
82 58 193
82 59 219
82 60 209
82 61 215
82 62 193
82 63 109
82 64 227
82 65 157
82 66 81
82 67 210
82 68 192
82 69 240
82 70 250
82 71 50
82 72 147
82 73 209
82 74 96
82 75 249
82 76 181
82 77 127
82 78 231
82 79 90
82 80 112
82 81 158
82 83 105
82 84 245
82 85 153
82 86 164
82 87 170
82 88 242
82 89 225
82 90 195
82 91 138
82 92 55
82 93 186
82 94 179
82 95 211
82 96 192
82 97 137
82 98 171
82 99 90
83 1 118
83 2 188
83 3 153
83 4 236
83 5 179
83 6 197
83 7 224
83 8 114
83 9 103
83 10 182
83 11 108
83 12 100
83 13 189
83 14 52
83 15 124
83 16 247
83 17 216
83 18 102
83 19 223
83 20 52
83 21 160
83 22 234
83 23 194
83 24 227
83 25 142
83 26 95
83 27 215
83 28 211
83 29 213
83 30 202
83 31 229
83 32 87
83 33 78
83 34 160
83 35 138
83 36 209
83 37 88
83 38 106
83 39 207
83 40 73
83 41 144
83 42 249
83 43 103
83 44 115
83 45 90
83 46 240
83 47 150
83 48 67
83 49 84
83 50 88
83 51 82
83 52 93
83 53 106
83 54 149
83 55 216
83 56 135
83 57 105
83 58 126
83 59 153
83 60 136
83 61 119
83 62 180
83 63 220
83 64 167
83 65 171
83 66 131
83 67 212
83 68 81
83 69 69
83 70 198
83 71 108
83 72 64
83 73 247
83 74 73
83 75 92
83 76 108
83 77 77
83 78 58
83 79 116
83 80 126
83 81 214
83 82 105
83 84 246
83 85 150
83 86 203
83 87 69
83 88 238
83 89 164
83 90 223
83 91 143
83 92 212
83 93 244
83 94 85
83 95 143
83 96 55
83 97 245
83 98 191
83 99 77
84 1 219
84 2 97
84 3 179
84 4 220
84 5 66
84 6 247
84 7 148
84 8 183
84 9 226
84 10 101
84 11 129
84 12 196
84 13 78
84 14 103
84 15 110
84 16 223
84 17 115
84 18 65
84 19 210
84 20 112
84 21 185
84 22 217
84 23 208
84 24 238
84 25 208
84 26 194
84 27 175
84 28 63
84 29 74
84 30 100
84 31 157
84 32 169
84 33 208
84 34 70
84 35 232
84 36 199
84 37 176
84 38 220
84 39 228
84 40 168
84 41 241
84 42 208
84 43 221
84 44 56
84 45 125
84 46 247
84 47 56
84 48 178
84 49 222
84 50 221
84 51 91
84 52 176
84 53 75
84 54 237
84 55 241
84 56 159
84 57 86
84 58 95
84 59 78
84 60 157
84 61 58
84 62 113
84 63 181
84 64 136
84 65 94
84 66 166
84 67 84
84 68 51
84 69 215
84 70 58
84 71 111
84 72 217
84 73 136
84 74 235
84 75 179
84 76 229
84 77 155
84 78 192
84 79 179
84 80 87
84 81 204
84 82 245
84 83 246
84 85 209
84 86 103
84 87 131
84 88 81
84 89 168
84 90 90
84 91 130
84 92 195
84 93 172
84 94 129
84 95 104
84 96 171
84 97 57
84 98 168
84 99 231
85 1 142
85 2 63
85 3 213
85 4 128
85 5 246
85 6 107
85 7 155
85 8 150
85 9 86
85 10 126
85 11 131
85 12 58
85 13 92
85 14 175
85 15 149
85 16 117
85 17 142
85 18 160
85 19 160
85 20 117
85 21 65
85 22 211
85 23 149
85 24 170
85 25 176
85 26 204
85 27 216
85 28 238
85 29 152
85 30 122
85 31 192
85 32 151
85 33 87
85 34 181
85 35 109
85 36 119
85 37 72
85 38 147
85 39 228
85 40 182
85 41 177
85 42 67
85 43 240
85 44 217
85 45 199
85 46 98
85 47 186
85 48 98
85 49 216
85 50 244
85 51 214
85 52 242
85 53 244
85 54 169
85 55 100
85 56 124
85 57 205
85 58 147
85 59 170
85 60 190
85 61 176
85 62 178
85 63 226
85 64 185
85 65 227
85 66 98
85 67 200
85 68 93
85 69 60
85 70 51
85 71 100
85 72 220
85 73 89
85 74 115
85 75 190
85 76 213
85 77 172
85 78 198
85 79 154
85 80 188
85 81 221
85 82 153
85 83 150
85 84 209
85 86 129
85 87 203
85 88 84
85 89 52
85 90 202
85 91 225
85 92 216
85 93 230
85 94 230
85 95 133
85 96 189
85 97 240
85 98 56
85 99 118
86 1 103
86 2 68
86 3 116
86 4 240
86 5 224
86 6 236
86 7 207
86 8 99
86 9 92
86 10 104
86 11 91
86 12 246
86 13 173
86 14 123
86 15 53
86 16 52
86 17 170
86 18 245
86 19 164
86 20 92
86 21 93
86 22 249
86 23 174
86 24 137
86 25 234
86 26 143
86 27 238
86 28 215
86 29 138
86 30 66
86 31 155
86 32 193
86 33 69
86 34 83
86 35 232
86 36 134
86 37 203
86 38 50
86 39 186
86 40 85
86 41 186
86 42 229
86 43 184
86 44 66
86 45 135
86 46 84
86 47 159
86 48 201
86 49 164
86 50 196
86 51 203
86 52 221
86 53 101
86 54 205
86 55 214
86 56 172
86 57 205
86 58 229
86 59 115
86 60 92
86 61 84
86 62 140
86 63 185
86 64 172
86 65 80
86 66 248
86 67 74
86 68 58
86 69 82
86 70 115
86 71 72
86 72 162
86 73 207
86 74 79
86 75 155
86 76 241
86 77 97
86 78 246
86 79 245
86 80 111
86 81 200
86 82 164
86 83 203
86 84 103
86 85 129
86 87 185
86 88 204
86 89 207
86 90 167
86 91 125
86 92 151
86 93 107
86 94 99
86 95 78
86 96 53
86 97 242
86 98 222
86 99 249
87 1 146
87 2 137
87 3 148
87 4 196
87 5 226
87 6 155
87 7 185
87 8 222
87 9 225
87 10 116
87 11 117
87 12 98
87 13 58
87 14 85
87 15 74
87 16 209
87 17 64
87 18 133
87 19 179
87 20 241
87 21 205
87 22 122
87 23 145
87 24 191
87 25 104
87 26 108
87 27 143
87 28 236
87 29 51
87 30 98
87 31 157
87 32 50
87 33 110
87 34 70
87 35 222
87 36 157
87 37 239
87 38 213
87 39 228
87 40 150
87 41 111
87 42 225
87 43 183
87 44 54
87 45 114
87 46 235
87 47 166
87 48 139
87 49 95
87 50 93
87 51 69
87 52 205
87 53 235
87 54 150
87 55 162
87 56 208
87 57 195
87 58 184
87 59 165
87 60 88
87 61 159
87 62 216
87 63 212
87 64 90
87 65 84
87 66 209
87 67 113
87 68 144
87 69 239
87 70 109
87 71 133
87 72 147
87 73 170
87 74 62
87 75 59
87 76 219
87 77 227
87 78 185
87 79 224
87 80 116
87 81 211
87 82 170
87 83 69
87 84 131
87 85 203
87 86 185
87 88 206
87 89 231
87 90 162
87 91 230
87 92 81
87 93 188
87 94 155
87 95 152
87 96 172
87 97 236
87 98 123
87 99 196
88 1 189
88 2 183
88 3 87
88 4 92
88 5 107
88 6 114
88 7 238
88 8 145
88 9 154
88 10 107
88 11 73
88 12 189
88 13 157
88 14 231
88 15 189
88 16 105
88 17 85
88 18 58
88 19 192
88 20 191
88 21 224
88 22 106
88 23 180
88 24 167
88 25 197
88 26 88
88 27 186
88 28 145
88 29 167
88 30 60
88 31 174
88 32 80
88 33 176
88 34 125
88 35 163
88 36 141
88 37 51
88 38 200
88 39 69
88 40 54
88 41 113
88 42 240
88 43 107
88 44 198
88 45 250
88 46 219
88 47 91
88 48 249
88 49 98
88 50 221
88 51 158
88 52 128
88 53 164
88 54 125
88 55 55
88 56 156
88 57 230
88 58 172
88 59 218
88 60 57
88 61 90
88 62 103
88 63 127
88 64 195
88 65 153
88 66 170
88 67 66
88 68 158
88 69 226
88 70 182
88 71 175
88 72 116
88 73 75
88 74 210
88 75 150
88 76 198
88 77 236
88 78 139
88 79 225
88 80 135
88 81 201
88 82 242
88 83 238
88 84 81
88 85 84
88 86 204
88 87 206
88 89 166
88 90 79
88 91 175
88 92 231
88 93 125
88 94 230
88 95 88
88 96 86
88 97 118
88 98 139
88 99 134
89 1 211
89 2 188
89 3 159
89 4 209
89 5 165
89 6 197
89 7 201
89 8 172
89 9 55
89 10 128
89 11 178
89 12 176
89 13 150
89 14 91
89 15 228
89 16 74
89 17 171
89 18 132
89 19 128
89 20 178
89 21 187
89 22 242
89 23 80
89 24 226
89 25 170
89 26 137
89 27 155
89 28 171
89 29 219
89 30 172
89 31 111
89 32 70
89 33 193
89 34 201
89 35 52
89 36 133
89 37 250
89 38 214
89 39 82
89 40 66
89 41 89
89 42 140
89 43 250
89 44 79
89 45 102
89 46 148
89 47 60
89 48 216
89 49 136
89 50 71
89 51 207
89 52 81
89 53 186
89 54 79
89 55 125
89 56 80
89 57 102
89 58 207
89 59 80
89 60 205
89 61 96
89 62 160
89 63 186
89 64 200
89 65 89
89 66 78
89 67 92
89 68 155
89 69 182
89 70 142
89 71 80
89 72 173
89 73 162
89 74 162
89 75 53
89 76 246
89 77 56
89 78 81
89 79 131
89 80 175
89 81 209
89 82 225
89 83 164
89 84 168
89 85 52
89 86 207
89 87 231
89 88 166
89 90 162
89 91 72
89 92 222
89 93 79
89 94 109
89 95 74
89 96 153
89 97 171
89 98 61
89 99 77
90 1 74
90 2 118
90 3 223
90 4 51
90 5 97
90 6 141
90 7 199
90 8 60
90 9 145
90 10 154
90 11 118
90 12 249
90 13 101
90 14 93
90 15 71
90 16 93
90 17 250
90 18 142
90 19 222
90 20 95
90 21 130
90 22 83
90 23 116
90 24 166
90 25 189
90 26 174
90 27 199
90 28 97
90 29 110
90 30 171
90 31 173
90 32 191
90 33 193
90 34 163
90 35 140
90 36 137
90 37 210
90 38 151
90 39 73
90 40 132
90 41 231
90 42 183
90 43 103
90 44 125
90 45 225
90 46 167
90 47 51
90 48 236
90 49 87
90 50 247
90 51 65
90 52 218
90 53 163
90 54 158
90 55 66
90 56 177
90 57 154
90 58 69
90 59 210
90 60 164
90 61 111
90 62 192
90 63 155
90 64 104
90 65 163
90 66 230
90 67 99
90 68 249
90 69 230
90 70 141
90 71 203
90 72 198
90 73 197
90 74 176
90 75 207
90 76 235
90 77 175
90 78 117
90 79 248
90 80 70
90 81 239
90 82 195
90 83 223
90 84 90
90 85 202
90 86 167
90 87 162
90 88 79
90 89 162
90 91 222
90 92 248
90 93 67
90 94 161
90 95 187
90 96 236
90 97 151
90 98 88
90 99 248
91 1 194
91 2 122
91 3 95
91 4 50
91 5 142
91 6 250
91 7 234
91 8 157
91 9 91
91 10 100
91 11 181
91 12 224
91 13 66
91 14 78
91 15 202
91 16 216
91 17 57
91 18 213
91 19 67
91 20 137
91 21 230
91 22 159
91 23 235
91 24 86
91 25 133
91 26 205
91 27 85
91 28 142
91 29 234
91 30 97
91 31 132
91 32 179
91 33 84
91 34 222
91 35 246
91 36 240
91 37 139
91 38 218
91 39 166
91 40 53
91 41 195
91 42 214
91 43 139
91 44 219
91 45 216
91 46 186
91 47 106
91 48 137
91 49 247
91 50 114
91 51 85
91 52 89
91 53 186
91 54 189
91 55 98
91 56 206
91 57 67
91 58 178
91 59 66
91 60 158
91 61 93
91 62 194
91 63 146
91 64 212
91 65 191
91 66 219
91 67 210
91 68 159
91 69 96
91 70 66
91 71 201
91 72 112
91 73 248
91 74 99
91 75 67
91 76 95
91 77 145
91 78 121
91 79 207
91 80 233
91 81 225
91 82 138
91 83 143
91 84 130
91 85 225
91 86 125
91 87 230
91 88 175
91 89 72
91 90 222
91 92 163
91 93 171
91 94 198
91 95 165
91 96 219
91 97 127
91 98 101
91 99 77
92 1 123
92 2 120
92 3 198
92 4 99
92 5 162
92 6 233
92 7 113
92 8 154
92 9 138
92 10 76
92 11 93
92 12 221
92 13 108
92 14 199
92 15 126
92 16 154
92 17 159
92 18 115
92 19 123
92 20 50
92 21 109
92 22 181
92 23 71
92 24 250
92 25 203
92 26 156
92 27 81
92 28 191
92 29 95
92 30 171
92 31 63
92 32 246
92 33 157
92 34 156
92 35 209
92 36 203
92 37 69
92 38 229
92 39 92
92 40 65
92 41 233
92 42 104
92 43 176
92 44 230
92 45 197
92 46 161
92 47 86
92 48 105
92 49 70
92 50 130
92 51 246
92 52 249
92 53 154
92 54 120
92 55 249
92 56 190
92 57 109
92 58 219
92 59 222
92 60 166
92 61 104
92 62 104
92 63 94
92 64 92
92 65 211
92 66 214
92 67 198
92 68 247
92 69 106
92 70 244
92 71 219
92 72 95
92 73 60
92 74 116
92 75 200
92 76 166
92 77 146
92 78 240
92 79 80
92 80 105
92 81 123
92 82 55
92 83 212
92 84 195
92 85 216
92 86 151
92 87 81
92 88 231
92 89 222
92 90 248
92 91 163
92 93 59
92 94 115
92 95 199
92 96 60
92 97 137
92 98 138
92 99 140
93 1 56
93 2 149
93 3 208
93 4 203
93 5 128
93 6 227
93 7 239
93 8 65
93 9 224
93 10 209
93 11 110
93 12 147
93 13 241
93 14 145
93 15 111
93 16 207
93 17 121
93 18 93
93 19 64
93 20 103
93 21 184
93 22 169
93 23 190
93 24 101
93 25 156
93 26 105
93 27 198
93 28 172
93 29 178
93 30 84
93 31 98
93 32 56
93 33 192
93 34 70
93 35 160
93 36 118
93 37 246
93 38 92
93 39 166
93 40 108
93 41 102
93 42 142
93 43 188
93 44 68
93 45 233
93 46 82
93 47 238
93 48 181
93 49 168
93 50 86
93 51 105
93 52 78
93 53 174
93 54 74
93 55 155
93 56 154
93 57 151
93 58 122
93 59 61
93 60 124
93 61 50
93 62 232
93 63 87
93 64 95
93 65 228
93 66 219
93 67 108
93 68 201
93 69 138
93 70 201
93 71 159
93 72 208
93 73 59
93 74 80
93 75 62
93 76 81
93 77 147
93 78 167
93 79 232
93 80 139
93 81 148
93 82 186
93 83 244
93 84 172
93 85 230
93 86 107
93 87 188
93 88 125
93 89 79
93 90 67
93 91 171
93 92 59
93 94 193
93 95 207
93 96 178
93 97 216
93 98 67
93 99 176
94 1 92
94 2 186
94 3 209
94 4 189
94 5 62
94 6 127
94 7 83
94 8 92
94 9 142
94 10 136
94 11 134
94 12 225
94 13 61
94 14 166
94 15 65
94 16 176
94 17 141
94 18 154
94 19 52
94 20 155
94 21 140
94 22 146
94 23 100
94 24 188
94 25 158
94 26 224
94 27 232
94 28 114
94 29 106
94 30 243
94 31 164
94 32 123
94 33 71
94 34 131
94 35 61
94 36 148
94 37 233
94 38 56
94 39 240
94 40 248
94 41 217
94 42 143
94 43 172
94 44 224
94 45 201
94 46 199
94 47 149
94 48 194
94 49 132
94 50 191
94 51 84
94 52 157
94 53 102
94 54 122
94 55 104
94 56 97
94 57 194
94 58 248
94 59 97
94 60 216
94 61 211
94 62 230
94 63 211
94 64 126
94 65 244
94 66 98
94 67 170
94 68 250
94 69 56
94 70 222
94 71 227
94 72 53
94 73 192
94 74 69
94 75 76
94 76 66
94 77 220
94 78 65
94 79 87
94 80 191
94 81 195
94 82 179
94 83 85
94 84 129
94 85 230
94 86 99
94 87 155
94 88 230
94 89 109
94 90 161
94 91 198
94 92 115
94 93 193
94 95 88
94 96 110
94 97 118
94 98 160
94 99 152
95 1 147
95 2 194
95 3 191
95 4 67
95 5 159
95 6 227
95 7 123
95 8 181
95 9 52
95 10 159
95 11 61
95 12 134
95 13 148
95 14 193
95 15 86
95 16 249
95 17 249
95 18 75
95 19 156
95 20 147
95 21 71
95 22 115
95 23 225
95 24 177
95 25 178
95 26 136
95 27 230
95 28 115
95 29 178
95 30 105
95 31 213
95 32 205
95 33 128
95 34 132
95 35 166
95 36 140
95 37 53
95 38 83
95 39 156
95 40 147
95 41 92
95 42 195
95 43 153
95 44 206
95 45 86
95 46 206
95 47 244
95 48 244
95 49 107
95 50 147
95 51 109
95 52 102
95 53 142
95 54 118
95 55 96
95 56 105
95 57 57
95 58 87
95 59 132
95 60 179
95 61 73
95 62 113
95 63 210
95 64 163
95 65 201
95 66 186
95 67 62
95 68 136
95 69 129
95 70 156
95 71 229
95 72 238
95 73 168
95 74 200
95 75 133
95 76 111
95 77 125
95 78 82
95 79 225
95 80 149
95 81 210
95 82 211
95 83 143
95 84 104
95 85 133
95 86 78
95 87 152
95 88 88
95 89 74
95 90 187
95 91 165
95 92 199
95 93 207
95 94 88
95 96 197
95 97 99
95 98 142
95 99 62
96 1 93
96 2 230
96 3 178
96 4 244
96 5 197
96 6 232
96 7 95
96 8 169
96 9 169
96 10 235
96 11 149
96 12 149
96 13 217
96 14 162
96 15 56
96 16 237
96 17 103
96 18 216
96 19 173
96 20 124
96 21 104
96 22 77
96 23 220
96 24 182
96 25 122
96 26 215
96 27 129
96 28 198
96 29 164
96 30 179
96 31 92
96 32 80
96 33 217
96 34 216
96 35 130
96 36 148
96 37 142
96 38 202
96 39 197
96 40 237
96 41 135
96 42 52
96 43 202
96 44 229
96 45 51
96 46 157
96 47 249
96 48 64
96 49 207
96 50 58
96 51 169
96 52 83
96 53 138
96 54 51
96 55 239
96 56 123
96 57 142
96 58 102
96 59 169
96 60 64
96 61 167
96 62 93
96 63 177
96 64 56
96 65 81
96 66 79
96 67 132
96 68 155
96 69 78
96 70 158
96 71 109
96 72 80
96 73 143
96 74 103
96 75 165
96 76 195
96 77 193
96 78 213
96 79 134
96 80 170
96 81 241
96 82 192
96 83 55
96 84 171
96 85 189
96 86 53
96 87 172
96 88 86
96 89 153
96 90 236
96 91 219
96 92 60
96 93 178
96 94 110
96 95 197
96 97 165
96 98 195
96 99 196
97 1 179
97 2 225
97 3 94
97 4 129
97 5 114
97 6 119
97 7 166
97 8 181
97 9 249
97 10 172
97 11 138
97 12 59
97 13 221
97 14 208
97 15 197
97 16 142
97 17 143
97 18 203
97 19 239
97 20 184
97 21 179
97 22 103
97 23 177
97 24 180
97 25 88
97 26 67
97 27 69
97 28 55
97 29 136
97 30 126
97 31 215
97 32 110
97 33 95
97 34 55
97 35 197
97 36 69
97 37 213
97 38 139
97 39 165
97 40 139
97 41 205
97 42 165
97 43 190
97 44 200
97 45 170
97 46 97
97 47 73
97 48 73
97 49 111
97 50 144
97 51 226
97 52 228
97 53 159
97 54 69
97 55 189
97 56 243
97 57 157
97 58 194
97 59 114
97 60 79
97 61 92
97 62 162
97 63 129
97 64 75
97 65 143
97 66 199
97 67 250
97 68 184
97 69 244
97 70 219
97 71 236
97 72 118
97 73 78
97 74 191
97 75 197
97 76 94
97 77 82
97 78 69
97 79 83
97 80 184
97 81 191
97 82 137
97 83 245
97 84 57
97 85 240
97 86 242
97 87 236
97 88 118
97 89 171
97 90 151
97 91 127
97 92 137
97 93 216
97 94 118
97 95 99
97 96 165
97 98 117
97 99 224
98 1 178
98 2 175
98 3 63
98 4 98
98 5 110
98 6 204
98 7 65
98 8 191
98 9 142
98 10 217
98 11 101
98 12 55
98 13 232
98 14 120
98 15 140
98 16 58
98 17 104
98 18 165
98 19 109
98 20 166
98 21 74
98 22 248
98 23 109
98 24 85
98 25 250
98 26 143
98 27 50
98 28 143
98 29 154
98 30 237
98 31 103
98 32 136
98 33 67
98 34 250
98 35 223
98 36 130
98 37 173
98 38 242
98 39 250
98 40 89
98 41 77
98 42 78
98 43 196
98 44 183
98 45 145
98 46 125
98 47 176
98 48 165
98 49 242
98 50 77
98 51 152
98 52 210
98 53 90
98 54 174
98 55 210
98 56 50
98 57 101
98 58 109
98 59 68
98 60 185
98 61 193
98 62 193
98 63 214
98 64 125
98 65 144
98 66 204
98 67 122
98 68 124
98 69 171
98 70 52
98 71 218
98 72 244
98 73 148
98 74 148
98 75 241
98 76 104
98 77 105
98 78 169
98 79 147
98 80 156
98 81 105
98 82 171
98 83 191
98 84 168
98 85 56
98 86 222
98 87 123
98 88 139
98 89 61
98 90 88
98 91 101
98 92 138
98 93 67
98 94 160
98 95 142
98 96 195
98 97 117
98 99 133
1 t 181
2 t 159
3 t 203
4 t 106
5 t 240
6 t 103
7 t 113
8 t 61
9 t 134
10 t 159
11 t 155
12 t 152
13 t 158
14 t 199
15 t 172
16 t 59
17 t 198
18 t 106
19 t 129
20 t 168
21 t 122
22 t 103
23 t 189
24 t 62
25 t 244
26 t 150
27 t 225
28 t 183
29 t 131
30 t 85
31 t 211
32 t 69
33 t 56
34 t 133
35 t 117
36 t 153
37 t 109
38 t 153
39 t 231
40 t 78
41 t 148
42 t 180
43 t 91
44 t 154
45 t 131
46 t 134
47 t 51
48 t 122
49 t 193
50 t 75
51 t 169
52 t 69
53 t 143
54 t 155
55 t 222
56 t 238
57 t 105
58 t 56
59 t 238
60 t 202
61 t 159
62 t 209
63 t 137
64 t 161
65 t 81
66 t 72
67 t 176
68 t 237
69 t 115
70 t 171
71 t 73
72 t 108
73 t 209
74 t 179
75 t 67
76 t 128
77 t 213
78 t 122
79 t 195
80 t 89
81 t 216
82 t 90
83 t 77
84 t 231
85 t 118
86 t 249
87 t 196
88 t 134
89 t 77
90 t 248
91 t 77
92 t 140
93 t 176
94 t 152
95 t 62
96 t 196
97 t 224
98 t 133
