s 1 118
s 2 143
s 3 183
s 4 112
s 5 141
s 6 51
s 7 99
s 8 131
s 9 86
s 10 186
s 11 144
s 12 127
s 13 171
s 14 64
s 15 180
s 16 89
s 17 128
s 18 118
s 19 136
s 20 62
s 21 54
s 22 96
s 23 171
s 24 67
s 25 84
s 26 199
s 27 155
s 28 122
s 29 94
s 30 167
s 31 53
s 32 91
s 33 90
s 34 88
s 35 63
s 36 109
s 37 73
s 38 108
s 39 59
s 40 52
s 41 67
s 42 187
s 43 172
s 44 69
s 45 185
s 46 88
s 47 67
s 48 135
s 49 63
s 50 194
s 51 178
s 52 110
s 53 185
s 54 104
s 55 118
s 56 58
s 57 179
s 58 115
s 59 183
s 60 185
s 61 197
s 62 191
s 63 75
s 64 170
s 65 150
s 66 160
s 67 50
s 68 190
s 69 106
s 70 174
s 71 148
s 72 110
s 73 118
s 74 190
s 75 155
s 76 116
s 77 155
s 78 99
s 79 157
s 80 94
s 81 160
s 82 92
s 83 61
s 84 138
s 85 152
s 86 81
s 87 175
s 88 182
s 89 78
s 90 193
s 91 162
s 92 103
s 93 158
s 94 194
s 95 181
s 96 83
s 97 121
s 98 144
s 99 56
1 2 104
1 3 123
1 4 106
1 5 50
1 6 119
1 7 136
1 8 188
1 9 169
1 10 195
1 11 125
1 12 126
1 13 175
1 14 162
1 15 138
1 16 113
1 17 59
1 18 180
1 19 142
1 20 160
1 21 176
1 22 161
1 23 194
1 24 50
1 25 194
1 26 108
1 27 131
1 28 188
1 29 92
1 30 153
1 31 78
1 32 128
1 33 81
1 34 156
1 35 75
1 36 167
1 37 90
1 38 108
1 39 126
1 40 110
1 41 133
1 42 146
1 43 105
1 44 103
1 45 98
1 46 111
1 47 181
1 48 176
1 49 95
1 50 163
1 51 71
1 52 78
1 53 79
1 54 102
1 55 173
1 56 198
1 57 85
1 58 172
1 59 119
1 60 140
1 61 138
1 62 81
1 63 186
1 64 85
1 65 64
1 66 58
1 67 72
1 68 75
1 69 177
1 70 111
1 71 163
1 72 157
1 73 65
1 74 94
1 75 52
1 76 162
1 77 63
1 78 80
1 79 174
1 80 129
1 81 75
1 82 55
1 83 90
1 84 131
1 85 183
1 86 101
1 87 140
1 88 128
1 89 176
1 90 183
1 91 161
1 92 199
1 93 118
1 94 157
1 95 127
1 96 76
1 97 133
1 98 130
1 99 134
2 1 104
2 3 52
2 4 167
2 5 198
2 6 121
2 7 119
2 8 179
2 9 173
2 10 137
2 11 79
2 12 55
2 13 114
2 14 75
2 15 186
2 16 115
2 17 166
2 18 81
2 19 92
2 20 149
2 21 130
2 22 146
2 23 118
2 24 133
2 25 147
2 26 130
2 27 182
2 28 152
2 29 75
2 30 179
2 31 168
2 32 71
2 33 117
2 34 54
2 35 86
2 36 91
2 37 123
2 38 60
2 39 120
2 40 77
2 41 182
2 42 120
2 43 164
2 44 133
2 45 123
2 46 105
2 47 54
2 48 159
2 49 64
2 50 67
2 51 57
2 52 51
2 53 91
2 54 162
2 55 166
2 56 72
2 57 102
2 58 62
2 59 69
2 60 170
2 61 64
2 62 61
2 63 197
2 64 67
2 65 52
2 66 117
2 67 126
2 68 156
2 69 109
2 70 194
2 71 173
2 72 164
2 73 98
2 74 55
2 75 87
2 76 127
2 77 97
2 78 90
2 79 133
2 80 107
2 81 185
2 82 81
2 83 195
2 84 89
2 85 158
2 86 78
2 87 96
2 88 78
2 89 61
2 90 91
2 91 75
2 92 155
2 93 98
2 94 200
2 95 162
2 96 68
2 97 102
2 98 138
2 99 173
3 1 123
3 2 52
3 4 164
3 5 199
3 6 178
3 7 110
3 8 58
3 9 80
3 10 119
3 11 200
3 12 173
3 13 155
3 14 127
3 15 81
3 16 92
3 17 122
3 18 199
3 19 129
3 20 72
3 21 79
3 22 119
3 23 85
3 24 75
3 25 107
3 26 180
3 27 87
3 28 108
3 29 191
3 30 157
3 31 168
3 32 140
3 33 181
3 34 85
3 35 69
3 36 193
3 37 140
3 38 105
3 39 164
3 40 148
3 41 118
3 42 102
3 43 52
3 44 126
3 45 81
3 46 118
3 47 173
3 48 192
3 49 189
3 50 163
3 51 107
3 52 111
3 53 127
3 54 186
3 55 110
3 56 96
3 57 82
3 58 191
3 59 162
3 60 144
3 61 125
3 62 71
3 63 78
3 64 165
3 65 57
3 66 97
3 67 99
3 68 100
3 69 87
3 70 183
3 71 68
3 72 110
3 73 73
3 74 123
3 75 129
3 76 103
3 77 192
3 78 150
3 79 188
3 80 169
3 81 127
3 82 102
3 83 146
3 84 53
3 85 105
3 86 82
3 87 132
3 88 119
3 89 178
3 90 60
3 91 96
3 92 169
3 93 149
3 94 168
3 95 82
3 96 102
3 97 145
3 98 122
3 99 94
4 1 106
4 2 167
4 3 164
4 5 150
4 6 190
4 7 177
4 8 187
4 9 141
4 10 108
4 11 127
4 12 74
4 13 63
4 14 60
4 15 79
4 16 190
4 17 122
4 18 197
4 19 61
4 20 52
4 21 107
4 22 143
4 23 151
4 24 83
4 25 155
4 26 53
4 27 168
4 28 64
4 29 152
4 30 168
4 31 128
4 32 68
4 33 188
4 34 81
4 35 146
4 36 79
4 37 150
4 38 104
4 39 115
4 40 123
4 41 61
4 42 192
4 43 136
4 44 105
4 45 55
4 46 63
4 47 78
4 48 187
4 49 128
4 50 130
4 51 182
4 52 128
4 53 55
4 54 151
4 55 122
4 56 138
4 57 68
4 58 76
4 59 151
4 60 171
4 61 91
4 62 64
4 63 135
4 64 66
4 65 184
4 66 55
4 67 61
4 68 54
4 69 160
4 70 67
4 71 122
4 72 87
4 73 68
4 74 108
4 75 187
4 76 98
4 77 113
4 78 169
4 79 103
4 80 187
4 81 198
4 82 198
4 83 165
4 84 197
4 85 120
4 86 188
4 87 149
4 88 64
4 89 80
4 90 168
4 91 164
4 92 163
4 93 163
4 94 174
4 95 126
4 96 89
4 97 89
4 98 124
4 99 100
5 1 50
5 2 198
5 3 199
5 4 150
5 6 81
5 7 175
5 8 129
5 9 181
5 10 55
5 11 101
5 12 179
5 13 131
5 14 115
5 15 65
5 16 74
5 17 175
5 18 176
5 19 109
5 20 129
5 21 115
5 22 76
5 23 122
5 24 198
5 25 52
5 26 182
5 27 119
5 28 194
5 29 133
5 30 174
5 31 98
5 32 180
5 33 105
5 34 145
5 35 188
5 36 150
5 37 183
5 38 134
5 39 157
5 40 169
5 41 76
5 42 172
5 43 129
5 44 150
5 45 162
5 46 64
5 47 193
5 48 170
5 49 169
5 50 184
5 51 172
5 52 132
5 53 65
5 54 153
5 55 120
5 56 87
5 57 177
5 58 55
5 59 150
5 60 50
5 61 119
5 62 120
5 63 88
5 64 126
5 65 188
5 66 103
5 67 149
5 68 128
5 69 115
5 70 99
5 71 115
5 72 179
5 73 160
5 74 168
5 75 98
5 76 80
5 77 160
5 78 200
5 79 152
5 80 90
5 81 139
5 82 150
5 83 199
5 84 95
5 85 146
5 86 120
5 87 109
5 88 64
5 89 129
5 90 154
5 91 92
5 92 85
5 93 163
5 94 129
5 95 178
5 96 120
5 97 194
5 98 177
5 99 178
6 1 119
6 2 121
6 3 178
6 4 190
6 5 81
6 7 94
6 8 195
6 9 118
6 10 79
6 11 141
6 12 198
6 13 159
6 14 171
6 15 168
6 16 61
6 17 173
6 18 84
6 19 74
6 20 125
6 21 156
6 22 175
6 23 101
6 24 175
6 25 60
6 26 159
6 27 118
6 28 193
6 29 187
6 30 122
6 31 185
6 32 186
6 33 65
6 34 123
6 35 86
6 36 163
6 37 56
6 38 175
6 39 111
6 40 147
6 41 59
6 42 101
6 43 147
6 44 94
6 45 154
6 46 70
6 47 192
6 48 91
6 49 121
6 50 163
6 51 182
6 52 66
6 53 148
6 54 179
6 55 63
6 56 190
6 57 140
6 58 184
6 59 68
6 60 176
6 61 119
6 62 126
6 63 74
6 64 118
6 65 90
6 66 163
6 67 149
6 68 141
6 69 166
6 70 176
6 71 144
6 72 80
6 73 72
6 74 174
6 75 153
6 76 191
6 77 197
6 78 184
6 79 113
6 80 84
6 81 150
6 82 59
6 83 83
6 84 83
6 85 63
6 86 51
6 87 198
6 88 118
6 89 100
6 90 166
6 91 78
6 92 178
6 93 86
6 94 119
6 95 104
6 96 121
6 97 180
6 98 125
6 99 152
7 1 136
7 2 119
7 3 110
7 4 177
7 5 175
7 6 94
7 8 116
7 9 66
7 10 161
7 11 165
7 12 92
7 13 102
7 14 171
7 15 78
7 16 146
7 17 124
7 18 129
7 19 169
7 20 161
7 21 196
7 22 154
7 23 156
7 24 130
7 25 161
7 26 115
7 27 161
7 28 64
7 29 62
7 30 181
7 31 123
7 32 144
7 33 173
7 34 120
7 35 86
7 36 85
7 37 58
7 38 62
7 39 128
7 40 139
7 41 189
7 42 97
7 43 136
7 44 112
7 45 61
7 46 150
7 47 171
7 48 96
7 49 107
7 50 133
7 51 154
7 52 177
7 53 101
7 54 104
7 55 151
7 56 147
7 57 115
7 58 142
7 59 114
7 60 55
7 61 74
7 62 93
7 63 199
7 64 136
7 65 114
7 66 101
7 67 111
7 68 144
7 69 59
7 70 120
7 71 192
7 72 144
7 73 102
7 74 92
7 75 84
7 76 152
7 77 167
7 78 79
7 79 59
7 80 82
7 81 57
7 82 181
7 83 162
7 84 112
7 85 62
7 86 78
7 87 65
7 88 191
7 89 127
7 90 124
7 91 99
7 92 92
7 93 79
7 94 120
7 95 93
7 96 141
7 97 69
7 98 135
7 99 196
8 1 188
8 2 179
8 3 58
8 4 187
8 5 129
8 6 195
8 7 116
8 9 191
8 10 142
8 11 141
8 12 187
8 13 86
8 14 116
8 15 198
8 16 52
8 17 74
8 18 96
8 19 75
8 20 173
8 21 123
8 22 102
8 23 160
8 24 53
8 25 99
8 26 82
8 27 91
8 28 83
8 29 190
8 30 186
8 31 180
8 32 183
8 33 118
8 34 113
8 35 162
8 36 51
8 37 155
8 38 126
8 39 163
8 40 70
8 41 200
8 42 119
8 43 133
8 44 107
8 45 108
8 46 177
8 47 142
8 48 126
8 49 63
8 50 141
8 51 71
8 52 192
8 53 191
8 54 91
8 55 180
8 56 84
8 57 53
8 58 103
8 59 176
8 60 182
8 61 79
8 62 148
8 63 194
8 64 94
8 65 134
8 66 193
8 67 158
8 68 89
8 69 88
8 70 115
8 71 126
8 72 70
8 73 59
8 74 185
8 75 196
8 76 120
8 77 105
8 78 134
8 79 105
8 80 61
8 81 166
8 82 133
8 83 138
8 84 167
8 85 95
8 86 183
8 87 100
8 88 120
8 89 166
8 90 198
8 91 52
8 92 147
8 93 197
8 94 74
8 95 57
8 96 80
8 97 84
8 98 111
8 99 108
9 1 169
9 2 173
9 3 80
9 4 141
9 5 181
9 6 118
9 7 66
9 8 191
9 10 71
9 11 102
9 12 114
9 13 150
9 14 73
9 15 190
9 16 52
9 17 98
9 18 167
9 19 60
9 20 168
9 21 186
9 22 174
9 23 67
9 24 195
9 25 88
9 26 184
9 27 163
9 28 125
9 29 122
9 30 144
9 31 200
9 32 78
9 33 56
9 34 154
9 35 102
9 36 179
9 37 107
9 38 64
9 39 198
9 40 139
9 41 198
9 42 75
9 43 189
9 44 51
9 45 51
9 46 116
9 47 143
9 48 74
9 49 101
9 50 59
9 51 104
9 52 165
9 53 177
9 54 179
9 55 60
9 56 177
9 57 187
9 58 121
9 59 174
9 60 98
9 61 143
9 62 123
9 63 134
9 64 178
9 65 61
9 66 115
9 67 194
9 68 131
9 69 79
9 70 160
9 71 175
9 72 133
9 73 172
9 74 163
9 75 143
9 76 164
9 77 102
9 78 135
9 79 141
9 80 70
9 81 125
9 82 65
9 83 122
9 84 173
9 85 143
9 86 51
9 87 141
9 88 166
9 89 91
9 90 75
9 91 152
9 92 97
9 93 158
9 94 103
9 95 65
9 96 86
9 97 133
9 98 185
9 99 121
10 1 195
10 2 137
10 3 119
10 4 108
10 5 55
10 6 79
10 7 161
10 8 142
10 9 71
10 11 92
10 12 178
10 13 103
10 14 64
10 15 133
10 16 150
10 17 161
10 18 147
10 19 95
10 20 53
10 21 162
10 22 112
10 23 120
10 24 114
10 25 176
10 26 146
10 27 94
10 28 74
10 29 170
10 30 134
10 31 135
10 32 98
10 33 117
10 34 151
10 35 111
10 36 51
10 37 105
10 38 82
10 39 72
10 40 199
10 41 183
10 42 123
10 43 166
10 44 85
10 45 167
10 46 113
10 47 147
10 48 63
10 49 172
10 50 122
10 51 198
10 52 178
10 53 111
10 54 159
10 55 129
10 56 121
10 57 166
10 58 146
10 59 169
10 60 87
10 61 196
10 62 66
10 63 59
10 64 167
10 65 125
10 66 110
10 67 52
10 68 130
10 69 123
10 70 164
10 71 100
10 72 119
10 73 184
10 74 71
10 75 121
10 76 94
10 77 124
10 78 200
10 79 189
10 80 133
10 81 63
10 82 90
10 83 126
10 84 116
10 85 166
10 86 198
10 87 155
10 88 84
10 89 145
10 90 152
10 91 86
10 92 115
10 93 95
10 94 57
10 95 69
10 96 60
10 97 137
10 98 186
10 99 187
11 1 125
11 2 79
11 3 200
11 4 127
11 5 101
11 6 141
11 7 165
11 8 141
11 9 102
11 10 92
11 12 118
11 13 200
11 14 197
11 15 129
11 16 128
11 17 162
11 18 90
11 19 66
11 20 147
11 21 115
11 22 72
11 23 132
11 24 84
11 25 136
11 26 96
11 27 85
11 28 196
11 29 143
11 30 123
11 31 115
11 32 65
11 33 98
11 34 67
11 35 77
11 36 153
11 37 162
11 38 162
11 39 176
11 40 101
11 41 188
11 42 108
11 43 109
11 44 128
11 45 170
11 46 162
11 47 174
11 48 154
11 49 55
11 50 83
11 51 178
11 52 122
11 53 183
11 54 182
11 55 108
11 56 148
11 57 151
11 58 72
11 59 126
11 60 98
11 61 92
11 62 186
11 63 75
11 64 52
11 65 55
11 66 132
11 67 64
11 68 160
11 69 68
11 70 177
11 71 193
11 72 194
11 73 67
11 74 85
11 75 166
11 76 83
11 77 77
11 78 155
11 79 138
11 80 123
11 81 94
11 82 82
11 83 61
11 84 134
11 85 50
11 86 196
11 87 112
11 88 87
11 89 164
11 90 164
11 91 132
11 92 151
11 93 127
11 94 93
11 95 111
11 96 56
11 97 160
11 98 158
11 99 166
12 1 126
12 2 55
12 3 173
12 4 74
12 5 179
12 6 198
12 7 92
12 8 187
12 9 114
12 10 178
12 11 118
12 13 190
12 14 200
12 15 151
12 16 108
12 17 81
12 18 54
12 19 105
12 20 78
12 21 200
12 22 102
12 23 109
12 24 143
12 25 197
12 26 191
12 27 99
12 28 141
12 29 105
12 30 121
12 31 54
12 32 164
12 33 117
12 34 148
12 35 106
12 36 110
12 37 132
12 38 173
12 39 148
12 40 132
12 41 63
12 42 172
12 43 177
12 44 171
12 45 53
12 46 65
12 47 109
12 48 74
12 49 88
12 50 84
12 51 195
12 52 160
12 53 91
12 54 126
12 55 109
12 56 58
12 57 191
12 58 191
12 59 62
12 60 145
12 61 122
12 62 181
12 63 192
12 64 120
12 65 170
12 66 84
12 67 94
12 68 137
12 69 67
12 70 148
12 71 171
12 72 150
12 73 153
12 74 59
12 75 165
12 76 60
12 77 100
12 78 55
12 79 189
12 80 79
12 81 126
12 82 178
12 83 126
12 84 185
12 85 130
12 86 140
12 87 106
12 88 118
12 89 108
12 90 102
12 91 146
12 92 67
12 93 53
12 94 196
12 95 116
12 96 192
12 97 159
12 98 182
12 99 121
13 1 175
13 2 114
13 3 155
13 4 63
13 5 131
13 6 159
13 7 102
13 8 86
13 9 150
13 10 103
13 11 200
13 12 190
13 14 129
13 15 68
13 16 184
13 17 193
13 18 118
13 19 168
13 20 186
13 21 99
13 22 105
13 23 168
13 24 111
13 25 122
13 26 147
13 27 70
13 28 61
13 29 85
13 30 113
13 31 68
13 32 150
13 33 77
13 34 121
13 35 187
13 36 109
13 37 140
13 38 178
13 39 107
13 40 191
13 41 200
13 42 67
13 43 75
13 44 72
13 45 54
13 46 193
13 47 55
13 48 110
13 49 130
13 50 170
13 51 129
13 52 170
13 53 182
13 54 60
13 55 120
13 56 98
13 57 189
13 58 80
13 59 193
13 60 56
13 61 183
13 62 87
13 63 70
13 64 188
13 65 181
13 66 186
13 67 93
13 68 132
13 69 105
13 70 196
13 71 52
13 72 111
13 73 174
13 74 98
13 75 186
13 76 90
13 77 132
13 78 189
13 79 172
13 80 157
13 81 149
13 82 129
13 83 76
13 84 196
13 85 170
13 86 180
13 87 195
13 88 94
13 89 179
13 90 152
13 91 135
13 92 96
13 93 178
13 94 60
13 95 66
13 96 94
13 97 166
13 98 88
13 99 164
14 1 162
14 2 75
14 3 127
14 4 60
14 5 115
14 6 171
14 7 171
14 8 116
14 9 73
14 10 64
14 11 197
14 12 200
14 13 129
14 15 79
14 16 69
14 17 73
14 18 111
14 19 119
14 20 83
14 21 164
14 22 172
14 23 156
14 24 87
14 25 183
14 26 172
14 27 178
14 28 199
14 29 56
14 30 194
14 31 120
14 32 79
14 33 139
14 34 95
14 35 125
14 36 100
14 37 160
14 38 188
14 39 166
14 40 144
14 41 194
14 42 156
14 43 166
14 44 105
14 45 157
14 46 178
14 47 74
14 48 131
14 49 97
14 50 96
14 51 107
14 52 63
14 53 176
14 54 168
14 55 164
14 56 55
14 57 103
14 58 111
14 59 99
14 60 64
14 61 182
14 62 65
14 63 96
14 64 152
14 65 60
14 66 133
14 67 116
14 68 119
14 69 189
14 70 175
14 71 74
14 72 148
14 73 129
14 74 91
14 75 88
14 76 112
14 77 124
14 78 160
14 79 186
14 80 169
14 81 189
14 82 196
14 83 123
14 84 150
14 85 198
14 86 124
14 87 77
14 88 104
14 89 133
14 90 175
14 91 83
14 92 89
14 93 75
14 94 159
14 95 50
14 96 77
14 97 64
14 98 62
14 99 195
15 1 138
15 2 186
15 3 81
15 4 79
15 5 65
15 6 168
15 7 78
15 8 198
15 9 190
15 10 133
15 11 129
15 12 151
15 13 68
15 14 79
15 16 124
15 17 164
15 18 85
15 19 198
15 20 121
15 21 81
15 22 90
15 23 72
15 24 170
15 25 165
15 26 58
15 27 133
15 28 125
15 29 178
15 30 153
15 31 142
15 32 124
15 33 110
15 34 191
15 35 156
15 36 186
15 37 168
15 38 114
15 39 110
15 40 180
15 41 77
15 42 186
15 43 101
15 44 200
15 45 115
15 46 133
15 47 149
15 48 199
15 49 71
15 50 103
15 51 197
15 52 92
15 53 200
15 54 157
15 55 128
15 56 119
15 57 193
15 58 109
15 59 149
15 60 57
15 61 168
15 62 113
15 63 157
15 64 146
15 65 89
15 66 166
15 67 161
15 68 92
15 69 161
15 70 123
15 71 182
15 72 66
15 73 147
15 74 160
15 75 102
15 76 176
15 77 194
15 78 122
15 79 162
15 80 98
15 81 176
15 82 102
15 83 76
15 84 172
15 85 119
15 86 115
15 87 175
15 88 101
15 89 117
15 90 77
15 91 153
15 92 151
15 93 90
15 94 145
15 95 71
15 96 66
15 97 179
15 98 115
15 99 178
16 1 113
16 2 115
16 3 92
16 4 190
16 5 74
16 6 61
16 7 146
16 8 52
16 9 52
16 10 150
16 11 128
16 12 108
16 13 184
16 14 69
16 15 124
16 17 96
16 18 116
16 19 92
16 20 104
16 21 92
16 22 75
16 23 115
16 24 146
16 25 193
16 26 162
16 27 134
16 28 74
16 29 77
16 30 87
16 31 80
16 32 94
16 33 131
16 34 60
16 35 105
16 36 120
16 37 85
16 38 179
16 39 86
16 40 98
16 41 191
16 42 83
16 43 83
16 44 189
16 45 123
16 46 79
16 47 58
16 48 129
16 49 117
16 50 81
16 51 152
16 52 169
16 53 134
16 54 123
16 55 121
16 56 174
16 57 125
16 58 104
16 59 125
16 60 77
16 61 161
16 62 105
16 63 191
16 64 169
16 65 96
16 66 179
16 67 138
16 68 168
16 69 145
16 70 141
16 71 165
16 72 119
16 73 58
16 74 71
16 75 158
16 76 192
16 77 180
16 78 124
16 79 76
16 80 154
16 81 172
16 82 89
16 83 58
16 84 77
16 85 72
16 86 155
16 87 163
16 88 111
16 89 174
16 90 69
16 91 164
16 92 103
16 93 113
16 94 182
16 95 53
16 96 101
16 97 80
16 98 108
16 99 116
17 1 59
17 2 166
17 3 122
17 4 122
17 5 175
17 6 173
17 7 124
17 8 74
17 9 98
17 10 161
17 11 162
17 12 81
17 13 193
17 14 73
17 15 164
17 16 96
17 18 164
17 19 138
17 20 51
17 21 199
17 22 57
17 23 141
17 24 169
17 25 132
17 26 178
17 27 184
17 28 87
17 29 83
17 30 108
17 31 84
17 32 98
17 33 160
17 34 116
17 35 58
17 36 126
17 37 175
17 38 164
17 39 59
17 40 127
17 41 149
17 42 174
17 43 140
17 44 126
17 45 76
17 46 182
17 47 187
17 48 64
17 49 112
17 50 108
17 51 123
17 52 183
17 53 74
17 54 136
17 55 54
17 56 117
17 57 132
17 58 60
17 59 69
17 60 199
17 61 163
17 62 116
17 63 59
17 64 183
17 65 152
17 66 122
17 67 77
17 68 91
17 69 80
17 70 117
17 71 140
17 72 142
17 73 118
17 74 62
17 75 181
17 76 129
17 77 109
17 78 63
17 79 99
17 80 174
17 81 69
17 82 142
17 83 177
17 84 114
17 85 102
17 86 114
17 87 130
17 88 173
17 89 127
17 90 130
17 91 146
17 92 188
17 93 138
17 94 54
17 95 182
17 96 109
17 97 176
17 98 95
17 99 56
18 1 180
18 2 81
18 3 199
18 4 197
18 5 176
18 6 84
18 7 129
18 8 96
18 9 167
18 10 147
18 11 90
18 12 54
18 13 118
18 14 111
18 15 85
18 16 116
18 17 164
18 19 71
18 20 127
18 21 168
18 22 171
18 23 134
18 24 172
18 25 52
18 26 62
18 27 121
18 28 100
18 29 122
18 30 127
18 31 175
18 32 50
18 33 191
18 34 66
18 35 156
18 36 125
18 37 189
18 38 166
18 39 113
18 40 65
18 41 98
18 42 157
18 43 185
18 44 148
18 45 114
18 46 55
18 47 82
18 48 149
18 49 96
18 50 173
18 51 57
18 52 52
18 53 146
18 54 179
18 55 86
18 56 67
18 57 114
18 58 79
18 59 64
18 60 179
18 61 180
18 62 64
18 63 51
18 64 57
18 65 148
18 66 96
18 67 127
18 68 85
18 69 71
18 70 61
18 71 137
18 72 161
18 73 92
18 74 194
18 75 127
18 76 135
18 77 146
18 78 52
18 79 113
18 80 67
18 81 168
18 82 51
18 83 155
18 84 180
18 85 131
18 86 132
18 87 172
18 88 107
18 89 181
18 90 147
18 91 113
18 92 57
18 93 115
18 94 187
18 95 124
18 96 116
18 97 159
18 98 180
18 99 146
19 1 142
19 2 92
19 3 129
19 4 61
19 5 109
19 6 74
19 7 169
19 8 75
19 9 60
19 10 95
19 11 66
19 12 105
19 13 168
19 14 119
19 15 198
19 16 92
19 17 138
19 18 71
19 20 69
19 21 118
19 22 75
19 23 56
19 24 157
19 25 105
19 26 117
19 27 134
19 28 73
19 29 58
19 30 155
19 31 108
19 32 88
19 33 101
19 34 132
19 35 116
19 36 129
19 37 195
19 38 108
19 39 137
19 40 177
19 41 188
19 42 157
19 43 58
19 44 96
19 45 101
19 46 67
19 47 130
19 48 56
19 49 89
19 50 81
19 51 157
19 52 125
19 53 192
19 54 152
19 55 54
19 56 130
19 57 55
19 58 90
19 59 104
19 60 145
19 61 72
19 62 124
19 63 92
19 64 195
19 65 158
19 66 83
19 67 73
19 68 90
19 69 193
19 70 130
19 71 144
19 72 80
19 73 171
19 74 108
19 75 157
19 76 193
19 77 149
19 78 121
19 79 158
19 80 183
19 81 149
19 82 121
19 83 97
19 84 159
19 85 119
19 86 70
19 87 198
19 88 105
19 89 105
19 90 74
19 91 153
19 92 141
19 93 78
19 94 81
19 95 87
19 96 92
19 97 133
19 98 175
19 99 56
20 1 160
20 2 149
20 3 72
20 4 52
20 5 129
20 6 125
20 7 161
20 8 173
20 9 168
20 10 53
20 11 147
20 12 78
20 13 186
20 14 83
20 15 121
20 16 104
20 17 51
20 18 127
20 19 69
20 21 149
20 22 192
20 23 69
20 24 173
20 25 123
20 26 109
20 27 61
20 28 193
20 29 185
20 30 63
20 31 89
20 32 131
20 33 124
20 34 107
20 35 77
20 36 154
20 37 80
20 38 113
20 39 127
20 40 183
20 41 139
20 42 83
20 43 122
20 44 124
20 45 188
20 46 180
20 47 192
20 48 132
20 49 61
20 50 95
20 51 150
20 52 111
20 53 53
20 54 185
20 55 133
20 56 150
20 57 157
20 58 140
20 59 50
20 60 188
20 61 174
20 62 188
20 63 78
20 64 81
20 65 80
20 66 98
20 67 164
20 68 173
20 69 155
20 70 128
20 71 131
20 72 52
20 73 153
20 74 73
20 75 95
20 76 81
20 77 80
20 78 63
20 79 144
20 80 110
20 81 78
20 82 114
20 83 114
20 84 91
20 85 67
20 86 150
20 87 163
20 88 100
20 89 60
20 90 74
20 91 106
20 92 139
20 93 124
20 94 149
20 95 199
20 96 182
20 97 85
20 98 178
20 99 88
21 1 176
21 2 130
21 3 79
21 4 107
21 5 115
21 6 156
21 7 196
21 8 123
21 9 186
21 10 162
21 11 115
21 12 200
21 13 99
21 14 164
21 15 81
21 16 92
21 17 199
21 18 168
21 19 118
21 20 149
21 22 194
21 23 105
21 24 50
21 25 123
21 26 116
21 27 59
21 28 87
21 29 172
21 30 183
21 31 92
21 32 143
21 33 146
21 34 158
21 35 187
21 36 126
21 37 168
21 38 67
21 39 152
21 40 132
21 41 175
21 42 164
21 43 174
21 44 173
21 45 78
21 46 198
21 47 105
21 48 70
21 49 76
21 50 64
21 51 195
21 52 125
21 53 177
21 54 146
21 55 82
21 56 175
21 57 140
21 58 196
21 59 91
21 60 181
21 61 187
21 62 177
21 63 100
21 64 179
21 65 59
21 66 151
21 67 186
21 68 153
21 69 83
21 70 101
21 71 57
21 72 88
21 73 135
21 74 161
21 75 186
21 76 176
21 77 181
21 78 141
21 79 143
21 80 63
21 81 75
21 82 154
21 83 166
21 84 86
21 85 105
21 86 59
21 87 76
21 88 139
21 89 62
21 90 154
21 91 88
21 92 91
21 93 55
21 94 81
21 95 177
21 96 124
21 97 199
21 98 196
21 99 143
22 1 161
22 2 146
22 3 119
22 4 143
22 5 76
22 6 175
22 7 154
22 8 102
22 9 174
22 10 112
22 11 72
22 12 102
22 13 105
22 14 172
22 15 90
22 16 75
22 17 57
22 18 171
22 19 75
22 20 192
22 21 194
22 23 66
22 24 127
22 25 191
22 26 189
22 27 198
22 28 79
22 29 78
22 30 67
22 31 190
22 32 133
22 33 77
22 34 92
22 35 86
22 36 177
22 37 176
22 38 68
22 39 108
22 40 188
22 41 56
22 42 151
22 43 61
22 44 163
22 45 73
22 46 157
22 47 60
22 48 82
22 49 200
22 50 104
22 51 102
22 52 122
22 53 70
22 54 196
22 55 128
22 56 140
22 57 171
22 58 58
22 59 178
22 60 70
22 61 116
22 62 56
22 63 138
22 64 69
22 65 125
22 66 181
22 67 200
22 68 106
22 69 136
22 70 88
22 71 78
22 72 94
22 73 85
22 74 162
22 75 161
22 76 94
22 77 52
22 78 168
22 79 150
22 80 98
22 81 200
22 82 55
22 83 195
22 84 126
22 85 110
22 86 133
22 87 60
22 88 188
22 89 100
22 90 198
22 91 128
22 92 187
22 93 131
22 94 145
22 95 163
22 96 56
22 97 119
22 98 58
22 99 114
23 1 194
23 2 118
23 3 85
23 4 151
23 5 122
23 6 101
23 7 156
23 8 160
23 9 67
23 10 120
23 11 132
23 12 109
23 13 168
23 14 156
23 15 72
23 16 115
23 17 141
23 18 134
23 19 56
23 20 69
23 21 105
23 22 66
23 24 115
23 25 136
23 26 58
23 27 55
23 28 121
23 29 199
23 30 159
23 31 166
23 32 53
23 33 102
23 34 170
23 35 113
23 36 145
23 37 92
23 38 194
23 39 131
23 40 163
23 41 142
23 42 89
23 43 78
23 44 95
23 45 140
23 46 183
23 47 66
23 48 78
23 49 160
23 50 105
23 51 185
23 52 156
23 53 100
23 54 179
23 55 61
23 56 162
23 57 81
23 58 154
23 59 85
23 60 65
23 61 126
23 62 108
23 63 71
23 64 108
23 65 112
23 66 77
23 67 186
23 68 123
23 69 115
23 70 81
23 71 132
23 72 74
23 73 169
23 74 81
23 75 134
23 76 90
23 77 174
23 78 113
23 79 110
23 80 177
23 81 191
23 82 77
23 83 124
23 84 177
23 85 84
23 86 53
23 87 193
23 88 56
23 89 53
23 90 75
23 91 130
23 92 193
23 93 131
23 94 164
23 95 70
23 96 191
23 97 73
23 98 138
23 99 171
24 1 50
24 2 133
24 3 75
24 4 83
24 5 198
24 6 175
24 7 130
24 8 53
24 9 195
24 10 114
24 11 84
24 12 143
24 13 111
24 14 87
24 15 170
24 16 146
24 17 169
24 18 172
24 19 157
24 20 173
24 21 50
24 22 127
24 23 115
24 25 96
24 26 119
24 27 181
24 28 134
24 29 121
24 30 147
24 31 83
24 32 100
24 33 169
24 34 132
24 35 134
24 36 79
24 37 81
24 38 100
24 39 55
24 40 180
24 41 95
24 42 159
24 43 144
24 44 82
24 45 94
24 46 117
24 47 183
24 48 68
24 49 85
24 50 117
24 51 99
24 52 181
24 53 200
24 54 68
24 55 67
24 56 190
24 57 167
24 58 123
24 59 143
24 60 54
24 61 120
24 62 177
24 63 148
24 64 105
24 65 147
24 66 176
24 67 135
24 68 57
24 69 101
24 70 194
24 71 66
24 72 98
24 73 174
24 74 159
24 75 72
24 76 109
24 77 95
24 78 180
24 79 195
24 80 124
24 81 62
24 82 169
24 83 184
24 84 116
24 85 183
24 86 53
24 87 162
24 88 194
24 89 80
24 90 191
24 91 90
24 92 55
24 93 70
24 94 58
24 95 138
24 96 150
24 97 59
24 98 115
24 99 191
25 1 194
25 2 147
25 3 107
25 4 155
25 5 52
25 6 60
25 7 161
25 8 99
25 9 88
25 10 176
25 11 136
25 12 197
25 13 122
25 14 183
25 15 165
25 16 193
25 17 132
25 18 52
25 19 105
25 20 123
25 21 123
25 22 191
25 23 136
25 24 96
25 26 83
25 27 116
25 28 120
25 29 144
25 30 185
25 31 111
25 32 127
25 33 139
25 34 196
25 35 157
25 36 199
25 37 154
25 38 149
25 39 181
25 40 90
25 41 191
25 42 185
25 43 163
25 44 183
25 45 194
25 46 62
25 47 83
25 48 155
25 49 53
25 50 68
25 51 167
25 52 193
25 53 132
25 54 183
25 55 58
25 56 185
25 57 105
25 58 173
25 59 108
25 60 182
25 61 129
25 62 91
25 63 115
25 64 190
25 65 73
25 66 136
25 67 96
25 68 139
25 69 149
25 70 84
25 71 132
25 72 83
25 73 120
25 74 187
25 75 52
25 76 151
25 77 115
25 78 145
25 79 139
25 80 155
25 81 127
25 82 57
25 83 165
25 84 184
25 85 131
25 86 61
25 87 53
25 88 130
25 89 181
25 90 95
25 91 98
25 92 115
25 93 131
25 94 64
25 95 126
25 96 178
25 97 197
25 98 150
25 99 156
26 1 108
26 2 130
26 3 180
26 4 53
26 5 182
26 6 159
26 7 115
26 8 82
26 9 184
26 10 146
26 11 96
26 12 191
26 13 147
26 14 172
26 15 58
26 16 162
26 17 178
26 18 62
26 19 117
26 20 109
26 21 116
26 22 189
26 23 58
26 24 119
26 25 83
26 27 122
26 28 192
26 29 51
26 30 197
26 31 122
26 32 127
26 33 89
26 34 114
26 35 138
26 36 53
26 37 119
26 38 104
26 39 110
26 40 160
26 41 143
26 42 103
26 43 120
26 44 135
26 45 124
26 46 55
26 47 123
26 48 166
26 49 76
26 50 109
26 51 125
26 52 72
26 53 179
26 54 64
26 55 169
26 56 90
26 57 159
26 58 100
26 59 185
26 60 84
26 61 88
26 62 84
26 63 150
26 64 54
26 65 57
26 66 148
26 67 191
26 68 160
26 69 92
26 70 66
26 71 173
26 72 129
26 73 129
26 74 77
26 75 192
26 76 123
26 77 123
26 78 108
26 79 140
26 80 177
26 81 199
26 82 134
26 83 145
26 84 64
26 85 186
26 86 161
26 87 164
26 88 160
26 89 189
26 90 177
26 91 68
26 92 155
26 93 135
26 94 168
26 95 58
26 96 125
26 97 147
26 98 135
26 99 120
27 1 131
27 2 182
27 3 87
27 4 168
27 5 119
27 6 118
27 7 161
27 8 91
27 9 163
27 10 94
27 11 85
27 12 99
27 13 70
27 14 178
27 15 133
27 16 134
27 17 184
27 18 121
27 19 134
27 20 61
27 21 59
27 22 198
27 23 55
27 24 181
27 25 116
27 26 122
27 28 68
27 29 178
27 30 133
27 31 108
27 32 76
27 33 63
27 34 164
27 35 110
27 36 107
27 37 145
27 38 169
27 39 94
27 40 130
27 41 129
27 42 127
27 43 127
27 44 132
27 45 56
27 46 73
27 47 78
27 48 93
27 49 103
27 50 170
27 51 132
27 52 56
27 53 114
27 54 184
27 55 155
27 56 181
27 57 120
27 58 61
27 59 104
27 60 130
27 61 63
27 62 93
27 63 109
27 64 125
27 65 77
27 66 151
27 67 167
27 68 87
27 69 190
27 70 194
27 71 115
27 72 56
27 73 93
27 74 149
27 75 78
27 76 52
27 77 113
27 78 50
27 79 88
27 80 199
27 81 158
27 82 172
27 83 179
27 84 72
27 85 92
27 86 157
27 87 70
27 88 85
27 89 121
27 90 141
27 91 169
27 92 171
27 93 55
27 94 170
27 95 77
27 96 189
27 97 51
27 98 169
27 99 158
28 1 188
28 2 152
28 3 108
28 4 64
28 5 194
28 6 193
28 7 64
28 8 83
28 9 125
28 10 74
28 11 196
28 12 141
28 13 61
28 14 199
28 15 125
28 16 74
28 17 87
28 18 100
28 19 73
28 20 193
28 21 87
28 22 79
28 23 121
28 24 134
28 25 120
28 26 192
28 27 68
28 29 72
28 30 74
28 31 154
28 32 52
28 33 149
28 34 100
28 35 97
28 36 81
28 37 180
28 38 170
28 39 96
28 40 78
28 41 105
28 42 132
28 43 187
28 44 167
28 45 191
28 46 118
28 47 126
28 48 126
28 49 191
28 50 103
28 51 57
28 52 52
28 53 188
28 54 156
28 55 146
28 56 56
28 57 91
28 58 198
28 59 76
28 60 79
28 61 165
28 62 102
28 63 123
28 64 189
28 65 199
28 66 70
28 67 179
28 68 193
28 69 126
28 70 82
28 71 160
28 72 190
28 73 196
28 74 189
28 75 101
28 76 192
28 77 187
28 78 118
28 79 183
28 80 66
28 81 81
28 82 139
28 83 129
28 84 60
28 85 193
28 86 171
28 87 196
28 88 164
28 89 98
28 90 129
28 91 196
28 92 59
28 93 107
28 94 106
28 95 127
28 96 138
28 97 89
28 98 196
28 99 65
29 1 92
29 2 75
29 3 191
29 4 152
29 5 133
29 6 187
29 7 62
29 8 190
29 9 122
29 10 170
29 11 143
29 12 105
29 13 85
29 14 56
29 15 178
29 16 77
29 17 83
29 18 122
29 19 58
29 20 185
29 21 172
29 22 78
29 23 199
29 24 121
29 25 144
29 26 51
29 27 178
29 28 72
29 30 186
29 31 84
29 32 59
29 33 121
29 34 189
29 35 76
29 36 160
29 37 154
29 38 75
29 39 168
29 40 62
29 41 183
29 42 104
29 43 112
29 44 82
29 45 139
29 46 200
29 47 66
29 48 106
29 49 72
29 50 181
29 51 74
29 52 200
29 53 56
29 54 90
29 55 93
29 56 158
29 57 67
29 58 134
29 59 155
29 60 103
29 61 155
29 62 68
29 63 161
29 64 126
29 65 195
29 66 61
29 67 112
29 68 103
29 69 111
29 70 61
29 71 183
29 72 63
29 73 71
29 74 98
29 75 168
29 76 98
29 77 55
29 78 156
29 79 195
29 80 90
29 81 152
29 82 158
29 83 113
29 84 128
29 85 123
29 86 56
29 87 128
29 88 106
29 89 187
29 90 59
29 91 185
29 92 181
29 93 147
29 94 155
29 95 106
29 96 98
29 97 87
29 98 194
29 99 128
30 1 153
30 2 179
30 3 157
30 4 168
30 5 174
30 6 122
30 7 181
30 8 186
30 9 144
30 10 134
30 11 123
30 12 121
30 13 113
30 14 194
30 15 153
30 16 87
30 17 108
30 18 127
30 19 155
30 20 63
30 21 183
30 22 67
30 23 159
30 24 147
30 25 185
30 26 197
30 27 133
30 28 74
30 29 186
30 31 198
30 32 134
30 33 198
30 34 138
30 35 132
30 36 196
30 37 123
30 38 153
30 39 97
30 40 111
30 41 102
30 42 173
30 43 132
30 44 98
30 45 192
30 46 74
30 47 182
30 48 67
30 49 171
30 50 72
30 51 172
30 52 66
30 53 122
30 54 88
30 55 78
30 56 200
30 57 92
30 58 184
30 59 53
30 60 60
30 61 84
30 62 130
30 63 99
30 64 68
30 65 62
30 66 137
30 67 160
30 68 119
30 69 84
30 70 118
30 71 56
30 72 62
30 73 85
30 74 99
30 75 164
30 76 122
30 77 56
30 78 149
30 79 105
30 80 138
30 81 192
30 82 178
30 83 72
30 84 143
30 85 171
30 86 118
30 87 100
30 88 122
30 89 166
30 90 52
30 91 132
30 92 166
30 93 70
30 94 142
30 95 184
30 96 114
30 97 61
30 98 63
30 99 164
31 1 78
31 2 168
31 3 168
31 4 128
31 5 98
31 6 185
31 7 123
31 8 180
31 9 200
31 10 135
31 11 115
31 12 54
31 13 68
31 14 120
31 15 142
31 16 80
31 17 84
31 18 175
31 19 108
31 20 89
31 21 92
31 22 190
31 23 166
31 24 83
31 25 111
31 26 122
31 27 108
31 28 154
31 29 84
31 30 198
31 32 129
31 33 120
31 34 168
31 35 124
31 36 171
31 37 121
31 38 75
31 39 55
31 40 163
31 41 86
31 42 181
31 43 163
31 44 132
31 45 108
31 46 192
31 47 110
31 48 95
31 49 198
31 50 193
31 51 92
31 52 109
31 53 193
31 54 148
31 55 77
31 56 178
31 57 98
31 58 115
31 59 156
31 60 63
31 61 196
31 62 197
31 63 167
31 64 193
31 65 54
31 66 139
31 67 111
31 68 63
31 69 196
31 70 189
31 71 86
31 72 163
31 73 101
31 74 177
31 75 60
31 76 136
31 77 51
31 78 189
31 79 186
31 80 54
31 81 96
31 82 127
31 83 156
31 84 137
31 85 91
31 86 142
31 87 176
31 88 83
31 89 176
31 90 156
31 91 159
31 92 85
31 93 93
31 94 177
31 95 174
31 96 106
31 97 77
31 98 120
31 99 136
32 1 128
32 2 71
32 3 140
32 4 68
32 5 180
32 6 186
32 7 144
32 8 183
32 9 78
32 10 98
32 11 65
32 12 164
32 13 150
32 14 79
32 15 124
32 16 94
32 17 98
32 18 50
32 19 88
32 20 131
32 21 143
32 22 133
32 23 53
32 24 100
32 25 127
32 26 127
32 27 76
32 28 52
32 29 59
32 30 134
32 31 129
32 33 200
32 34 74
32 35 66
32 36 156
32 37 70
32 38 70
32 39 161
32 40 147
32 41 192
32 42 180
32 43 83
32 44 185
32 45 186
32 46 140
32 47 181
32 48 67
32 49 104
32 50 152
32 51 88
32 52 187
32 53 93
32 54 86
32 55 58
32 56 118
32 57 69
32 58 139
32 59 181
32 60 98
32 61 101
32 62 182
32 63 151
32 64 181
32 65 138
32 66 83
32 67 124
32 68 81
32 69 186
32 70 128
32 71 162
32 72 191
32 73 90
32 74 77
32 75 139
32 76 65
32 77 89
32 78 123
32 79 87
32 80 70
32 81 159
32 82 130
32 83 138
32 84 93
32 85 148
32 86 197
32 87 87
32 88 105
32 89 58
32 90 93
32 91 170
32 92 72
32 93 75
32 94 80
32 95 145
32 96 71
32 97 54
32 98 188
32 99 96
33 1 81
33 2 117
33 3 181
33 4 188
33 5 105
33 6 65
33 7 173
33 8 118
33 9 56
33 10 117
33 11 98
33 12 117
33 13 77
33 14 139
33 15 110
33 16 131
33 17 160
33 18 191
33 19 101
33 20 124
33 21 146
33 22 77
33 23 102
33 24 169
33 25 139
33 26 89
33 27 63
33 28 149
33 29 121
33 30 198
33 31 120
33 32 200
33 34 129
33 35 177
33 36 104
33 37 175
33 38 120
33 39 55
33 40 98
33 41 161
33 42 147
33 43 180
33 44 133
33 45 64
33 46 61
33 47 144
33 48 137
33 49 59
33 50 186
33 51 146
33 52 190
33 53 138
33 54 148
33 55 153
33 56 167
33 57 147
33 58 119
33 59 196
33 60 119
33 61 57
33 62 168
33 63 91
33 64 196
33 65 189
33 66 57
33 67 87
33 68 51
33 69 70
33 70 164
33 71 185
33 72 103
33 73 117
33 74 183
33 75 170
33 76 117
33 77 162
33 78 171
33 79 79
33 80 197
33 81 74
33 82 142
33 83 120
33 84 80
33 85 148
33 86 132
33 87 151
33 88 193
33 89 110
33 90 53
33 91 129
33 92 145
33 93 109
33 94 56
33 95 84
33 96 198
33 97 127
33 98 89
33 99 186
34 1 156
34 2 54
34 3 85
34 4 81
34 5 145
34 6 123
34 7 120
34 8 113
34 9 154
34 10 151
34 11 67
34 12 148
34 13 121
34 14 95
34 15 191
34 16 60
34 17 116
34 18 66
34 19 132
34 20 107
34 21 158
34 22 92
34 23 170
34 24 132
34 25 196
34 26 114
34 27 164
34 28 100
34 29 189
34 30 138
34 31 168
34 32 74
34 33 129
34 35 125
34 36 87
34 37 97
34 38 190
34 39 149
34 40 69
34 41 136
34 42 158
34 43 186
34 44 81
34 45 178
34 46 96
34 47 116
34 48 123
34 49 113
34 50 75
34 51 50
34 52 107
34 53 65
34 54 145
34 55 191
34 56 149
34 57 79
34 58 83
34 59 84
34 60 74
34 61 65
34 62 161
34 63 57
34 64 183
34 65 198
34 66 82
34 67 127
34 68 97
34 69 123
34 70 141
34 71 69
34 72 163
34 73 52
34 74 139
34 75 168
34 76 187
34 77 156
34 78 56
34 79 106
34 80 143
34 81 74
34 82 92
34 83 176
34 84 106
34 85 142
34 86 135
34 87 88
34 88 71
34 89 151
34 90 179
34 91 149
34 92 123
34 93 60
34 94 195
34 95 160
34 96 127
34 97 148
34 98 141
34 99 192
35 1 75
35 2 86
35 3 69
35 4 146
35 5 188
35 6 86
35 7 86
35 8 162
35 9 102
35 10 111
35 11 77
35 12 106
35 13 187
35 14 125
35 15 156
35 16 105
35 17 58
35 18 156
35 19 116
35 20 77
35 21 187
35 22 86
35 23 113
35 24 134
35 25 157
35 26 138
35 27 110
35 28 97
35 29 76
35 30 132
35 31 124
35 32 66
35 33 177
35 34 125
35 36 176
35 37 127
35 38 166
35 39 122
35 40 76
35 41 112
35 42 195
35 43 197
35 44 127
35 45 122
35 46 102
35 47 80
35 48 141
35 49 122
35 50 84
35 51 173
35 52 120
35 53 99
35 54 131
35 55 82
35 56 66
35 57 149
35 58 134
35 59 54
35 60 102
35 61 113
35 62 129
35 63 177
35 64 178
35 65 108
35 66 77
35 67 85
35 68 91
35 69 112
35 70 102
35 71 57
35 72 192
35 73 104
35 74 147
35 75 99
35 76 174
35 77 168
35 78 176
35 79 148
35 80 61
35 81 100
35 82 110
35 83 80
35 84 150
35 85 187
35 86 147
35 87 148
35 88 160
35 89 181
35 90 133
35 91 100
35 92 100
35 93 123
35 94 67
35 95 141
35 96 127
35 97 198
35 98 130
35 99 104
36 1 167
36 2 91
36 3 193
36 4 79
36 5 150
36 6 163
36 7 85
36 8 51
36 9 179
36 10 51
36 11 153
36 12 110
36 13 109
36 14 100
36 15 186
36 16 120
36 17 126
36 18 125
36 19 129
36 20 154
36 21 126
36 22 177
36 23 145
36 24 79
36 25 199
36 26 53
36 27 107
36 28 81
36 29 160
36 30 196
36 31 171
36 32 156
36 33 104
36 34 87
36 35 176
36 37 129
36 38 199
36 39 193
36 40 156
36 41 119
36 42 112
36 43 185
36 44 118
36 45 141
36 46 175
36 47 135
36 48 72
36 49 66
36 50 152
36 51 53
36 52 63
36 53 102
36 54 75
36 55 135
36 56 60
36 57 100
36 58 52
36 59 197
36 60 84
36 61 196
36 62 135
36 63 173
36 64 124
36 65 192
36 66 164
36 67 170
36 68 130
36 69 66
36 70 172
36 71 105
36 72 108
36 73 136
36 74 178
36 75 68
36 76 123
36 77 140
36 78 171
36 79 199
36 80 92
36 81 158
36 82 159
36 83 153
36 84 111
36 85 159
36 86 127
36 87 75
36 88 195
36 89 139
36 90 51
36 91 152
36 92 56
36 93 123
36 94 168
36 95 194
36 96 141
36 97 51
36 98 91
36 99 54
37 1 90
37 2 123
37 3 140
37 4 150
37 5 183
37 6 56
37 7 58
37 8 155
37 9 107
37 10 105
37 11 162
37 12 132
37 13 140
37 14 160
37 15 168
37 16 85
37 17 175
37 18 189
37 19 195
37 20 80
37 21 168
37 22 176
37 23 92
37 24 81
37 25 154
37 26 119
37 27 145
37 28 180
37 29 154
37 30 123
37 31 121
37 32 70
37 33 175
37 34 97
37 35 127
37 36 129
37 38 146
37 39 71
37 40 78
37 41 172
37 42 128
37 43 141
37 44 130
37 45 196
37 46 182
37 47 119
37 48 134
37 49 63
37 50 104
37 51 189
37 52 118
37 53 154
37 54 194
37 55 139
37 56 164
37 57 160
37 58 126
37 59 145
37 60 164
37 61 194
37 62 116
37 63 88
37 64 165
37 65 134
37 66 139
37 67 190
37 68 56
37 69 153
37 70 86
37 71 76
37 72 73
37 73 72
37 74 101
37 75 167
37 76 184
37 77 198
37 78 196
37 79 169
37 80 121
37 81 112
37 82 198
37 83 146
37 84 137
37 85 198
37 86 167
37 87 110
37 88 130
37 89 107
37 90 153
37 91 199
37 92 148
37 93 91
37 94 109
37 95 149
37 96 61
37 97 123
37 98 78
37 99 82
38 1 108
38 2 60
38 3 105
38 4 104
38 5 134
38 6 175
38 7 62
38 8 126
38 9 64
38 10 82
38 11 162
38 12 173
38 13 178
38 14 188
38 15 114
38 16 179
38 17 164
38 18 166
38 19 108
38 20 113
38 21 67
38 22 68
38 23 194
38 24 100
38 25 149
38 26 104
38 27 169
38 28 170
38 29 75
38 30 153
38 31 75
38 32 70
38 33 120
38 34 190
38 35 166
38 36 199
38 37 146
38 39 188
38 40 106
38 41 115
38 42 159
38 43 126
38 44 175
38 45 181
38 46 51
38 47 68
38 48 147
38 49 158
38 50 71
38 51 144
38 52 117
38 53 171
38 54 69
38 55 179
38 56 52
38 57 144
38 58 145
38 59 73
38 60 172
38 61 133
38 62 144
38 63 137
38 64 197
38 65 147
38 66 131
38 67 92
38 68 59
38 69 96
38 70 192
38 71 139
38 72 176
38 73 93
38 74 145
38 75 164
38 76 175
38 77 180
38 78 85
38 79 105
38 80 51
38 81 67
38 82 80
38 83 84
38 84 181
38 85 74
38 86 65
38 87 171
38 88 59
38 89 150
38 90 104
38 91 196
38 92 138
38 93 195
38 94 146
38 95 151
38 96 50
38 97 144
38 98 80
38 99 197
39 1 126
39 2 120
39 3 164
39 4 115
39 5 157
39 6 111
39 7 128
39 8 163
39 9 198
39 10 72
39 11 176
39 12 148
39 13 107
39 14 166
39 15 110
39 16 86
39 17 59
39 18 113
39 19 137
39 20 127
39 21 152
39 22 108
39 23 131
39 24 55
39 25 181
39 26 110
39 27 94
39 28 96
39 29 168
39 30 97
39 31 55
39 32 161
39 33 55
39 34 149
39 35 122
39 36 193
39 37 71
39 38 188
39 40 107
39 41 153
39 42 200
39 43 172
39 44 77
39 45 59
39 46 88
39 47 84
39 48 95
39 49 122
39 50 50
39 51 78
39 52 160
39 53 179
39 54 178
39 55 89
39 56 59
39 57 197
39 58 136
39 59 168
39 60 138
39 61 113
39 62 87
39 63 99
39 64 133
39 65 129
39 66 66
39 67 148
39 68 125
39 69 173
39 70 194
39 71 109
39 72 76
39 73 71
39 74 148
39 75 130
39 76 94
39 77 200
39 78 114
39 79 198
39 80 78
39 81 177
39 82 147
39 83 60
39 84 131
39 85 149
39 86 99
39 87 119
39 88 152
39 89 139
39 90 90
39 91 125
39 92 50
39 93 168
39 94 160
39 95 190
39 96 161
39 97 187
39 98 162
39 99 166
40 1 110
40 2 77
40 3 148
40 4 123
40 5 169
40 6 147
40 7 139
40 8 70
40 9 139
40 10 199
40 11 101
40 12 132
40 13 191
40 14 144
40 15 180
40 16 98
40 17 127
40 18 65
40 19 177
40 20 183
40 21 132
40 22 188
40 23 163
40 24 180
40 25 90
40 26 160
40 27 130
40 28 78
40 29 62
40 30 111
40 31 163
40 32 147
40 33 98
40 34 69
40 35 76
40 36 156
40 37 78
40 38 106
40 39 107
40 41 121
40 42 129
40 43 69
40 44 188
40 45 98
40 46 97
40 47 79
40 48 198
40 49 130
40 50 198
40 51 68
40 52 189
40 53 139
40 54 101
40 55 146
40 56 59
40 57 91
40 58 155
40 59 131
40 60 117
40 61 86
40 62 174
40 63 173
40 64 171
40 65 117
40 66 108
40 67 128
40 68 164
40 69 134
40 70 132
40 71 109
40 72 121
40 73 110
40 74 72
40 75 157
40 76 78
40 77 187
40 78 65
40 79 172
40 80 140
40 81 133
40 82 164
40 83 50
40 84 175
40 85 60
40 86 183
40 87 149
40 88 147
40 89 111
40 90 197
40 91 74
40 92 89
40 93 200
40 94 180
40 95 127
40 96 198
40 97 66
40 98 59
40 99 104
41 1 133
41 2 182
41 3 118
41 4 61
41 5 76
41 6 59
41 7 189
41 8 200
41 9 198
41 10 183
41 11 188
41 12 63
41 13 200
41 14 194
41 15 77
41 16 191
41 17 149
41 18 98
41 19 188
41 20 139
41 21 175
41 22 56
41 23 142
41 24 95
41 25 191
41 26 143
41 27 129
41 28 105
41 29 183
41 30 102
41 31 86
41 32 192
41 33 161
41 34 136
41 35 112
41 36 119
41 37 172
41 38 115
41 39 153
41 40 121
41 42 125
41 43 116
41 44 122
41 45 145
41 46 140
41 47 178
41 48 175
41 49 130
41 50 64
41 51 190
41 52 133
41 53 134
41 54 166
41 55 125
41 56 177
41 57 164
41 58 109
41 59 164
41 60 163
41 61 173
41 62 140
41 63 183
41 64 138
41 65 62
41 66 193
41 67 152
41 68 120
41 69 164
41 70 106
41 71 94
41 72 117
41 73 80
41 74 117
41 75 147
41 76 163
41 77 61
41 78 87
41 79 51
41 80 147
41 81 177
41 82 125
41 83 135
41 84 106
41 85 132
41 86 143
41 87 91
41 88 89
41 89 75
41 90 89
41 91 101
41 92 136
41 93 109
41 94 61
41 95 150
41 96 192
41 97 138
41 98 149
41 99 135
42 1 146
42 2 120
42 3 102
42 4 192
42 5 172
42 6 101
42 7 97
42 8 119
42 9 75
42 10 123
42 11 108
42 12 172
42 13 67
42 14 156
42 15 186
42 16 83
42 17 174
42 18 157
42 19 157
42 20 83
42 21 164
42 22 151
42 23 89
42 24 159
42 25 185
42 26 103
42 27 127
42 28 132
42 29 104
42 30 173
42 31 181
42 32 180
42 33 147
42 34 158
42 35 195
42 36 112
42 37 128
42 38 159
42 39 200
42 40 129
42 41 125
42 43 62
42 44 81
42 45 95
42 46 102
42 47 196
42 48 121
42 49 196
42 50 142
42 51 184
42 52 169
42 53 97
42 54 82
42 55 70
42 56 149
42 57 154
42 58 63
42 59 62
42 60 80
42 61 119
42 62 75
42 63 176
42 64 55
42 65 66
42 66 174
42 67 167
42 68 58
42 69 181
42 70 136
42 71 196
42 72 178
42 73 162
42 74 123
42 75 68
42 76 134
42 77 141
42 78 66
42 79 182
42 80 163
42 81 118
42 82 134
42 83 183
42 84 120
42 85 141
42 86 128
42 87 103
42 88 114
42 89 144
42 90 105
42 91 132
42 92 183
42 93 102
42 94 140
42 95 88
42 96 170
42 97 159
42 98 96
42 99 80
43 1 105
43 2 164
43 3 52
43 4 136
43 5 129
43 6 147
43 7 136
43 8 133
43 9 189
43 10 166
43 11 109
43 12 177
43 13 75
43 14 166
43 15 101
43 16 83
43 17 140
43 18 185
43 19 58
43 20 122
43 21 174
43 22 61
43 23 78
43 24 144
43 25 163
43 26 120
43 27 127
43 28 187
43 29 112
43 30 132
43 31 163
43 32 83
43 33 180
43 34 186
43 35 197
43 36 185
43 37 141
43 38 126
43 39 172
43 40 69
43 41 116
43 42 62
43 44 101
43 45 146
43 46 152
43 47 78
43 48 88
43 49 100
43 50 50
43 51 88
43 52 197
43 53 89
43 54 91
43 55 117
43 56 168
43 57 160
43 58 123
43 59 114
43 60 133
43 61 148
43 62 74
43 63 96
43 64 107
43 65 184
43 66 186
43 67 93
43 68 112
43 69 106
43 70 77
43 71 165
43 72 60
43 73 61
43 74 112
43 75 88
43 76 156
43 77 116
43 78 73
43 79 174
43 80 182
43 81 53
43 82 154
43 83 168
43 84 84
43 85 140
43 86 102
43 87 130
43 88 146
43 89 53
43 90 115
43 91 113
43 92 105
43 93 59
43 94 56
43 95 191
43 96 101
43 97 115
43 98 141
43 99 86
44 1 103
44 2 133
44 3 126
44 4 105
44 5 150
44 6 94
44 7 112
44 8 107
44 9 51
44 10 85
44 11 128
44 12 171
44 13 72
44 14 105
44 15 200
44 16 189
44 17 126
44 18 148
44 19 96
44 20 124
44 21 173
44 22 163
44 23 95
44 24 82
44 25 183
44 26 135
44 27 132
44 28 167
44 29 82
44 30 98
44 31 132
44 32 185
44 33 133
44 34 81
44 35 127
44 36 118
44 37 130
44 38 175
44 39 77
44 40 188
44 41 122
44 42 81
44 43 101
44 45 199
44 46 184
44 47 190
44 48 153
44 49 173
44 50 112
44 51 160
44 52 55
44 53 181
44 54 94
44 55 148
44 56 172
44 57 193
44 58 183
44 59 126
44 60 62
44 61 119
44 62 182
44 63 111
44 64 71
44 65 91
44 66 119
44 67 85
44 68 185
44 69 58
44 70 137
44 71 72
44 72 109
44 73 73
44 74 67
44 75 51
44 76 70
44 77 66
44 78 142
44 79 169
44 80 116
44 81 125
44 82 100
44 83 51
44 84 95
44 85 146
44 86 196
44 87 58
44 88 162
44 89 110
44 90 156
44 91 90
44 92 76
44 93 143
44 94 68
44 95 136
44 96 100
44 97 104
44 98 54
44 99 123
45 1 98
45 2 123
45 3 81
45 4 55
45 5 162
45 6 154
45 7 61
45 8 108
45 9 51
45 10 167
45 11 170
45 12 53
45 13 54
45 14 157
45 15 115
45 16 123
45 17 76
45 18 114
45 19 101
45 20 188
45 21 78
45 22 73
45 23 140
45 24 94
45 25 194
45 26 124
45 27 56
45 28 191
45 29 139
45 30 192
45 31 108
45 32 186
45 33 64
45 34 178
45 35 122
45 36 141
45 37 196
45 38 181
45 39 59
45 40 98
45 41 145
45 42 95
45 43 146
45 44 199
45 46 79
45 47 117
45 48 164
45 49 55
45 50 187
45 51 132
45 52 188
45 53 89
45 54 105
45 55 166
45 56 136
45 57 89
45 58 124
45 59 172
45 60 186
45 61 81
45 62 63
45 63 72
45 64 164
45 65 176
45 66 166
45 67 114
45 68 132
45 69 78
45 70 91
45 71 144
45 72 124
45 73 75
45 74 92
45 75 101
45 76 53
45 77 199
45 78 121
45 79 186
45 80 89
45 81 74
45 82 52
45 83 137
45 84 197
45 85 130
45 86 141
45 87 159
45 88 60
45 89 112
45 90 162
45 91 101
45 92 170
45 93 131
45 94 102
45 95 119
45 96 129
45 97 158
45 98 122
45 99 59
46 1 111
46 2 105
46 3 118
46 4 63
46 5 64
46 6 70
46 7 150
46 8 177
46 9 116
46 10 113
46 11 162
46 12 65
46 13 193
46 14 178
46 15 133
46 16 79
46 17 182
46 18 55
46 19 67
46 20 180
46 21 198
46 22 157
46 23 183
46 24 117
46 25 62
46 26 55
46 27 73
46 28 118
46 29 200
46 30 74
46 31 192
46 32 140
46 33 61
46 34 96
46 35 102
46 36 175
46 37 182
46 38 51
46 39 88
46 40 97
46 41 140
46 42 102
46 43 152
46 44 184
46 45 79
46 47 113
46 48 144
46 49 117
46 50 52
46 51 191
46 52 151
46 53 118
46 54 178
46 55 65
46 56 113
46 57 132
46 58 55
46 59 171
46 60 93
46 61 87
46 62 160
46 63 103
46 64 77
46 65 166
46 66 53
46 67 101
46 68 190
46 69 172
46 70 200
46 71 102
46 72 70
46 73 97
46 74 148
46 75 177
46 76 55
46 77 143
46 78 178
46 79 112
46 80 166
46 81 103
46 82 126
46 83 87
46 84 98
46 85 64
46 86 113
46 87 155
46 88 120
46 89 56
46 90 90
46 91 159
46 92 185
46 93 92
46 94 98
46 95 135
46 96 113
46 97 157
46 98 143
46 99 83
47 1 181
47 2 54
47 3 173
47 4 78
47 5 193
47 6 192
47 7 171
47 8 142
47 9 143
47 10 147
47 11 174
47 12 109
47 13 55
47 14 74
47 15 149
47 16 58
47 17 187
47 18 82
47 19 130
47 20 192
47 21 105
47 22 60
47 23 66
47 24 183
47 25 83
47 26 123
47 27 78
47 28 126
47 29 66
47 30 182
47 31 110
47 32 181
47 33 144
47 34 116
47 35 80
47 36 135
47 37 119
47 38 68
47 39 84
47 40 79
47 41 178
47 42 196
47 43 78
47 44 190
47 45 117
47 46 113
47 48 143
47 49 195
47 50 79
47 51 162
47 52 160
47 53 141
47 54 87
47 55 79
47 56 107
47 57 190
47 58 123
47 59 190
47 60 141
47 61 63
47 62 55
47 63 132
47 64 124
47 65 177
47 66 112
47 67 69
47 68 82
47 69 186
47 70 125
47 71 73
47 72 112
47 73 134
47 74 152
47 75 187
47 76 148
47 77 113
47 78 72
47 79 150
47 80 187
47 81 149
47 82 181
47 83 72
47 84 76
47 85 108
47 86 67
47 87 118
47 88 168
47 89 164
47 90 139
47 91 82
47 92 176
47 93 50
47 94 128
47 95 63
47 96 175
47 97 134
47 98 92
47 99 51
48 1 176
48 2 159
48 3 192
48 4 187
48 5 170
48 6 91
48 7 96
48 8 126
48 9 74
48 10 63
48 11 154
48 12 74
48 13 110
48 14 131
48 15 199
48 16 129
48 17 64
48 18 149
48 19 56
48 20 132
48 21 70
48 22 82
48 23 78
48 24 68
48 25 155
48 26 166
48 27 93
48 28 126
48 29 106
48 30 67
48 31 95
48 32 67
48 33 137
48 34 123
48 35 141
48 36 72
48 37 134
48 38 147
48 39 95
48 40 198
48 41 175
48 42 121
48 43 88
48 44 153
48 45 164
48 46 144
48 47 143
48 49 199
48 50 72
48 51 118
48 52 184
48 53 141
48 54 85
48 55 151
48 56 110
48 57 100
48 58 177
48 59 194
48 60 70
48 61 159
48 62 187
48 63 79
48 64 164
48 65 156
48 66 60
48 67 161
48 68 101
48 69 121
48 70 160
48 71 112
48 72 81
48 73 51
48 74 146
48 75 91
48 76 123
48 77 50
48 78 103
48 79 72
48 80 102
48 81 116
48 82 198
48 83 63
48 84 181
48 85 172
48 86 161
48 87 187
48 88 159
48 89 133
48 90 71
48 91 78
48 92 185
48 93 139
48 94 82
48 95 84
48 96 64
48 97 78
48 98 51
48 99 192
49 1 95
49 2 64
49 3 189
49 4 128
49 5 169
49 6 121
49 7 107
49 8 63
49 9 101
49 10 172
49 11 55
49 12 88
49 13 130
49 14 97
49 15 71
49 16 117
49 17 112
49 18 96
49 19 89
49 20 61
49 21 76
49 22 200
49 23 160
49 24 85
49 25 53
49 26 76
49 27 103
49 28 191
49 29 72
49 30 171
49 31 198
49 32 104
49 33 59
49 34 113
49 35 122
49 36 66
49 37 63
49 38 158
49 39 122
49 40 130
49 41 130
49 42 196
49 43 100
49 44 173
49 45 55
49 46 117
49 47 195
49 48 199
49 50 62
49 51 187
49 52 91
49 53 146
49 54 129
49 55 152
49 56 173
49 57 76
49 58 93
49 59 97
49 60 173
49 61 141
49 62 53
49 63 65
49 64 92
49 65 190
49 66 83
49 67 85
49 68 153
49 69 119
49 70 151
49 71 57
49 72 164
49 73 68
49 74 78
49 75 176
49 76 94
49 77 78
49 78 59
49 79 74
49 80 52
49 81 55
49 82 93
49 83 125
49 84 82
49 85 91
49 86 179
49 87 148
49 88 148
49 89 96
49 90 54
49 91 193
49 92 106
49 93 182
49 94 179
49 95 69
49 96 98
49 97 82
49 98 53
49 99 72
50 1 163
50 2 67
50 3 163
50 4 130
50 5 184
50 6 163
50 7 133
50 8 141
50 9 59
50 10 122
50 11 83
50 12 84
50 13 170
50 14 96
50 15 103
50 16 81
50 17 108
50 18 173
50 19 81
50 20 95
50 21 64
50 22 104
50 23 105
50 24 117
50 25 68
50 26 109
50 27 170
50 28 103
50 29 181
50 30 72
50 31 193
50 32 152
50 33 186
50 34 75
50 35 84
50 36 152
50 37 104
50 38 71
50 39 50
50 40 198
50 41 64
50 42 142
50 43 50
50 44 112
50 45 187
50 46 52
50 47 79
50 48 72
50 49 62
50 51 74
50 52 51
50 53 135
50 54 52
50 55 165
50 56 138
50 57 83
50 58 71
50 59 120
50 60 156
50 61 68
50 62 153
50 63 138
50 64 91
50 65 160
50 66 146
50 67 76
50 68 118
50 69 124
50 70 118
50 71 158
50 72 116
50 73 122
50 74 197
50 75 196
50 76 84
50 77 71
50 78 143
50 79 176
50 80 56
50 81 155
50 82 75
50 83 151
50 84 151
50 85 82
50 86 102
50 87 54
50 88 144
50 89 79
50 90 98
50 91 160
50 92 142
50 93 128
50 94 70
50 95 56
50 96 181
50 97 130
50 98 102
50 99 52
51 1 71
51 2 57
51 3 107
51 4 182
51 5 172
51 6 182
51 7 154
51 8 71
51 9 104
51 10 198
51 11 178
51 12 195
51 13 129
51 14 107
51 15 197
51 16 152
51 17 123
51 18 57
51 19 157
51 20 150
51 21 195
51 22 102
51 23 185
51 24 99
51 25 167
51 26 125
51 27 132
51 28 57
51 29 74
51 30 172
51 31 92
51 32 88
51 33 146
51 34 50
51 35 173
51 36 53
51 37 189
51 38 144
51 39 78
51 40 68
51 41 190
51 42 184
51 43 88
51 44 160
51 45 132
51 46 191
51 47 162
51 48 118
51 49 187
51 50 74
51 52 111
51 53 73
51 54 164
51 55 93
51 56 70
51 57 129
51 58 61
51 59 172
51 60 143
51 61 154
51 62 55
51 63 122
51 64 106
51 65 195
51 66 105
51 67 92
51 68 95
51 69 184
51 70 136
51 71 171
51 72 90
51 73 51
51 74 83
51 75 127
51 76 176
51 77 108
51 78 166
51 79 123
51 80 100
51 81 98
51 82 84
51 83 80
51 84 102
51 85 63
51 86 53
51 87 147
51 88 117
51 89 74
51 90 199
51 91 116
51 92 167
51 93 110
51 94 82
51 95 119
51 96 200
51 97 125
51 98 126
51 99 107
52 1 78
52 2 51
52 3 111
52 4 128
52 5 132
52 6 66
52 7 177
52 8 192
52 9 165
52 10 178
52 11 122
52 12 160
52 13 170
52 14 63
52 15 92
52 16 169
52 17 183
52 18 52
52 19 125
52 20 111
52 21 125
52 22 122
52 23 156
52 24 181
52 25 193
52 26 72
52 27 56
52 28 52
52 29 200
52 30 66
52 31 109
52 32 187
52 33 190
52 34 107
52 35 120
52 36 63
52 37 118
52 38 117
52 39 160
52 40 189
52 41 133
52 42 169
52 43 197
52 44 55
52 45 188
52 46 151
52 47 160
52 48 184
52 49 91
52 50 51
52 51 111
52 53 96
52 54 170
52 55 105
52 56 192
52 57 124
52 58 54
52 59 192
52 60 77
52 61 166
52 62 51
52 63 75
52 64 129
52 65 88
52 66 123
52 67 70
52 68 61
52 69 134
52 70 119
52 71 67
52 72 110
52 73 97
52 74 67
52 75 158
52 76 178
52 77 116
52 78 102
52 79 125
52 80 149
52 81 107
52 82 78
52 83 67
52 84 172
52 85 67
52 86 128
52 87 155
52 88 154
52 89 100
52 90 151
52 91 93
52 92 80
52 93 150
52 94 198
52 95 139
52 96 178
52 97 122
52 98 161
52 99 57
53 1 79
53 2 91
53 3 127
53 4 55
53 5 65
53 6 148
53 7 101
53 8 191
53 9 177
53 10 111
53 11 183
53 12 91
53 13 182
53 14 176
53 15 200
53 16 134
53 17 74
53 18 146
53 19 192
53 20 53
53 21 177
53 22 70
53 23 100
53 24 200
53 25 132
53 26 179
53 27 114
53 28 188
53 29 56
53 30 122
53 31 193
53 32 93
53 33 138
53 34 65
53 35 99
53 36 102
53 37 154
53 38 171
53 39 179
53 40 139
53 41 134
53 42 97
53 43 89
53 44 181
53 45 89
53 46 118
53 47 141
53 48 141
53 49 146
53 50 135
53 51 73
53 52 96
53 54 69
53 55 100
53 56 180
53 57 73
53 58 195
53 59 163
53 60 157
53 61 115
53 62 182
53 63 187
53 64 93
53 65 119
53 66 189
53 67 119
53 68 54
53 69 156
53 70 125
53 71 198
53 72 54
53 73 127
53 74 200
53 75 76
53 76 172
53 77 103
53 78 198
53 79 150
53 80 112
53 81 53
53 82 146
53 83 161
53 84 142
53 85 145
53 86 74
53 87 65
53 88 92
53 89 116
53 90 60
53 91 116
53 92 62
53 93 55
53 94 182
53 95 193
53 96 175
53 97 162
53 98 170
53 99 96
54 1 102
54 2 162
54 3 186
54 4 151
54 5 153
54 6 179
54 7 104
54 8 91
54 9 179
54 10 159
54 11 182
54 12 126
54 13 60
54 14 168
54 15 157
54 16 123
54 17 136
54 18 179
54 19 152
54 20 185
54 21 146
54 22 196
54 23 179
54 24 68
54 25 183
54 26 64
54 27 184
54 28 156
54 29 90
54 30 88
54 31 148
54 32 86
54 33 148
54 34 145
54 35 131
54 36 75
54 37 194
54 38 69
54 39 178
54 40 101
54 41 166
54 42 82
54 43 91
54 44 94
54 45 105
54 46 178
54 47 87
54 48 85
54 49 129
54 50 52
54 51 164
54 52 170
54 53 69
54 55 146
54 56 165
54 57 115
54 58 133
54 59 148
54 60 59
54 61 117
54 62 77
54 63 75
54 64 113
54 65 115
54 66 158
54 67 71
54 68 93
54 69 167
54 70 145
54 71 81
54 72 76
54 73 122
54 74 125
54 75 68
54 76 100
54 77 90
54 78 80
54 79 189
54 80 151
54 81 109
54 82 191
54 83 198
54 84 115
54 85 123
54 86 159
54 87 124
54 88 185
54 89 79
54 90 174
54 91 150
54 92 175
54 93 164
54 94 191
54 95 125
54 96 63
54 97 87
54 98 89
54 99 195
55 1 173
55 2 166
55 3 110
55 4 122
55 5 120
55 6 63
55 7 151
55 8 180
55 9 60
55 10 129
55 11 108
55 12 109
55 13 120
55 14 164
55 15 128
55 16 121
55 17 54
55 18 86
55 19 54
55 20 133
55 21 82
55 22 128
55 23 61
55 24 67
55 25 58
55 26 169
55 27 155
55 28 146
55 29 93
55 30 78
55 31 77
55 32 58
55 33 153
55 34 191
55 35 82
55 36 135
55 37 139
55 38 179
55 39 89
55 40 146
55 41 125
55 42 70
55 43 117
55 44 148
55 45 166
55 46 65
55 47 79
55 48 151
55 49 152
55 50 165
55 51 93
55 52 105
55 53 100
55 54 146
55 56 175
55 57 182
55 58 63
55 59 69
55 60 53
55 61 189
55 62 137
55 63 154
55 64 125
55 65 151
55 66 68
55 67 121
55 68 146
55 69 81
55 70 86
55 71 88
55 72 157
55 73 78
55 74 167
55 75 138
55 76 178
55 77 181
55 78 157
55 79 142
55 80 63
55 81 177
55 82 77
55 83 165
55 84 135
55 85 171
55 86 147
55 87 179
55 88 117
55 89 70
55 90 82
55 91 99
55 92 125
55 93 184
55 94 190
55 95 162
55 96 197
55 97 145
55 98 71
55 99 199
56 1 198
56 2 72
56 3 96
56 4 138
56 5 87
56 6 190
56 7 147
56 8 84
56 9 177
56 10 121
56 11 148
56 12 58
56 13 98
56 14 55
56 15 119
56 16 174
56 17 117
56 18 67
56 19 130
56 20 150
56 21 175
56 22 140
56 23 162
56 24 190
56 25 185
56 26 90
56 27 181
56 28 56
56 29 158
56 30 200
56 31 178
56 32 118
56 33 167
56 34 149
56 35 66
56 36 60
56 37 164
56 38 52
56 39 59
56 40 59
56 41 177
56 42 149
56 43 168
56 44 172
56 45 136
56 46 113
56 47 107
56 48 110
56 49 173
56 50 138
56 51 70
56 52 192
56 53 180
56 54 165
56 55 175
56 57 102
56 58 123
56 59 54
56 60 86
56 61 170
56 62 169
56 63 80
56 64 50
56 65 134
56 66 117
56 67 61
56 68 130
56 69 189
56 70 110
56 71 164
56 72 60
56 73 82
56 74 182
56 75 106
56 76 82
56 77 176
56 78 200
56 79 132
56 80 99
56 81 96
56 82 107
56 83 186
56 84 111
56 85 135
56 86 124
56 87 140
56 88 129
56 89 162
56 90 69
56 91 90
56 92 172
56 93 107
56 94 153
56 95 167
56 96 182
56 97 66
56 98 141
56 99 113
57 1 85
57 2 102
57 3 82
57 4 68
57 5 177
57 6 140
57 7 115
57 8 53
57 9 187
57 10 166
57 11 151
57 12 191
57 13 189
57 14 103
57 15 193
57 16 125
57 17 132
57 18 114
57 19 55
57 20 157
57 21 140
57 22 171
57 23 81
57 24 167
57 25 105
57 26 159
57 27 120
57 28 91
57 29 67
57 30 92
57 31 98
57 32 69
57 33 147
57 34 79
57 35 149
57 36 100
57 37 160
57 38 144
57 39 197
57 40 91
57 41 164
57 42 154
57 43 160
57 44 193
57 45 89
57 46 132
57 47 190
57 48 100
57 49 76
57 50 83
57 51 129
57 52 124
57 53 73
57 54 115
57 55 182
57 56 102
57 58 175
57 59 66
57 60 68
57 61 165
57 62 131
57 63 106
57 64 184
57 65 77
57 66 63
57 67 51
57 68 160
57 69 151
57 70 117
57 71 105
57 72 178
57 73 196
57 74 100
57 75 79
57 76 126
57 77 77
57 78 64
57 79 155
57 80 106
57 81 193
57 82 145
57 83 97
57 84 85
57 85 134
57 86 71
57 87 166
57 88 50
57 89 51
57 90 181
57 91 94
57 92 131
57 93 164
57 94 69
57 95 94
57 96 54
57 97 177
57 98 119
57 99 136
58 1 172
58 2 62
58 3 191
58 4 76
58 5 55
58 6 184
58 7 142
58 8 103
58 9 121
58 10 146
58 11 72
58 12 191
58 13 80
58 14 111
58 15 109
58 16 104
58 17 60
58 18 79
58 19 90
58 20 140
58 21 196
58 22 58
58 23 154
58 24 123
58 25 173
58 26 100
58 27 61
58 28 198
58 29 134
58 30 184
58 31 115
58 32 139
58 33 119
58 34 83
58 35 134
58 36 52
58 37 126
58 38 145
58 39 136
58 40 155
58 41 109
58 42 63
58 43 123
58 44 183
58 45 124
58 46 55
58 47 123
58 48 177
58 49 93
58 50 71
58 51 61
58 52 54
58 53 195
58 54 133
58 55 63
58 56 123
58 57 175
58 59 142
58 60 119
58 61 73
58 62 77
58 63 59
58 64 185
58 65 71
58 66 117
58 67 157
58 68 156
58 69 96
58 70 180
58 71 123
58 72 170
58 73 108
58 74 143
58 75 84
58 76 58
58 77 177
58 78 186
58 79 50
58 80 130
58 81 126
58 82 52
58 83 82
58 84 79
58 85 79
58 86 119
58 87 190
58 88 168
58 89 118
58 90 170
58 91 75
58 92 108
58 93 147
58 94 145
58 95 198
58 96 79
58 97 55
58 98 66
58 99 197
59 1 119
59 2 69
59 3 162
59 4 151
59 5 150
59 6 68
59 7 114
59 8 176
59 9 174
59 10 169
59 11 126
59 12 62
59 13 193
59 14 99
59 15 149
59 16 125
59 17 69
59 18 64
59 19 104
59 20 50
59 21 91
59 22 178
59 23 85
59 24 143
59 25 108
59 26 185
59 27 104
59 28 76
59 29 155
59 30 53
59 31 156
59 32 181
59 33 196
59 34 84
59 35 54
59 36 197
59 37 145
59 38 73
59 39 168
59 40 131
59 41 164
59 42 62
59 43 114
59 44 126
59 45 172
59 46 171
59 47 190
59 48 194
59 49 97
59 50 120
59 51 172
59 52 192
59 53 163
59 54 148
59 55 69
59 56 54
59 57 66
59 58 142
59 60 123
59 61 97
59 62 133
59 63 172
59 64 67
59 65 103
59 66 197
59 67 182
59 68 96
59 69 61
59 70 188
59 71 171
59 72 116
59 73 75
59 74 83
59 75 166
59 76 56
59 77 62
59 78 192
59 79 64
59 80 124
59 81 149
59 82 137
59 83 65
59 84 139
59 85 115
59 86 97
59 87 112
59 88 116
59 89 159
59 90 197
59 91 54
59 92 112
59 93 62
59 94 50
59 95 172
59 96 184
59 97 137
59 98 115
59 99 55
60 1 140
60 2 170
60 3 144
60 4 171
60 5 50
60 6 176
60 7 55
60 8 182
60 9 98
60 10 87
60 11 98
60 12 145
60 13 56
60 14 64
60 15 57
60 16 77
60 17 199
60 18 179
60 19 145
60 20 188
60 21 181
60 22 70
60 23 65
60 24 54
60 25 182
60 26 84
60 27 130
60 28 79
60 29 103
60 30 60
60 31 63
60 32 98
60 33 119
60 34 74
60 35 102
60 36 84
60 37 164
60 38 172
60 39 138
60 40 117
60 41 163
60 42 80
60 43 133
60 44 62
60 45 186
60 46 93
60 47 141
60 48 70
60 49 173
60 50 156
60 51 143
60 52 77
60 53 157
60 54 59
60 55 53
60 56 86
60 57 68
60 58 119
60 59 123
60 61 183
60 62 139
60 63 79
60 64 55
60 65 141
60 66 167
60 67 107
60 68 100
60 69 135
60 70 122
60 71 80
60 72 58
60 73 155
60 74 101
60 75 103
60 76 55
60 77 70
60 78 82
60 79 92
60 80 173
60 81 159
60 82 155
60 83 133
60 84 140
60 85 140
60 86 83
60 87 157
60 88 120
60 89 107
60 90 131
60 91 135
60 92 164
60 93 178
60 94 60
60 95 192
60 96 176
60 97 160
60 98 128
60 99 83
61 1 138
61 2 64
61 3 125
61 4 91
61 5 119
61 6 119
61 7 74
61 8 79
61 9 143
61 10 196
61 11 92
61 12 122
61 13 183
61 14 182
61 15 168
61 16 161
61 17 163
61 18 180
61 19 72
61 20 174
61 21 187
61 22 116
61 23 126
61 24 120
61 25 129
61 26 88
61 27 63
61 28 165
61 29 155
61 30 84
61 31 196
61 32 101
61 33 57
61 34 65
61 35 113
61 36 196
61 37 194
61 38 133
61 39 113
61 40 86
61 41 173
61 42 119
61 43 148
61 44 119
61 45 81
61 46 87
61 47 63
61 48 159
61 49 141
61 50 68
61 51 154
61 52 166
61 53 115
61 54 117
61 55 189
61 56 170
61 57 165
61 58 73
61 59 97
61 60 183
61 62 133
61 63 77
61 64 166
61 65 182
61 66 69
61 67 100
61 68 173
61 69 140
61 70 73
61 71 167
61 72 151
61 73 94
61 74 184
61 75 66
61 76 130
61 77 55
61 78 150
61 79 179
61 80 51
61 81 86
61 82 178
61 83 163
61 84 89
61 85 182
61 86 81
61 87 123
61 88 181
61 89 62
61 90 99
61 91 72
61 92 82
61 93 62
61 94 90
61 95 140
61 96 66
61 97 56
61 98 51
61 99 110
62 1 81
62 2 61
62 3 71
62 4 64
62 5 120
62 6 126
62 7 93
62 8 148
62 9 123
62 10 66
62 11 186
62 12 181
62 13 87
62 14 65
62 15 113
62 16 105
62 17 116
62 18 64
62 19 124
62 20 188
62 21 177
62 22 56
62 23 108
62 24 177
62 25 91
62 26 84
62 27 93
62 28 102
62 29 68
62 30 130
62 31 197
62 32 182
62 33 168
62 34 161
62 35 129
62 36 135
62 37 116
62 38 144
62 39 87
62 40 174
62 41 140
62 42 75
62 43 74
62 44 182
62 45 63
62 46 160
62 47 55
62 48 187
62 49 53
62 50 153
62 51 55
62 52 51
62 53 182
62 54 77
62 55 137
62 56 169
62 57 131
62 58 77
62 59 133
62 60 139
62 61 133
62 63 146
62 64 125
62 65 145
62 66 68
62 67 141
62 68 134
62 69 71
62 70 68
62 71 153
62 72 100
62 73 158
62 74 148
62 75 186
62 76 181
62 77 166
62 78 79
62 79 56
62 80 152
62 81 172
62 82 68
62 83 142
62 84 61
62 85 134
62 86 91
62 87 132
62 88 174
62 89 148
62 90 55
62 91 141
62 92 118
62 93 182
62 94 110
62 95 198
62 96 84
62 97 173
62 98 75
62 99 66
63 1 186
63 2 197
63 3 78
63 4 135
63 5 88
63 6 74
63 7 199
63 8 194
63 9 134
63 10 59
63 11 75
63 12 192
63 13 70
63 14 96
63 15 157
63 16 191
63 17 59
63 18 51
63 19 92
63 20 78
63 21 100
63 22 138
63 23 71
63 24 148
63 25 115
63 26 150
63 27 109
63 28 123
63 29 161
63 30 99
63 31 167
63 32 151
63 33 91
63 34 57
63 35 177
63 36 173
63 37 88
63 38 137
63 39 99
63 40 173
63 41 183
63 42 176
63 43 96
63 44 111
63 45 72
63 46 103
63 47 132
63 48 79
63 49 65
63 50 138
63 51 122
63 52 75
63 53 187
63 54 75
63 55 154
63 56 80
63 57 106
63 58 59
63 59 172
63 60 79
63 61 77
63 62 146
63 64 186
63 65 122
63 66 91
63 67 112
63 68 64
63 69 56
63 70 179
63 71 116
63 72 197
63 73 165
63 74 82
63 75 140
63 76 93
63 77 178
63 78 168
63 79 95
63 80 162
63 81 185
63 82 118
63 83 54
63 84 116
63 85 50
63 86 152
63 87 66
63 88 88
63 89 107
63 90 167
63 91 186
63 92 80
63 93 95
63 94 104
63 95 179
63 96 127
63 97 154
63 98 156
63 99 54
64 1 85
64 2 67
64 3 165
64 4 66
64 5 126
64 6 118
64 7 136
64 8 94
64 9 178
64 10 167
64 11 52
64 12 120
64 13 188
64 14 152
64 15 146
64 16 169
64 17 183
64 18 57
64 19 195
64 20 81
64 21 179
64 22 69
64 23 108
64 24 105
64 25 190
64 26 54
64 27 125
64 28 189
64 29 126
64 30 68
64 31 193
64 32 181
64 33 196
64 34 183
64 35 178
64 36 124
64 37 165
64 38 197
64 39 133
64 40 171
64 41 138
64 42 55
64 43 107
64 44 71
64 45 164
64 46 77
64 47 124
64 48 164
64 49 92
64 50 91
64 51 106
64 52 129
64 53 93
64 54 113
64 55 125
64 56 50
64 57 184
64 58 185
64 59 67
64 60 55
64 61 166
64 62 125
64 63 186
64 65 54
64 66 88
64 67 72
64 68 115
64 69 57
64 70 83
64 71 91
64 72 163
64 73 113
64 74 87
64 75 154
64 76 52
64 77 56
64 78 180
64 79 127
64 80 155
64 81 60
64 82 62
64 83 80
64 84 78
64 85 154
64 86 77
64 87 56
64 88 146
64 89 74
64 90 182
64 91 185
64 92 135
64 93 50
64 94 170
64 95 159
64 96 97
64 97 70
64 98 157
64 99 195
65 1 64
65 2 52
65 3 57
65 4 184
65 5 188
65 6 90
65 7 114
65 8 134
65 9 61
65 10 125
65 11 55
65 12 170
65 13 181
65 14 60
65 15 89
65 16 96
65 17 152
65 18 148
65 19 158
65 20 80
65 21 59
65 22 125
65 23 112
65 24 147
65 25 73
65 26 57
65 27 77
65 28 199
65 29 195
65 30 62
65 31 54
65 32 138
65 33 189
65 34 198
65 35 108
65 36 192
65 37 134
65 38 147
65 39 129
65 40 117
65 41 62
65 42 66
65 43 184
65 44 91
65 45 176
65 46 166
65 47 177
65 48 156
65 49 190
65 50 160
65 51 195
65 52 88
65 53 119
65 54 115
65 55 151
65 56 134
65 57 77
65 58 71
65 59 103
65 60 141
65 61 182
65 62 145
65 63 122
65 64 54
65 66 151
65 67 132
65 68 149
65 69 150
65 70 147
65 71 78
65 72 161
65 73 172
65 74 103
65 75 182
65 76 102
65 77 161
65 78 144
65 79 181
65 80 195
65 81 137
65 82 161
65 83 89
65 84 96
65 85 148
65 86 197
65 87 58
65 88 66
65 89 148
65 90 137
65 91 72
65 92 124
65 93 127
65 94 89
65 95 81
65 96 61
65 97 91
65 98 187
65 99 117
66 1 58
66 2 117
66 3 97
66 4 55
66 5 103
66 6 163
66 7 101
66 8 193
66 9 115
66 10 110
66 11 132
66 12 84
66 13 186
66 14 133
66 15 166
66 16 179
66 17 122
66 18 96
66 19 83
66 20 98
66 21 151
66 22 181
66 23 77
66 24 176
66 25 136
66 26 148
66 27 151
66 28 70
66 29 61
66 30 137
66 31 139
66 32 83
66 33 57
66 34 82
66 35 77
66 36 164
66 37 139
66 38 131
66 39 66
66 40 108
66 41 193
66 42 174
66 43 186
66 44 119
66 45 166
66 46 53
66 47 112
66 48 60
66 49 83
66 50 146
66 51 105
66 52 123
66 53 189
66 54 158
66 55 68
66 56 117
66 57 63
66 58 117
66 59 197
66 60 167
66 61 69
66 62 68
66 63 91
66 64 88
66 65 151
66 67 90
66 68 165
66 69 107
66 70 94
66 71 110
66 72 85
66 73 117
66 74 170
66 75 110
66 76 109
66 77 70
66 78 93
66 79 135
66 80 186
66 81 132
66 82 179
66 83 55
66 84 169
66 85 136
66 86 182
66 87 198
66 88 99
66 89 134
66 90 187
66 91 120
66 92 172
66 93 66
66 94 89
66 95 50
66 96 189
66 97 88
66 98 114
66 99 147
67 1 72
67 2 126
67 3 99
67 4 61
67 5 149
67 6 149
67 7 111
67 8 158
67 9 194
67 10 52
67 11 64
67 12 94
67 13 93
67 14 116
67 15 161
67 16 138
67 17 77
67 18 127
67 19 73
67 20 164
67 21 186
67 22 200
67 23 186
67 24 135
67 25 96
67 26 191
67 27 167
67 28 179
67 29 112
67 30 160
67 31 111
67 32 124
67 33 87
67 34 127
67 35 85
67 36 170
67 37 190
67 38 92
67 39 148
67 40 128
67 41 152
67 42 167
67 43 93
67 44 85
67 45 114
67 46 101
67 47 69
67 48 161
67 49 85
67 50 76
67 51 92
67 52 70
67 53 119
67 54 71
67 55 121
67 56 61
67 57 51
67 58 157
67 59 182
67 60 107
67 61 100
67 62 141
67 63 112
67 64 72
67 65 132
67 66 90
67 68 120
67 69 99
67 70 135
67 71 109
67 72 124
67 73 135
67 74 161
67 75 107
67 76 187
67 77 167
67 78 55
67 79 148
67 80 132
67 81 178
67 82 110
67 83 153
67 84 170
67 85 88
67 86 86
67 87 70
67 88 66
67 89 106
67 90 57
67 91 146
67 92 141
67 93 132
67 94 85
67 95 162
67 96 150
67 97 199
67 98 192
67 99 147
68 1 75
68 2 156
68 3 100
68 4 54
68 5 128
68 6 141
68 7 144
68 8 89
68 9 131
68 10 130
68 11 160
68 12 137
68 13 132
68 14 119
68 15 92
68 16 168
68 17 91
68 18 85
68 19 90
68 20 173
68 21 153
68 22 106
68 23 123
68 24 57
68 25 139
68 26 160
68 27 87
68 28 193
68 29 103
68 30 119
68 31 63
68 32 81
68 33 51
68 34 97
68 35 91
68 36 130
68 37 56
68 38 59
68 39 125
68 40 164
68 41 120
68 42 58
68 43 112
68 44 185
68 45 132
68 46 190
68 47 82
68 48 101
68 49 153
68 50 118
68 51 95
68 52 61
68 53 54
68 54 93
68 55 146
68 56 130
68 57 160
68 58 156
68 59 96
68 60 100
68 61 173
68 62 134
68 63 64
68 64 115
68 65 149
68 66 165
68 67 120
68 69 197
68 70 164
68 71 191
68 72 70
68 73 165
68 74 126
68 75 164
68 76 135
68 77 109
68 78 64
68 79 137
68 80 116
68 81 104
68 82 145
68 83 119
68 84 194
68 85 134
68 86 110
68 87 178
68 88 65
68 89 165
68 90 54
68 91 80
68 92 103
68 93 198
68 94 82
68 95 148
68 96 56
68 97 171
68 98 156
68 99 181
69 1 177
69 2 109
69 3 87
69 4 160
69 5 115
69 6 166
69 7 59
69 8 88
69 9 79
69 10 123
69 11 68
69 12 67
69 13 105
69 14 189
69 15 161
69 16 145
69 17 80
69 18 71
69 19 193
69 20 155
69 21 83
69 22 136
69 23 115
69 24 101
69 25 149
69 26 92
69 27 190
69 28 126
69 29 111
69 30 84
69 31 196
69 32 186
69 33 70
69 34 123
69 35 112
69 36 66
69 37 153
69 38 96
69 39 173
69 40 134
69 41 164
69 42 181
69 43 106
69 44 58
69 45 78
69 46 172
69 47 186
69 48 121
69 49 119
69 50 124
69 51 184
69 52 134
69 53 156
69 54 167
69 55 81
69 56 189
69 57 151
69 58 96
69 59 61
69 60 135
69 61 140
69 62 71
69 63 56
69 64 57
69 65 150
69 66 107
69 67 99
69 68 197
69 70 130
69 71 185
69 72 63
69 73 155
69 74 161
69 75 55
69 76 112
69 77 146
69 78 70
69 79 184
69 80 73
69 81 109
69 82 177
69 83 56
69 84 180
69 85 87
69 86 195
69 87 127
69 88 91
69 89 188
69 90 82
69 91 58
69 92 175
69 93 111
69 94 133
69 95 187
69 96 126
69 97 122
69 98 182
69 99 146
70 1 111
70 2 194
70 3 183
70 4 67
70 5 99
70 6 176
70 7 120
70 8 115
70 9 160
70 10 164
70 11 177
70 12 148
70 13 196
70 14 175
70 15 123
70 16 141
70 17 117
70 18 61
70 19 130
70 20 128
70 21 101
70 22 88
70 23 81
70 24 194
70 25 84
70 26 66
70 27 194
70 28 82
70 29 61
70 30 118
70 31 189
70 32 128
70 33 164
70 34 141
70 35 102
70 36 172
70 37 86
70 38 192
70 39 194
70 40 132
70 41 106
70 42 136
70 43 77
70 44 137
70 45 91
70 46 200
70 47 125
70 48 160
70 49 151
70 50 118
70 51 136
70 52 119
70 53 125
70 54 145
70 55 86
70 56 110
70 57 117
70 58 180
70 59 188
70 60 122
70 61 73
70 62 68
70 63 179
70 64 83
70 65 147
70 66 94
70 67 135
70 68 164
70 69 130
70 71 183
70 72 198
70 73 84
70 74 129
70 75 145
70 76 68
70 77 159
70 78 71
70 79 109
70 80 135
70 81 173
70 82 200
70 83 164
70 84 142
70 85 69
70 86 161
70 87 141
70 88 172
70 89 59
70 90 133
70 91 110
70 92 83
70 93 123
70 94 151
70 95 139
70 96 65
70 97 186
70 98 54
70 99 128
71 1 163
71 2 173
71 3 68
71 4 122
71 5 115
71 6 144
71 7 192
71 8 126
71 9 175
71 10 100
71 11 193
71 12 171
71 13 52
71 14 74
71 15 182
71 16 165
71 17 140
71 18 137
71 19 144
71 20 131
71 21 57
71 22 78
71 23 132
71 24 66
71 25 132
71 26 173
71 27 115
71 28 160
71 29 183
71 30 56
71 31 86
71 32 162
71 33 185
71 34 69
71 35 57
71 36 105
71 37 76
71 38 139
71 39 109
71 40 109
71 41 94
71 42 196
71 43 165
71 44 72
71 45 144
71 46 102
71 47 73
71 48 112
71 49 57
71 50 158
71 51 171
71 52 67
71 53 198
71 54 81
71 55 88
71 56 164
71 57 105
71 58 123
71 59 171
71 60 80
71 61 167
71 62 153
71 63 116
71 64 91
71 65 78
71 66 110
71 67 109
71 68 191
71 69 185
71 70 183
71 72 58
71 73 109
71 74 113
71 75 170
71 76 63
71 77 178
71 78 134
71 79 177
71 80 121
71 81 79
71 82 157
71 83 147
71 84 170
71 85 155
71 86 83
71 87 125
71 88 117
71 89 98
71 90 169
71 91 56
71 92 108
71 93 90
71 94 157
71 95 192
71 96 85
71 97 76
71 98 124
71 99 199
72 1 157
72 2 164
72 3 110
72 4 87
72 5 179
72 6 80
72 7 144
72 8 70
72 9 133
72 10 119
72 11 194
72 12 150
72 13 111
72 14 148
72 15 66
72 16 119
72 17 142
72 18 161
72 19 80
72 20 52
72 21 88
72 22 94
72 23 74
72 24 98
72 25 83
72 26 129
72 27 56
72 28 190
72 29 63
72 30 62
72 31 163
72 32 191
72 33 103
72 34 163
72 35 192
72 36 108
72 37 73
72 38 176
72 39 76
72 40 121
72 41 117
72 42 178
72 43 60
72 44 109
72 45 124
72 46 70
72 47 112
72 48 81
72 49 164
72 50 116
72 51 90
72 52 110
72 53 54
72 54 76
72 55 157
72 56 60
72 57 178
72 58 170
72 59 116
72 60 58
72 61 151
72 62 100
72 63 197
72 64 163
72 65 161
72 66 85
72 67 124
72 68 70
72 69 63
72 70 198
72 71 58
72 73 153
72 74 169
72 75 149
72 76 109
72 77 64
72 78 190
72 79 55
72 80 181
72 81 192
72 82 103
72 83 200
72 84 52
72 85 100
72 86 77
72 87 70
72 88 104
72 89 84
72 90 156
72 91 154
72 92 136
72 93 62
72 94 58
72 95 132
72 96 104
72 97 61
72 98 116
72 99 132
73 1 65
73 2 98
73 3 73
73 4 68
73 5 160
73 6 72
73 7 102
73 8 59
73 9 172
73 10 184
73 11 67
73 12 153
73 13 174
73 14 129
73 15 147
73 16 58
73 17 118
73 18 92
73 19 171
73 20 153
73 21 135
73 22 85
73 23 169
73 24 174
73 25 120
73 26 129
73 27 93
73 28 196
73 29 71
73 30 85
73 31 101
73 32 90
73 33 117
73 34 52
73 35 104
73 36 136
73 37 72
73 38 93
73 39 71
73 40 110
73 41 80
73 42 162
73 43 61
73 44 73
73 45 75
73 46 97
73 47 134
73 48 51
73 49 68
73 50 122
73 51 51
73 52 97
73 53 127
73 54 122
73 55 78
73 56 82
73 57 196
73 58 108
73 59 75
73 60 155
73 61 94
73 62 158
73 63 165
73 64 113
73 65 172
73 66 117
73 67 135
73 68 165
73 69 155
73 70 84
73 71 109
73 72 153
73 74 53
73 75 198
73 76 86
73 77 103
73 78 71
73 79 103
73 80 98
73 81 142
73 82 175
73 83 179
73 84 55
73 85 109
73 86 102
73 87 183
73 88 119
73 89 103
73 90 135
73 91 87
73 92 106
73 93 88
73 94 64
73 95 199
73 96 102
73 97 120
73 98 83
73 99 90
74 1 94
74 2 55
74 3 123
74 4 108
74 5 168
74 6 174
74 7 92
74 8 185
74 9 163
74 10 71
74 11 85
74 12 59
74 13 98
74 14 91
74 15 160
74 16 71
74 17 62
74 18 194
74 19 108
74 20 73
74 21 161
74 22 162
74 23 81
74 24 159
74 25 187
74 26 77
74 27 149
74 28 189
74 29 98
74 30 99
74 31 177
74 32 77
74 33 183
74 34 139
74 35 147
74 36 178
74 37 101
74 38 145
74 39 148
74 40 72
74 41 117
74 42 123
74 43 112
74 44 67
74 45 92
74 46 148
74 47 152
74 48 146
74 49 78
74 50 197
74 51 83
74 52 67
74 53 200
74 54 125
74 55 167
74 56 182
74 57 100
74 58 143
74 59 83
74 60 101
74 61 184
74 62 148
74 63 82
74 64 87
74 65 103
74 66 170
74 67 161
74 68 126
74 69 161
74 70 129
74 71 113
74 72 169
74 73 53
74 75 57
74 76 124
74 77 122
74 78 153
74 79 72
74 80 118
74 81 78
74 82 162
74 83 144
74 84 64
74 85 81
74 86 155
74 87 95
74 88 86
74 89 183
74 90 99
74 91 135
74 92 114
74 93 103
74 94 71
74 95 154
74 96 78
74 97 179
74 98 175
74 99 80
75 1 52
75 2 87
75 3 129
75 4 187
75 5 98
75 6 153
75 7 84
75 8 196
75 9 143
75 10 121
75 11 166
75 12 165
75 13 186
75 14 88
75 15 102
75 16 158
75 17 181
75 18 127
75 19 157
75 20 95
75 21 186
75 22 161
75 23 134
75 24 72
75 25 52
75 26 192
75 27 78
75 28 101
75 29 168
75 30 164
75 31 60
75 32 139
75 33 170
75 34 168
75 35 99
75 36 68
75 37 167
75 38 164
75 39 130
75 40 157
75 41 147
75 42 68
75 43 88
75 44 51
75 45 101
75 46 177
75 47 187
75 48 91
75 49 176
75 50 196
75 51 127
75 52 158
75 53 76
75 54 68
75 55 138
75 56 106
75 57 79
75 58 84
75 59 166
75 60 103
75 61 66
75 62 186
75 63 140
75 64 154
75 65 182
75 66 110
75 67 107
75 68 164
75 69 55
75 70 145
75 71 170
75 72 149
75 73 198
75 74 57
75 76 68
75 77 185
75 78 195
75 79 70
75 80 119
75 81 73
75 82 129
75 83 65
75 84 121
75 85 164
75 86 169
75 87 78
75 88 145
75 89 159
75 90 159
75 91 93
75 92 80
75 93 74
75 94 126
75 95 56
75 96 109
75 97 198
75 98 134
75 99 191
76 1 162
76 2 127
76 3 103
76 4 98
76 5 80
76 6 191
76 7 152
76 8 120
76 9 164
76 10 94
76 11 83
76 12 60
76 13 90
76 14 112
76 15 176
76 16 192
76 17 129
76 18 135
76 19 193
76 20 81
76 21 176
76 22 94
76 23 90
76 24 109
76 25 151
76 26 123
76 27 52
76 28 192
76 29 98
76 30 122
76 31 136
76 32 65
76 33 117
76 34 187
76 35 174
76 36 123
76 37 184
76 38 175
76 39 94
76 40 78
76 41 163
76 42 134
76 43 156
76 44 70
76 45 53
76 46 55
76 47 148
76 48 123
76 49 94
76 50 84
76 51 176
76 52 178
76 53 172
76 54 100
76 55 178
76 56 82
76 57 126
76 58 58
76 59 56
76 60 55
76 61 130
76 62 181
76 63 93
76 64 52
76 65 102
76 66 109
76 67 187
76 68 135
76 69 112
76 70 68
76 71 63
76 72 109
76 73 86
76 74 124
76 75 68
76 77 161
76 78 116
76 79 186
76 80 150
76 81 180
76 82 107
76 83 63
76 84 71
76 85 146
76 86 53
76 87 107
76 88 76
76 89 172
76 90 126
76 91 166
76 92 170
76 93 198
76 94 118
76 95 65
76 96 178
76 97 198
76 98 67
76 99 106
77 1 63
77 2 97
77 3 192
77 4 113
77 5 160
77 6 197
77 7 167
77 8 105
77 9 102
77 10 124
77 11 77
77 12 100
77 13 132
77 14 124
77 15 194
77 16 180
77 17 109
77 18 146
77 19 149
77 20 80
77 21 181
77 22 52
77 23 174
77 24 95
77 25 115
77 26 123
77 27 113
77 28 187
77 29 55
77 30 56
77 31 51
77 32 89
77 33 162
77 34 156
77 35 168
77 36 140
77 37 198
77 38 180
77 39 200
77 40 187
77 41 61
77 42 141
77 43 116
77 44 66
77 45 199
77 46 143
77 47 113
77 48 50
77 49 78
77 50 71
77 51 108
77 52 116
77 53 103
77 54 90
77 55 181
77 56 176
77 57 77
77 58 177
77 59 62
77 60 70
77 61 55
77 62 166
77 63 178
77 64 56
77 65 161
77 66 70
77 67 167
77 68 109
77 69 146
77 70 159
77 71 178
77 72 64
77 73 103
77 74 122
77 75 185
77 76 161
77 78 73
77 79 150
77 80 159
77 81 84
77 82 86
77 83 130
77 84 89
77 85 74
77 86 106
77 87 194
77 88 100
77 89 73
77 90 135
77 91 158
77 92 129
77 93 86
77 94 123
77 95 57
77 96 88
77 97 96
77 98 114
77 99 172
78 1 80
78 2 90
78 3 150
78 4 169
78 5 200
78 6 184
78 7 79
78 8 134
78 9 135
78 10 200
78 11 155
78 12 55
78 13 189
78 14 160
78 15 122
78 16 124
78 17 63
78 18 52
78 19 121
78 20 63
78 21 141
78 22 168
78 23 113
78 24 180
78 25 145
78 26 108
78 27 50
78 28 118
78 29 156
78 30 149
78 31 189
78 32 123
78 33 171
78 34 56
78 35 176
78 36 171
78 37 196
78 38 85
78 39 114
78 40 65
78 41 87
78 42 66
78 43 73
78 44 142
78 45 121
78 46 178
78 47 72
78 48 103
78 49 59
78 50 143
78 51 166
78 52 102
78 53 198
78 54 80
78 55 157
78 56 200
78 57 64
78 58 186
78 59 192
78 60 82
78 61 150
78 62 79
78 63 168
78 64 180
78 65 144
78 66 93
78 67 55
78 68 64
78 69 70
78 70 71
78 71 134
78 72 190
78 73 71
78 74 153
78 75 195
78 76 116
78 77 73
78 79 150
78 80 168
78 81 133
78 82 178
78 83 81
78 84 192
78 85 179
78 86 142
78 87 117
78 88 170
78 89 176
78 90 112
78 91 106
78 92 174
78 93 162
78 94 155
78 95 72
78 96 167
78 97 78
78 98 167
78 99 84
79 1 174
79 2 133
79 3 188
79 4 103
79 5 152
79 6 113
79 7 59
79 8 105
79 9 141
79 10 189
79 11 138
79 12 189
79 13 172
79 14 186
79 15 162
79 16 76
79 17 99
79 18 113
79 19 158
79 20 144
79 21 143
79 22 150
79 23 110
79 24 195
79 25 139
79 26 140
79 27 88
79 28 183
79 29 195
79 30 105
79 31 186
79 32 87
79 33 79
79 34 106
79 35 148
79 36 199
79 37 169
79 38 105
79 39 198
79 40 172
79 41 51
79 42 182
79 43 174
79 44 169
79 45 186
79 46 112
79 47 150
79 48 72
79 49 74
79 50 176
79 51 123
79 52 125
79 53 150
79 54 189
79 55 142
79 56 132
79 57 155
79 58 50
79 59 64
79 60 92
79 61 179
79 62 56
79 63 95
79 64 127
79 65 181
79 66 135
79 67 148
79 68 137
79 69 184
79 70 109
79 71 177
79 72 55
79 73 103
79 74 72
79 75 70
79 76 186
79 77 150
79 78 150
79 80 77
79 81 170
79 82 100
79 83 199
79 84 156
79 85 88
79 86 118
79 87 190
79 88 66
79 89 91
79 90 110
79 91 185
79 92 74
79 93 116
79 94 174
79 95 94
79 96 51
79 97 200
79 98 98
79 99 162
80 1 129
80 2 107
80 3 169
80 4 187
80 5 90
80 6 84
80 7 82
80 8 61
80 9 70
80 10 133
80 11 123
80 12 79
80 13 157
80 14 169
80 15 98
80 16 154
80 17 174
80 18 67
80 19 183
80 20 110
80 21 63
80 22 98
80 23 177
80 24 124
80 25 155
80 26 177
80 27 199
80 28 66
80 29 90
80 30 138
80 31 54
80 32 70
80 33 197
80 34 143
80 35 61
80 36 92
80 37 121
80 38 51
80 39 78
80 40 140
80 41 147
80 42 163
80 43 182
80 44 116
80 45 89
80 46 166
80 47 187
80 48 102
80 49 52
80 50 56
80 51 100
80 52 149
80 53 112
80 54 151
80 55 63
80 56 99
80 57 106
80 58 130
80 59 124
80 60 173
80 61 51
80 62 152
80 63 162
80 64 155
80 65 195
80 66 186
80 67 132
80 68 116
80 69 73
80 70 135
80 71 121
80 72 181
80 73 98
80 74 118
80 75 119
80 76 150
80 77 159
80 78 168
80 79 77
80 81 173
80 82 71
80 83 57
80 84 134
80 85 67
80 86 86
80 87 167
80 88 77
80 89 158
80 90 93
80 91 135
80 92 113
80 93 172
80 94 175
80 95 92
80 96 117
80 97 145
80 98 145
80 99 67
81 1 75
81 2 185
81 3 127
81 4 198
81 5 139
81 6 150
81 7 57
81 8 166
81 9 125
81 10 63
81 11 94
81 12 126
81 13 149
81 14 189
81 15 176
81 16 172
81 17 69
81 18 168
81 19 149
81 20 78
81 21 75
81 22 200
81 23 191
81 24 62
81 25 127
81 26 199
81 27 158
81 28 81
81 29 152
81 30 192
81 31 96
81 32 159
81 33 74
81 34 74
81 35 100
81 36 158
81 37 112
81 38 67
81 39 177
81 40 133
81 41 177
81 42 118
81 43 53
81 44 125
81 45 74
81 46 103
81 47 149
81 48 116
81 49 55
81 50 155
81 51 98
81 52 107
81 53 53
81 54 109
81 55 177
81 56 96
81 57 193
81 58 126
81 59 149
81 60 159
81 61 86
81 62 172
81 63 185
81 64 60
81 65 137
81 66 132
81 67 178
81 68 104
81 69 109
81 70 173
81 71 79
81 72 192
81 73 142
81 74 78
81 75 73
81 76 180
81 77 84
81 78 133
81 79 170
81 80 173
81 82 130
81 83 192
81 84 142
81 85 78
81 86 139
81 87 175
81 88 122
81 89 132
81 90 178
81 91 116
81 92 115
81 93 162
81 94 129
81 95 54
81 96 121
81 97 71
81 98 196
81 99 146
82 1 55
82 2 81
82 3 102
82 4 198
82 5 150
82 6 59
82 7 181
82 8 133
82 9 65
82 10 90
82 11 82
82 12 178
82 13 129
82 14 196
82 15 102
82 16 89
82 17 142
82 18 51
82 19 121
82 20 114
82 21 154
82 22 55
82 23 77
82 24 169
82 25 57
82 26 134
82 27 172
82 28 139
82 29 158
82 30 178
82 31 127
82 32 130
82 33 142
82 34 92
82 35 110
82 36 159
82 37 198
82 38 80
82 39 147
82 40 164
82 41 125
82 42 134
82 43 154
82 44 100
82 45 52
82 46 126
82 47 181
82 48 198
82 49 93
82 50 75
82 51 84
82 52 78
82 53 146
82 54 191
82 55 77
82 56 107
82 57 145
82 58 52
82 59 137
82 60 155
82 61 178
82 62 68
82 63 118
82 64 62
82 65 161
82 66 179
82 67 110
82 68 145
82 69 177
82 70 200
82 71 157
82 72 103
82 73 175
82 74 162
82 75 129
82 76 107
82 77 86
82 78 178
82 79 100
82 80 71
82 81 130
82 83 191
82 84 136
82 85 54
82 86 164
82 87 127
82 88 163
82 89 85
82 90 111
82 91 92
82 92 60
82 93 185
82 94 148
82 95 126
82 96 161
82 97 191
82 98 78
82 99 101
83 1 90
83 2 195
83 3 146
83 4 165
83 5 199
83 6 83
83 7 162
83 8 138
83 9 122
83 10 126
83 11 61
83 12 126
83 13 76
83 14 123
83 15 76
83 16 58
83 17 177
83 18 155
83 19 97
83 20 114
83 21 166
83 22 195
83 23 124
83 24 184
83 25 165
83 26 145
83 27 179
83 28 129
83 29 113
83 30 72
83 31 156
83 32 138
83 33 120
83 34 176
83 35 80
83 36 153
83 37 146
83 38 84
83 39 60
83 40 50
83 41 135
83 42 183
83 43 168
83 44 51
83 45 137
83 46 87
83 47 72
83 48 63
83 49 125
83 50 151
83 51 80
83 52 67
83 53 161
83 54 198
83 55 165
83 56 186
83 57 97
83 58 82
83 59 65
83 60 133
83 61 163
83 62 142
83 63 54
83 64 80
83 65 89
83 66 55
83 67 153
83 68 119
83 69 56
83 70 164
83 71 147
83 72 200
83 73 179
83 74 144
83 75 65
83 76 63
83 77 130
83 78 81
83 79 199
83 80 57
83 81 192
83 82 191
83 84 54
83 85 117
83 86 87
83 87 134
83 88 127
83 89 179
83 90 191
83 91 166
83 92 96
83 93 65
83 94 133
83 95 196
83 96 154
83 97 197
83 98 183
83 99 75
84 1 131
84 2 89
84 3 53
84 4 197
84 5 95
84 6 83
84 7 112
84 8 167
84 9 173
84 10 116
84 11 134
84 12 185
84 13 196
84 14 150
84 15 172
84 16 77
84 17 114
84 18 180
84 19 159
84 20 91
84 21 86
84 22 126
84 23 177
84 24 116
84 25 184
84 26 64
84 27 72
84 28 60
84 29 128
84 30 143
84 31 137
84 32 93
84 33 80
84 34 106
84 35 150
84 36 111
84 37 137
84 38 181
84 39 131
84 40 175
84 41 106
84 42 120
84 43 84
84 44 95
84 45 197
84 46 98
84 47 76
84 48 181
84 49 82
84 50 151
84 51 102
84 52 172
84 53 142
84 54 115
84 55 135
84 56 111
84 57 85
84 58 79
84 59 139
84 60 140
84 61 89
84 62 61
84 63 116
84 64 78
84 65 96
84 66 169
84 67 170
84 68 194
84 69 180
84 70 142
84 71 170
84 72 52
84 73 55
84 74 64
84 75 121
84 76 71
84 77 89
84 78 192
84 79 156
84 80 134
84 81 142
84 82 136
84 83 54
84 85 54
84 86 186
84 87 187
84 88 99
84 89 169
84 90 115
84 91 136
84 92 76
84 93 96
84 94 119
84 95 60
84 96 132
84 97 165
84 98 96
84 99 180
85 1 183
85 2 158
85 3 105
85 4 120
85 5 146
85 6 63
85 7 62
85 8 95
85 9 143
85 10 166
85 11 50
85 12 130
85 13 170
85 14 198
85 15 119
85 16 72
85 17 102
85 18 131
85 19 119
85 20 67
85 21 105
85 22 110
85 23 84
85 24 183
85 25 131
85 26 186
85 27 92
85 28 193
85 29 123
85 30 171
85 31 91
85 32 148
85 33 148
85 34 142
85 35 187
85 36 159
85 37 198
85 38 74
85 39 149
85 40 60
85 41 132
85 42 141
85 43 140
85 44 146
85 45 130
85 46 64
85 47 108
85 48 172
85 49 91
85 50 82
85 51 63
85 52 67
85 53 145
85 54 123
85 55 171
85 56 135
85 57 134
85 58 79
85 59 115
85 60 140
85 61 182
85 62 134
85 63 50
85 64 154
85 65 148
85 66 136
85 67 88
85 68 134
85 69 87
85 70 69
85 71 155
85 72 100
85 73 109
85 74 81
85 75 164
85 76 146
85 77 74
85 78 179
85 79 88
85 80 67
85 81 78
85 82 54
85 83 117
85 84 54
85 86 104
85 87 64
85 88 82
85 89 73
85 90 168
85 91 101
85 92 76
85 93 88
85 94 164
85 95 59
85 96 69
85 97 183
85 98 137
85 99 92
86 1 101
86 2 78
86 3 82
86 4 188
86 5 120
86 6 51
86 7 78
86 8 183
86 9 51
86 10 198
86 11 196
86 12 140
86 13 180
86 14 124
86 15 115
86 16 155
86 17 114
86 18 132
86 19 70
86 20 150
86 21 59
86 22 133
86 23 53
86 24 53
86 25 61
86 26 161
86 27 157
86 28 171
86 29 56
86 30 118
86 31 142
86 32 197
86 33 132
86 34 135
86 35 147
86 36 127
86 37 167
86 38 65
86 39 99
86 40 183
86 41 143
86 42 128
86 43 102
86 44 196
86 45 141
86 46 113
86 47 67
86 48 161
86 49 179
86 50 102
86 51 53
86 52 128
86 53 74
86 54 159
86 55 147
86 56 124
86 57 71
86 58 119
86 59 97
86 60 83
86 61 81
86 62 91
86 63 152
86 64 77
86 65 197
86 66 182
86 67 86
86 68 110
86 69 195
86 70 161
86 71 83
86 72 77
86 73 102
86 74 155
86 75 169
86 76 53
86 77 106
86 78 142
86 79 118
86 80 86
86 81 139
86 82 164
86 83 87
86 84 186
86 85 104
86 87 89
86 88 75
86 89 193
86 90 119
86 91 69
86 92 109
86 93 97
86 94 173
86 95 50
86 96 133
86 97 99
86 98 102
86 99 164
87 1 140
87 2 96
87 3 132
87 4 149
87 5 109
87 6 198
87 7 65
87 8 100
87 9 141
87 10 155
87 11 112
87 12 106
87 13 195
87 14 77
87 15 175
87 16 163
87 17 130
87 18 172
87 19 198
87 20 163
87 21 76
87 22 60
87 23 193
87 24 162
87 25 53
87 26 164
87 27 70
87 28 196
87 29 128
87 30 100
87 31 176
87 32 87
87 33 151
87 34 88
87 35 148
87 36 75
87 37 110
87 38 171
87 39 119
87 40 149
87 41 91
87 42 103
87 43 130
87 44 58
87 45 159
87 46 155
87 47 118
87 48 187
87 49 148
87 50 54
87 51 147
87 52 155
87 53 65
87 54 124
87 55 179
87 56 140
87 57 166
87 58 190
87 59 112
87 60 157
87 61 123
87 62 132
87 63 66
87 64 56
87 65 58
87 66 198
87 67 70
87 68 178
87 69 127
87 70 141
87 71 125
87 72 70
87 73 183
87 74 95
87 75 78
87 76 107
87 77 194
87 78 117
87 79 190
87 80 167
87 81 175
87 82 127
87 83 134
87 84 187
87 85 64
87 86 89
87 88 91
87 89 107
87 90 99
87 91 134
87 92 54
87 93 186
87 94 120
87 95 102
87 96 197
87 97 146
87 98 65
87 99 99
88 1 128
88 2 78
88 3 119
88 4 64
88 5 64
88 6 118
88 7 191
88 8 120
88 9 166
88 10 84
88 11 87
88 12 118
88 13 94
88 14 104
88 15 101
88 16 111
88 17 173
88 18 107
88 19 105
88 20 100
88 21 139
88 22 188
88 23 56
88 24 194
88 25 130
88 26 160
88 27 85
88 28 164
88 29 106
88 30 122
88 31 83
88 32 105
88 33 193
88 34 71
88 35 160
88 36 195
88 37 130
88 38 59
88 39 152
88 40 147
88 41 89
88 42 114
88 43 146
88 44 162
88 45 60
88 46 120
88 47 168
88 48 159
88 49 148
88 50 144
88 51 117
88 52 154
88 53 92
88 54 185
88 55 117
88 56 129
88 57 50
88 58 168
88 59 116
88 60 120
88 61 181
88 62 174
88 63 88
88 64 146
88 65 66
88 66 99
88 67 66
88 68 65
88 69 91
88 70 172
88 71 117
88 72 104
88 73 119
88 74 86
88 75 145
88 76 76
88 77 100
88 78 170
88 79 66
88 80 77
88 81 122
88 82 163
88 83 127
88 84 99
88 85 82
88 86 75
88 87 91
88 89 181
88 90 160
88 91 73
88 92 194
88 93 90
88 94 171
88 95 122
88 96 115
88 97 171
88 98 121
88 99 184
89 1 176
89 2 61
89 3 178
89 4 80
89 5 129
89 6 100
89 7 127
89 8 166
89 9 91
89 10 145
89 11 164
89 12 108
89 13 179
89 14 133
89 15 117
89 16 174
89 17 127
89 18 181
89 19 105
89 20 60
89 21 62
89 22 100
89 23 53
89 24 80
89 25 181
89 26 189
89 27 121
89 28 98
89 29 187
89 30 166
89 31 176
89 32 58
89 33 110
89 34 151
89 35 181
89 36 139
89 37 107
89 38 150
89 39 139
89 40 111
89 41 75
89 42 144
89 43 53
89 44 110
89 45 112
89 46 56
89 47 164
89 48 133
89 49 96
89 50 79
89 51 74
89 52 100
89 53 116
89 54 79
89 55 70
89 56 162
89 57 51
89 58 118
89 59 159
89 60 107
89 61 62
89 62 148
89 63 107
89 64 74
89 65 148
89 66 134
89 67 106
89 68 165
89 69 188
89 70 59
89 71 98
89 72 84
89 73 103
89 74 183
89 75 159
89 76 172
89 77 73
89 78 176
89 79 91
89 80 158
89 81 132
89 82 85
89 83 179
89 84 169
89 85 73
89 86 193
89 87 107
89 88 181
89 90 53
89 91 159
89 92 194
89 93 52
89 94 93
89 95 115
89 96 55
89 97 59
89 98 149
89 99 156
90 1 183
90 2 91
90 3 60
90 4 168
90 5 154
90 6 166
90 7 124
90 8 198
90 9 75
90 10 152
90 11 164
90 12 102
90 13 152
90 14 175
90 15 77
90 16 69
90 17 130
90 18 147
90 19 74
90 20 74
90 21 154
90 22 198
90 23 75
90 24 191
90 25 95
90 26 177
90 27 141
90 28 129
90 29 59
90 30 52
90 31 156
90 32 93
90 33 53
90 34 179
90 35 133
90 36 51
90 37 153
90 38 104
90 39 90
90 40 197
90 41 89
90 42 105
90 43 115
90 44 156
90 45 162
90 46 90
90 47 139
90 48 71
90 49 54
90 50 98
90 51 199
90 52 151
90 53 60
90 54 174
90 55 82
90 56 69
90 57 181
90 58 170
90 59 197
90 60 131
90 61 99
90 62 55
90 63 167
90 64 182
90 65 137
90 66 187
90 67 57
90 68 54
90 69 82
90 70 133
90 71 169
90 72 156
90 73 135
90 74 99
90 75 159
90 76 126
90 77 135
90 78 112
90 79 110
90 80 93
90 81 178
90 82 111
90 83 191
90 84 115
90 85 168
90 86 119
90 87 99
90 88 160
90 89 53
90 91 92
90 92 108
90 93 141
90 94 71
90 95 115
90 96 114
90 97 105
90 98 154
90 99 126
91 1 161
91 2 75
91 3 96
91 4 164
91 5 92
91 6 78
91 7 99
91 8 52
91 9 152
91 10 86
91 11 132
91 12 146
91 13 135
91 14 83
91 15 153
91 16 164
91 17 146
91 18 113
91 19 153
91 20 106
91 21 88
91 22 128
91 23 130
91 24 90
91 25 98
91 26 68
91 27 169
91 28 196
91 29 185
91 30 132
91 31 159
91 32 170
91 33 129
91 34 149
91 35 100
91 36 152
91 37 199
91 38 196
91 39 125
91 40 74
91 41 101
91 42 132
91 43 113
91 44 90
91 45 101
91 46 159
91 47 82
91 48 78
91 49 193
91 50 160
91 51 116
91 52 93
91 53 116
91 54 150
91 55 99
91 56 90
91 57 94
91 58 75
91 59 54
91 60 135
91 61 72
91 62 141
91 63 186
91 64 185
91 65 72
91 66 120
91 67 146
91 68 80
91 69 58
91 70 110
91 71 56
91 72 154
91 73 87
91 74 135
91 75 93
91 76 166
91 77 158
91 78 106
91 79 185
91 80 135
91 81 116
91 82 92
91 83 166
91 84 136
91 85 101
91 86 69
91 87 134
91 88 73
91 89 159
91 90 92
91 92 178
91 93 77
91 94 180
91 95 145
91 96 84
91 97 71
91 98 82
91 99 108
92 1 199
92 2 155
92 3 169
92 4 163
92 5 85
92 6 178
92 7 92
92 8 147
92 9 97
92 10 115
92 11 151
92 12 67
92 13 96
92 14 89
92 15 151
92 16 103
92 17 188
92 18 57
92 19 141
92 20 139
92 21 91
92 22 187
92 23 193
92 24 55
92 25 115
92 26 155
92 27 171
92 28 59
92 29 181
92 30 166
92 31 85
92 32 72
92 33 145
92 34 123
92 35 100
92 36 56
92 37 148
92 38 138
92 39 50
92 40 89
92 41 136
92 42 183
92 43 105
92 44 76
92 45 170
92 46 185
92 47 176
92 48 185
92 49 106
92 50 142
92 51 167
92 52 80
92 53 62
92 54 175
92 55 125
92 56 172
92 57 131
92 58 108
92 59 112
92 60 164
92 61 82
92 62 118
92 63 80
92 64 135
92 65 124
92 66 172
92 67 141
92 68 103
92 69 175
92 70 83
92 71 108
92 72 136
92 73 106
92 74 114
92 75 80
92 76 170
92 77 129
92 78 174
92 79 74
92 80 113
92 81 115
92 82 60
92 83 96
92 84 76
92 85 76
92 86 109
92 87 54
92 88 194
92 89 194
92 90 108
92 91 178
92 93 151
92 94 194
92 95 185
92 96 127
92 97 94
92 98 192
92 99 164
93 1 118
93 2 98
93 3 149
93 4 163
93 5 163
93 6 86
93 7 79
93 8 197
93 9 158
93 10 95
93 11 127
93 12 53
93 13 178
93 14 75
93 15 90
93 16 113
93 17 138
93 18 115
93 19 78
93 20 124
93 21 55
93 22 131
93 23 131
93 24 70
93 25 131
93 26 135
93 27 55
93 28 107
93 29 147
93 30 70
93 31 93
93 32 75
93 33 109
93 34 60
93 35 123
93 36 123
93 37 91
93 38 195
93 39 168
93 40 200
93 41 109
93 42 102
93 43 59
93 44 143
93 45 131
93 46 92
93 47 50
93 48 139
93 49 182
93 50 128
93 51 110
93 52 150
93 53 55
93 54 164
93 55 184
93 56 107
93 57 164
93 58 147
93 59 62
93 60 178
93 61 62
93 62 182
93 63 95
93 64 50
93 65 127
93 66 66
93 67 132
93 68 198
93 69 111
93 70 123
93 71 90
93 72 62
93 73 88
93 74 103
93 75 74
93 76 198
93 77 86
93 78 162
93 79 116
93 80 172
93 81 162
93 82 185
93 83 65
93 84 96
93 85 88
93 86 97
93 87 186
93 88 90
93 89 52
93 90 141
93 91 77
93 92 151
93 94 96
93 95 137
93 96 125
93 97 52
93 98 185
93 99 190
94 1 157
94 2 200
94 3 168
94 4 174
94 5 129
94 6 119
94 7 120
94 8 74
94 9 103
94 10 57
94 11 93
94 12 196
94 13 60
94 14 159
94 15 145
94 16 182
94 17 54
94 18 187
94 19 81
94 20 149
94 21 81
94 22 145
94 23 164
94 24 58
94 25 64
94 26 168
94 27 170
94 28 106
94 29 155
94 30 142
94 31 177
94 32 80
94 33 56
94 34 195
94 35 67
94 36 168
94 37 109
94 38 146
94 39 160
94 40 180
94 41 61
94 42 140
94 43 56
94 44 68
94 45 102
94 46 98
94 47 128
94 48 82
94 49 179
94 50 70
94 51 82
94 52 198
94 53 182
94 54 191
94 55 190
94 56 153
94 57 69
94 58 145
94 59 50
94 60 60
94 61 90
94 62 110
94 63 104
94 64 170
94 65 89
94 66 89
94 67 85
94 68 82
94 69 133
94 70 151
94 71 157
94 72 58
94 73 64
94 74 71
94 75 126
94 76 118
94 77 123
94 78 155
94 79 174
94 80 175
94 81 129
94 82 148
94 83 133
94 84 119
94 85 164
94 86 173
94 87 120
94 88 171
94 89 93
94 90 71
94 91 180
94 92 194
94 93 96
94 95 145
94 96 190
94 97 61
94 98 146
94 99 56
95 1 127
95 2 162
95 3 82
95 4 126
95 5 178
95 6 104
95 7 93
95 8 57
95 9 65
95 10 69
95 11 111
95 12 116
95 13 66
95 14 50
95 15 71
95 16 53
95 17 182
95 18 124
95 19 87
95 20 199
95 21 177
95 22 163
95 23 70
95 24 138
95 25 126
95 26 58
95 27 77
95 28 127
95 29 106
95 30 184
95 31 174
95 32 145
95 33 84
95 34 160
95 35 141
95 36 194
95 37 149
95 38 151
95 39 190
95 40 127
95 41 150
95 42 88
95 43 191
95 44 136
95 45 119
95 46 135
95 47 63
95 48 84
95 49 69
95 50 56
95 51 119
95 52 139
95 53 193
95 54 125
95 55 162
95 56 167
95 57 94
95 58 198
95 59 172
95 60 192
95 61 140
95 62 198
95 63 179
95 64 159
95 65 81
95 66 50
95 67 162
95 68 148
95 69 187
95 70 139
95 71 192
95 72 132
95 73 199
95 74 154
95 75 56
95 76 65
95 77 57
95 78 72
95 79 94
95 80 92
95 81 54
95 82 126
95 83 196
95 84 60
95 85 59
95 86 50
95 87 102
95 88 122
95 89 115
95 90 115
95 91 145
95 92 185
95 93 137
95 94 145
95 96 113
95 97 191
95 98 61
95 99 198
96 1 76
96 2 68
96 3 102
96 4 89
96 5 120
96 6 121
96 7 141
96 8 80
96 9 86
96 10 60
96 11 56
96 12 192
96 13 94
96 14 77
96 15 66
96 16 101
96 17 109
96 18 116
96 19 92
96 20 182
96 21 124
96 22 56
96 23 191
96 24 150
96 25 178
96 26 125
96 27 189
96 28 138
96 29 98
96 30 114
96 31 106
96 32 71
96 33 198
96 34 127
96 35 127
96 36 141
96 37 61
96 38 50
96 39 161
96 40 198
96 41 192
96 42 170
96 43 101
96 44 100
96 45 129
96 46 113
96 47 175
96 48 64
96 49 98
96 50 181
96 51 200
96 52 178
96 53 175
96 54 63
96 55 197
96 56 182
96 57 54
96 58 79
96 59 184
96 60 176
96 61 66
96 62 84
96 63 127
96 64 97
96 65 61
96 66 189
96 67 150
96 68 56
96 69 126
96 70 65
96 71 85
96 72 104
96 73 102
96 74 78
96 75 109
96 76 178
96 77 88
96 78 167
96 79 51
96 80 117
96 81 121
96 82 161
96 83 154
96 84 132
96 85 69
96 86 133
96 87 197
96 88 115
96 89 55
96 90 114
96 91 84
96 92 127
96 93 125
96 94 190
96 95 113
96 97 136
96 98 177
96 99 102
97 1 133
97 2 102
97 3 145
97 4 89
97 5 194
97 6 180
97 7 69
97 8 84
97 9 133
97 10 137
97 11 160
97 12 159
97 13 166
97 14 64
97 15 179
97 16 80
97 17 176
97 18 159
97 19 133
97 20 85
97 21 199
97 22 119
97 23 73
97 24 59
97 25 197
97 26 147
97 27 51
97 28 89
97 29 87
97 30 61
97 31 77
97 32 54
97 33 127
97 34 148
97 35 198
97 36 51
97 37 123
97 38 144
97 39 187
97 40 66
97 41 138
97 42 159
97 43 115
97 44 104
97 45 158
97 46 157
97 47 134
97 48 78
97 49 82
97 50 130
97 51 125
97 52 122
97 53 162
97 54 87
97 55 145
97 56 66
97 57 177
97 58 55
97 59 137
97 60 160
97 61 56
97 62 173
97 63 154
97 64 70
97 65 91
97 66 88
97 67 199
97 68 171
97 69 122
97 70 186
97 71 76
97 72 61
97 73 120
97 74 179
97 75 198
97 76 198
97 77 96
97 78 78
97 79 200
97 80 145
97 81 71
97 82 191
97 83 197
97 84 165
97 85 183
97 86 99
97 87 146
97 88 171
97 89 59
97 90 105
97 91 71
97 92 94
97 93 52
97 94 61
97 95 191
97 96 136
97 98 145
97 99 58
98 1 130
98 2 138
98 3 122
98 4 124
98 5 177
98 6 125
98 7 135
98 8 111
98 9 185
98 10 186
98 11 158
98 12 182
98 13 88
98 14 62
98 15 115
98 16 108
98 17 95
98 18 180
98 19 175
98 20 178
98 21 196
98 22 58
98 23 138
98 24 115
98 25 150
98 26 135
98 27 169
98 28 196
98 29 194
98 30 63
98 31 120
98 32 188
98 33 89
98 34 141
98 35 130
98 36 91
98 37 78
98 38 80
98 39 162
98 40 59
98 41 149
98 42 96
98 43 141
98 44 54
98 45 122
98 46 143
98 47 92
98 48 51
98 49 53
98 50 102
98 51 126
98 52 161
98 53 170
98 54 89
98 55 71
98 56 141
98 57 119
98 58 66
98 59 115
98 60 128
98 61 51
98 62 75
98 63 156
98 64 157
98 65 187
98 66 114
98 67 192
98 68 156
98 69 182
98 70 54
98 71 124
98 72 116
98 73 83
98 74 175
98 75 134
98 76 67
98 77 114
98 78 167
98 79 98
98 80 145
98 81 196
98 82 78
98 83 183
98 84 96
98 85 137
98 86 102
98 87 65
98 88 121
98 89 149
98 90 154
98 91 82
98 92 192
98 93 185
98 94 146
98 95 61
98 96 177
98 97 145
98 99 192
1 t 134
2 t 173
3 t 94
4 t 100
5 t 178
6 t 152
7 t 196
8 t 108
9 t 121
10 t 187
11 t 166
12 t 121
13 t 164
14 t 195
15 t 178
16 t 116
17 t 56
18 t 146
19 t 56
20 t 88
21 t 143
22 t 114
23 t 171
24 t 191
25 t 156
26 t 120
27 t 158
28 t 65
29 t 128
30 t 164
31 t 136
32 t 96
33 t 186
34 t 192
35 t 104
36 t 54
37 t 82
38 t 197
39 t 166
40 t 104
41 t 135
42 t 80
43 t 86
44 t 123
45 t 59
46 t 83
47 t 51
48 t 192
49 t 72
50 t 52
51 t 107
52 t 57
53 t 96
54 t 195
55 t 199
56 t 113
57 t 136
58 t 197
59 t 55
60 t 83
61 t 110
62 t 66
63 t 54
64 t 195
65 t 117
66 t 147
67 t 147
68 t 181
69 t 146
70 t 128
71 t 199
72 t 132
73 t 90
74 t 80
75 t 191
76 t 106
77 t 172
78 t 84
79 t 162
80 t 67
81 t 146
82 t 101
83 t 75
84 t 180
85 t 92
86 t 164
87 t 99
88 t 184
89 t 156
90 t 126
91 t 108
92 t 164
93 t 190
94 t 56
95 t 198
96 t 102
97 t 58
98 t 192
