s 1 50
s 2 50
s 3 50
s 4 50
s 5 50
s 6 50
s 7 50
s 8 50
s 9 50
s 10 50
s 11 50
s 12 50
s 13 50
s 14 50
s 15 50
s 16 50
s 17 50
s 18 50
s 19 50
s 20 50
s 21 50
s 22 50
s 23 50
s 24 50
s 25 50
s 26 50
s 27 50
s 28 50
s 29 50
s 30 50
s 31 50
s 32 50
s 33 50
s 34 50
s 35 50
s 36 50
s 37 50
s 38 50
s 39 50
s 40 50
s 41 50
s 42 50
s 43 50
s 44 50
s 45 50
s 46 50
s 47 50
s 48 50
s 49 50
s 50 50
s 51 50
s 52 50
s 53 50
s 54 50
s 55 50
s 56 50
s 57 50
s 58 50
s 59 50
s 60 50
s 61 50
s 62 50
s 63 50
s 64 50
s 65 50
s 66 50
s 67 50
s 68 50
s 69 50
s 70 50
s 71 50
s 72 50
s 73 50
s 74 50
s 75 50
s 76 50
s 77 50
s 78 50
s 79 50
s 80 50
s 81 50
s 82 50
s 83 50
s 84 50
s 85 50
s 86 50
s 87 50
s 88 50
s 89 50
s 90 50
s 91 50
s 92 50
s 93 50
s 94 50
s 95 50
s 96 50
s 97 50
s 98 50
s 99 50
1 2 50
1 3 50
1 4 50
1 5 50
1 6 50
1 7 50
1 8 50
1 9 50
1 10 50
1 11 50
1 12 50
1 13 50
1 14 50
1 15 50
1 16 50
1 17 50
1 18 50
1 19 50
1 20 50
1 21 50
1 22 50
1 23 50
1 24 50
1 25 50
1 26 50
1 27 50
1 28 50
1 29 50
1 30 50
1 31 50
1 32 50
1 33 50
1 34 50
1 35 50
1 36 50
1 37 50
1 38 50
1 39 50
1 40 50
1 41 50
1 42 50
1 43 50
1 44 50
1 45 50
1 46 50
1 47 50
1 48 50
1 49 50
1 50 50
1 51 50
1 52 50
1 53 50
1 54 50
1 55 50
1 56 50
1 57 50
1 58 50
1 59 50
1 60 50
1 61 50
1 62 50
1 63 50
1 64 50
1 65 50
1 66 50
1 67 50
1 68 50
1 69 50
1 70 50
1 71 50
1 72 50
1 73 50
1 74 50
1 75 50
1 76 50
1 77 50
1 78 50
1 79 50
1 80 50
1 81 50
1 82 50
1 83 50
1 84 50
1 85 50
1 86 50
1 87 50
1 88 50
1 89 50
1 90 50
1 91 50
1 92 50
1 93 50
1 94 50
1 95 50
1 96 50
1 97 50
1 98 50
1 99 50
2 1 50
2 3 50
2 4 50
2 5 50
2 6 50
2 7 50
2 8 50
2 9 50
2 10 50
2 11 50
2 12 50
2 13 50
2 14 50
2 15 50
2 16 50
2 17 50
2 18 50
2 19 50
2 20 50
2 21 50
2 22 50
2 23 50
2 24 50
2 25 50
2 26 50
2 27 50
2 28 50
2 29 50
2 30 50
2 31 50
2 32 50
2 33 50
2 34 50
2 35 50
2 36 50
2 37 50
2 38 50
2 39 50
2 40 50
2 41 50
2 42 50
2 43 50
2 44 50
2 45 50
2 46 50
2 47 50
2 48 50
2 49 50
2 50 50
2 51 50
2 52 50
2 53 50
2 54 50
2 55 50
2 56 50
2 57 50
2 58 50
2 59 50
2 60 50
2 61 50
2 62 50
2 63 50
2 64 50
2 65 50
2 66 50
2 67 50
2 68 50
2 69 50
2 70 50
2 71 50
2 72 50
2 73 50
2 74 50
2 75 50
2 76 50
2 77 50
2 78 50
2 79 50
2 80 50
2 81 50
2 82 50
2 83 50
2 84 50
2 85 50
2 86 50
2 87 50
2 88 50
2 89 50
2 90 50
2 91 50
2 92 50
2 93 50
2 94 50
2 95 50
2 96 50
2 97 50
2 98 50
2 99 50
3 1 50
3 2 50
3 4 50
3 5 50
3 6 50
3 7 50
3 8 50
3 9 50
3 10 50
3 11 50
3 12 50
3 13 50
3 14 50
3 15 50
3 16 50
3 17 50
3 18 50
3 19 50
3 20 50
3 21 50
3 22 50
3 23 50
3 24 50
3 25 50
3 26 50
3 27 50
3 28 50
3 29 50
3 30 50
3 31 50
3 32 50
3 33 50
3 34 50
3 35 50
3 36 50
3 37 50
3 38 50
3 39 50
3 40 50
3 41 50
3 42 50
3 43 50
3 44 50
3 45 50
3 46 50
3 47 50
3 48 50
3 49 50
3 50 50
3 51 50
3 52 50
3 53 50
3 54 50
3 55 50
3 56 50
3 57 50
3 58 50
3 59 50
3 60 50
3 61 50
3 62 50
3 63 50
3 64 50
3 65 50
3 66 50
3 67 50
3 68 50
3 69 50
3 70 50
3 71 50
3 72 50
3 73 50
3 74 50
3 75 50
3 76 50
3 77 50
3 78 50
3 79 50
3 80 50
3 81 50
3 82 50
3 83 50
3 84 50
3 85 50
3 86 50
3 87 50
3 88 50
3 89 50
3 90 50
3 91 50
3 92 50
3 93 50
3 94 50
3 95 50
3 96 50
3 97 50
3 98 50
3 99 50
4 1 50
4 2 50
4 3 50
4 5 50
4 6 50
4 7 50
4 8 50
4 9 50
4 10 50
4 11 50
4 12 50
4 13 50
4 14 50
4 15 50
4 16 50
4 17 50
4 18 50
4 19 50
4 20 50
4 21 50
4 22 50
4 23 50
4 24 50
4 25 50
4 26 50
4 27 50
4 28 50
4 29 50
4 30 50
4 31 50
4 32 50
4 33 50
4 34 50
4 35 50
4 36 50
4 37 50
4 38 50
4 39 50
4 40 50
4 41 50
4 42 50
4 43 50
4 44 50
4 45 50
4 46 50
4 47 50
4 48 50
4 49 50
4 50 50
4 51 50
4 52 50
4 53 50
4 54 50
4 55 50
4 56 50
4 57 50
4 58 50
4 59 50
4 60 50
4 61 50
4 62 50
4 63 50
4 64 50
4 65 50
4 66 50
4 67 50
4 68 50
4 69 50
4 70 50
4 71 50
4 72 50
4 73 50
4 74 50
4 75 50
4 76 50
4 77 50
4 78 50
4 79 50
4 80 50
4 81 50
4 82 50
4 83 50
4 84 50
4 85 50
4 86 50
4 87 50
4 88 50
4 89 50
4 90 50
4 91 50
4 92 50
4 93 50
4 94 50
4 95 50
4 96 50
4 97 50
4 98 50
4 99 50
5 1 50
5 2 50
5 3 50
5 4 50
5 6 50
5 7 50
5 8 50
5 9 50
5 10 50
5 11 50
5 12 50
5 13 50
5 14 50
5 15 50
5 16 50
5 17 50
5 18 50
5 19 50
5 20 50
5 21 50
5 22 50
5 23 50
5 24 50
5 25 50
5 26 50
5 27 50
5 28 50
5 29 50
5 30 50
5 31 50
5 32 50
5 33 50
5 34 50
5 35 50
5 36 50
5 37 50
5 38 50
5 39 50
5 40 50
5 41 50
5 42 50
5 43 50
5 44 50
5 45 50
5 46 50
5 47 50
5 48 50
5 49 50
5 50 50
5 51 50
5 52 50
5 53 50
5 54 50
5 55 50
5 56 50
5 57 50
5 58 50
5 59 50
5 60 50
5 61 50
5 62 50
5 63 50
5 64 50
5 65 50
5 66 50
5 67 50
5 68 50
5 69 50
5 70 50
5 71 50
5 72 50
5 73 50
5 74 50
5 75 50
5 76 50
5 77 50
5 78 50
5 79 50
5 80 50
5 81 50
5 82 50
5 83 50
5 84 50
5 85 50
5 86 50
5 87 50
5 88 50
5 89 50
5 90 50
5 91 50
5 92 50
5 93 50
5 94 50
5 95 50
5 96 50
5 97 50
5 98 50
5 99 50
6 1 50
6 2 50
6 3 50
6 4 50
6 5 50
6 7 50
6 8 50
6 9 50
6 10 50
6 11 50
6 12 50
6 13 50
6 14 50
6 15 50
6 16 50
6 17 50
6 18 50
6 19 50
6 20 50
6 21 50
6 22 50
6 23 50
6 24 50
6 25 50
6 26 50
6 27 50
6 28 50
6 29 50
6 30 50
6 31 50
6 32 50
6 33 50
6 34 50
6 35 50
6 36 50
6 37 50
6 38 50
6 39 50
6 40 50
6 41 50
6 42 50
6 43 50
6 44 50
6 45 50
6 46 50
6 47 50
6 48 50
6 49 50
6 50 50
6 51 50
6 52 50
6 53 50
6 54 50
6 55 50
6 56 50
6 57 50
6 58 50
6 59 50
6 60 50
6 61 50
6 62 50
6 63 50
6 64 50
6 65 50
6 66 50
6 67 50
6 68 50
6 69 50
6 70 50
6 71 50
6 72 50
6 73 50
6 74 50
6 75 50
6 76 50
6 77 50
6 78 50
6 79 50
6 80 50
6 81 50
6 82 50
6 83 50
6 84 50
6 85 50
6 86 50
6 87 50
6 88 50
6 89 50
6 90 50
6 91 50
6 92 50
6 93 50
6 94 50
6 95 50
6 96 50
6 97 50
6 98 50
6 99 50
7 1 50
7 2 50
7 3 50
7 4 50
7 5 50
7 6 50
7 8 50
7 9 50
7 10 50
7 11 50
7 12 50
7 13 50
7 14 50
7 15 50
7 16 50
7 17 50
7 18 50
7 19 50
7 20 50
7 21 50
7 22 50
7 23 50
7 24 50
7 25 50
7 26 50
7 27 50
7 28 50
7 29 50
7 30 50
7 31 50
7 32 50
7 33 50
7 34 50
7 35 50
7 36 50
7 37 50
7 38 50
7 39 50
7 40 50
7 41 50
7 42 50
7 43 50
7 44 50
7 45 50
7 46 50
7 47 50
7 48 50
7 49 50
7 50 50
7 51 50
7 52 50
7 53 50
7 54 50
7 55 50
7 56 50
7 57 50
7 58 50
7 59 50
7 60 50
7 61 50
7 62 50
7 63 50
7 64 50
7 65 50
7 66 50
7 67 50
7 68 50
7 69 50
7 70 50
7 71 50
7 72 50
7 73 50
7 74 50
7 75 50
7 76 50
7 77 50
7 78 50
7 79 50
7 80 50
7 81 50
7 82 50
7 83 50
7 84 50
7 85 50
7 86 50
7 87 50
7 88 50
7 89 50
7 90 50
7 91 50
7 92 50
7 93 50
7 94 50
7 95 50
7 96 50
7 97 50
7 98 50
7 99 50
8 1 50
8 2 50
8 3 50
8 4 50
8 5 50
8 6 50
8 7 50
8 9 50
8 10 50
8 11 50
8 12 50
8 13 50
8 14 50
8 15 50
8 16 50
8 17 50
8 18 50
8 19 50
8 20 50
8 21 50
8 22 50
8 23 50
8 24 50
8 25 50
8 26 50
8 27 50
8 28 50
8 29 50
8 30 50
8 31 50
8 32 50
8 33 50
8 34 50
8 35 50
8 36 50
8 37 50
8 38 50
8 39 50
8 40 50
8 41 50
8 42 50
8 43 50
8 44 50
8 45 50
8 46 50
8 47 50
8 48 50
8 49 50
8 50 50
8 51 50
8 52 50
8 53 50
8 54 50
8 55 50
8 56 50
8 57 50
8 58 50
8 59 50
8 60 50
8 61 50
8 62 50
8 63 50
8 64 50
8 65 50
8 66 50
8 67 50
8 68 50
8 69 50
8 70 50
8 71 50
8 72 50
8 73 50
8 74 50
8 75 50
8 76 50
8 77 50
8 78 50
8 79 50
8 80 50
8 81 50
8 82 50
8 83 50
8 84 50
8 85 50
8 86 50
8 87 50
8 88 50
8 89 50
8 90 50
8 91 50
8 92 50
8 93 50
8 94 50
8 95 50
8 96 50
8 97 50
8 98 50
8 99 50
9 1 50
9 2 50
9 3 50
9 4 50
9 5 50
9 6 50
9 7 50
9 8 50
9 10 50
9 11 50
9 12 50
9 13 50
9 14 50
9 15 50
9 16 50
9 17 50
9 18 50
9 19 50
9 20 50
9 21 50
9 22 50
9 23 50
9 24 50
9 25 50
9 26 50
9 27 50
9 28 50
9 29 50
9 30 50
9 31 50
9 32 50
9 33 50
9 34 50
9 35 50
9 36 50
9 37 50
9 38 50
9 39 50
9 40 50
9 41 50
9 42 50
9 43 50
9 44 50
9 45 50
9 46 50
9 47 50
9 48 50
9 49 50
9 50 50
9 51 50
9 52 50
9 53 50
9 54 50
9 55 50
9 56 50
9 57 50
9 58 50
9 59 50
9 60 50
9 61 50
9 62 50
9 63 50
9 64 50
9 65 50
9 66 50
9 67 50
9 68 50
9 69 50
9 70 50
9 71 50
9 72 50
9 73 50
9 74 50
9 75 50
9 76 50
9 77 50
9 78 50
9 79 50
9 80 50
9 81 50
9 82 50
9 83 50
9 84 50
9 85 50
9 86 50
9 87 50
9 88 50
9 89 50
9 90 50
9 91 50
9 92 50
9 93 50
9 94 50
9 95 50
9 96 50
9 97 50
9 98 50
9 99 50
10 1 50
10 2 50
10 3 50
10 4 50
10 5 50
10 6 50
10 7 50
10 8 50
10 9 50
10 11 50
10 12 50
10 13 50
10 14 50
10 15 50
10 16 50
10 17 50
10 18 50
10 19 50
10 20 50
10 21 50
10 22 50
10 23 50
10 24 50
10 25 50
10 26 50
10 27 50
10 28 50
10 29 50
10 30 50
10 31 50
10 32 50
10 33 50
10 34 50
10 35 50
10 36 50
10 37 50
10 38 50
10 39 50
10 40 50
10 41 50
10 42 50
10 43 50
10 44 50
10 45 50
10 46 50
10 47 50
10 48 50
10 49 50
10 50 50
10 51 50
10 52 50
10 53 50
10 54 50
10 55 50
10 56 50
10 57 50
10 58 50
10 59 50
10 60 50
10 61 50
10 62 50
10 63 50
10 64 50
10 65 50
10 66 50
10 67 50
10 68 50
10 69 50
10 70 50
10 71 50
10 72 50
10 73 50
10 74 50
10 75 50
10 76 50
10 77 50
10 78 50
10 79 50
10 80 50
10 81 50
10 82 50
10 83 50
10 84 50
10 85 50
10 86 50
10 87 50
10 88 50
10 89 50
10 90 50
10 91 50
10 92 50
10 93 50
10 94 50
10 95 50
10 96 50
10 97 50
10 98 50
10 99 50
11 1 50
11 2 50
11 3 50
11 4 50
11 5 50
11 6 50
11 7 50
11 8 50
11 9 50
11 10 50
11 12 50
11 13 50
11 14 50
11 15 50
11 16 50
11 17 50
11 18 50
11 19 50
11 20 50
11 21 50
11 22 50
11 23 50
11 24 50
11 25 50
11 26 50
11 27 50
11 28 50
11 29 50
11 30 50
11 31 50
11 32 50
11 33 50
11 34 50
11 35 50
11 36 50
11 37 50
11 38 50
11 39 50
11 40 50
11 41 50
11 42 50
11 43 50
11 44 50
11 45 50
11 46 50
11 47 50
11 48 50
11 49 50
11 50 50
11 51 50
11 52 50
11 53 50
11 54 50
11 55 50
11 56 50
11 57 50
11 58 50
11 59 50
11 60 50
11 61 50
11 62 50
11 63 50
11 64 50
11 65 50
11 66 50
11 67 50
11 68 50
11 69 50
11 70 50
11 71 50
11 72 50
11 73 50
11 74 50
11 75 50
11 76 50
11 77 50
11 78 50
11 79 50
11 80 50
11 81 50
11 82 50
11 83 50
11 84 50
11 85 50
11 86 50
11 87 50
11 88 50
11 89 50
11 90 50
11 91 50
11 92 50
11 93 50
11 94 50
11 95 50
11 96 50
11 97 50
11 98 50
11 99 50
12 1 50
12 2 50
12 3 50
12 4 50
12 5 50
12 6 50
12 7 50
12 8 50
12 9 50
12 10 50
12 11 50
12 13 50
12 14 50
12 15 50
12 16 50
12 17 50
12 18 50
12 19 50
12 20 50
12 21 50
12 22 50
12 23 50
12 24 50
12 25 50
12 26 50
12 27 50
12 28 50
12 29 50
12 30 50
12 31 50
12 32 50
12 33 50
12 34 50
12 35 50
12 36 50
12 37 50
12 38 50
12 39 50
12 40 50
12 41 50
12 42 50
12 43 50
12 44 50
12 45 50
12 46 50
12 47 50
12 48 50
12 49 50
12 50 50
12 51 50
12 52 50
12 53 50
12 54 50
12 55 50
12 56 50
12 57 50
12 58 50
12 59 50
12 60 50
12 61 50
12 62 50
12 63 50
12 64 50
12 65 50
12 66 50
12 67 50
12 68 50
12 69 50
12 70 50
12 71 50
12 72 50
12 73 50
12 74 50
12 75 50
12 76 50
12 77 50
12 78 50
12 79 50
12 80 50
12 81 50
12 82 50
12 83 50
12 84 50
12 85 50
12 86 50
12 87 50
12 88 50
12 89 50
12 90 50
12 91 50
12 92 50
12 93 50
12 94 50
12 95 50
12 96 50
12 97 50
12 98 50
12 99 50
13 1 50
13 2 50
13 3 50
13 4 50
13 5 50
13 6 50
13 7 50
13 8 50
13 9 50
13 10 50
13 11 50
13 12 50
13 14 50
13 15 50
13 16 50
13 17 50
13 18 50
13 19 50
13 20 50
13 21 50
13 22 50
13 23 50
13 24 50
13 25 50
13 26 50
13 27 50
13 28 50
13 29 50
13 30 50
13 31 50
13 32 50
13 33 50
13 34 50
13 35 50
13 36 50
13 37 50
13 38 50
13 39 50
13 40 50
13 41 50
13 42 50
13 43 50
13 44 50
13 45 50
13 46 50
13 47 50
13 48 50
13 49 50
13 50 50
13 51 50
13 52 50
13 53 50
13 54 50
13 55 50
13 56 50
13 57 50
13 58 50
13 59 50
13 60 50
13 61 50
13 62 50
13 63 50
13 64 50
13 65 50
13 66 50
13 67 50
13 68 50
13 69 50
13 70 50
13 71 50
13 72 50
13 73 50
13 74 50
13 75 50
13 76 50
13 77 50
13 78 50
13 79 50
13 80 50
13 81 50
13 82 50
13 83 50
13 84 50
13 85 50
13 86 50
13 87 50
13 88 50
13 89 50
13 90 50
13 91 50
13 92 50
13 93 50
13 94 50
13 95 50
13 96 50
13 97 50
13 98 50
13 99 50
14 1 50
14 2 50
14 3 50
14 4 50
14 5 50
14 6 50
14 7 50
14 8 50
14 9 50
14 10 50
14 11 50
14 12 50
14 13 50
14 15 50
14 16 50
14 17 50
14 18 50
14 19 50
14 20 50
14 21 50
14 22 50
14 23 50
14 24 50
14 25 50
14 26 50
14 27 50
14 28 50
14 29 50
14 30 50
14 31 50
14 32 50
14 33 50
14 34 50
14 35 50
14 36 50
14 37 50
14 38 50
14 39 50
14 40 50
14 41 50
14 42 50
14 43 50
14 44 50
14 45 50
14 46 50
14 47 50
14 48 50
14 49 50
14 50 50
14 51 50
14 52 50
14 53 50
14 54 50
14 55 50
14 56 50
14 57 50
14 58 50
14 59 50
14 60 50
14 61 50
14 62 50
14 63 50
14 64 50
14 65 50
14 66 50
14 67 50
14 68 50
14 69 50
14 70 50
14 71 50
14 72 50
14 73 50
14 74 50
14 75 50
14 76 50
14 77 50
14 78 50
14 79 50
14 80 50
14 81 50
14 82 50
14 83 50
14 84 50
14 85 50
14 86 50
14 87 50
14 88 50
14 89 50
14 90 50
14 91 50
14 92 50
14 93 50
14 94 50
14 95 50
14 96 50
14 97 50
14 98 50
14 99 50
15 1 50
15 2 50
15 3 50
15 4 50
15 5 50
15 6 50
15 7 50
15 8 50
15 9 50
15 10 50
15 11 50
15 12 50
15 13 50
15 14 50
15 16 50
15 17 50
15 18 50
15 19 50
15 20 50
15 21 50
15 22 50
15 23 50
15 24 50
15 25 50
15 26 50
15 27 50
15 28 50
15 29 50
15 30 50
15 31 50
15 32 50
15 33 50
15 34 50
15 35 50
15 36 50
15 37 50
15 38 50
15 39 50
15 40 50
15 41 50
15 42 50
15 43 50
15 44 50
15 45 50
15 46 50
15 47 50
15 48 50
15 49 50
15 50 50
15 51 50
15 52 50
15 53 50
15 54 50
15 55 50
15 56 50
15 57 50
15 58 50
15 59 50
15 60 50
15 61 50
15 62 50
15 63 50
15 64 50
15 65 50
15 66 50
15 67 50
15 68 50
15 69 50
15 70 50
15 71 50
15 72 50
15 73 50
15 74 50
15 75 50
15 76 50
15 77 50
15 78 50
15 79 50
15 80 50
15 81 50
15 82 50
15 83 50
15 84 50
15 85 50
15 86 50
15 87 50
15 88 50
15 89 50
15 90 50
15 91 50
15 92 50
15 93 50
15 94 50
15 95 50
15 96 50
15 97 50
15 98 50
15 99 50
16 1 50
16 2 50
16 3 50
16 4 50
16 5 50
16 6 50
16 7 50
16 8 50
16 9 50
16 10 50
16 11 50
16 12 50
16 13 50
16 14 50
16 15 50
16 17 50
16 18 50
16 19 50
16 20 50
16 21 50
16 22 50
16 23 50
16 24 50
16 25 50
16 26 50
16 27 50
16 28 50
16 29 50
16 30 50
16 31 50
16 32 50
16 33 50
16 34 50
16 35 50
16 36 50
16 37 50
16 38 50
16 39 50
16 40 50
16 41 50
16 42 50
16 43 50
16 44 50
16 45 50
16 46 50
16 47 50
16 48 50
16 49 50
16 50 50
16 51 50
16 52 50
16 53 50
16 54 50
16 55 50
16 56 50
16 57 50
16 58 50
16 59 50
16 60 50
16 61 50
16 62 50
16 63 50
16 64 50
16 65 50
16 66 50
16 67 50
16 68 50
16 69 50
16 70 50
16 71 50
16 72 50
16 73 50
16 74 50
16 75 50
16 76 50
16 77 50
16 78 50
16 79 50
16 80 50
16 81 50
16 82 50
16 83 50
16 84 50
16 85 50
16 86 50
16 87 50
16 88 50
16 89 50
16 90 50
16 91 50
16 92 50
16 93 50
16 94 50
16 95 50
16 96 50
16 97 50
16 98 50
16 99 50
17 1 50
17 2 50
17 3 50
17 4 50
17 5 50
17 6 50
17 7 50
17 8 50
17 9 50
17 10 50
17 11 50
17 12 50
17 13 50
17 14 50
17 15 50
17 16 50
17 18 50
17 19 50
17 20 50
17 21 50
17 22 50
17 23 50
17 24 50
17 25 50
17 26 50
17 27 50
17 28 50
17 29 50
17 30 50
17 31 50
17 32 50
17 33 50
17 34 50
17 35 50
17 36 50
17 37 50
17 38 50
17 39 50
17 40 50
17 41 50
17 42 50
17 43 50
17 44 50
17 45 50
17 46 50
17 47 50
17 48 50
17 49 50
17 50 50
17 51 50
17 52 50
17 53 50
17 54 50
17 55 50
17 56 50
17 57 50
17 58 50
17 59 50
17 60 50
17 61 50
17 62 50
17 63 50
17 64 50
17 65 50
17 66 50
17 67 50
17 68 50
17 69 50
17 70 50
17 71 50
17 72 50
17 73 50
17 74 50
17 75 50
17 76 50
17 77 50
17 78 50
17 79 50
17 80 50
17 81 50
17 82 50
17 83 50
17 84 50
17 85 50
17 86 50
17 87 50
17 88 50
17 89 50
17 90 50
17 91 50
17 92 50
17 93 50
17 94 50
17 95 50
17 96 50
17 97 50
17 98 50
17 99 50
18 1 50
18 2 50
18 3 50
18 4 50
18 5 50
18 6 50
18 7 50
18 8 50
18 9 50
18 10 50
18 11 50
18 12 50
18 13 50
18 14 50
18 15 50
18 16 50
18 17 50
18 19 50
18 20 50
18 21 50
18 22 50
18 23 50
18 24 50
18 25 50
18 26 50
18 27 50
18 28 50
18 29 50
18 30 50
18 31 50
18 32 50
18 33 50
18 34 50
18 35 50
18 36 50
18 37 50
18 38 50
18 39 50
18 40 50
18 41 50
18 42 50
18 43 50
18 44 50
18 45 50
18 46 50
18 47 50
18 48 50
18 49 50
18 50 50
18 51 50
18 52 50
18 53 50
18 54 50
18 55 50
18 56 50
18 57 50
18 58 50
18 59 50
18 60 50
18 61 50
18 62 50
18 63 50
18 64 50
18 65 50
18 66 50
18 67 50
18 68 50
18 69 50
18 70 50
18 71 50
18 72 50
18 73 50
18 74 50
18 75 50
18 76 50
18 77 50
18 78 50
18 79 50
18 80 50
18 81 50
18 82 50
18 83 50
18 84 50
18 85 50
18 86 50
18 87 50
18 88 50
18 89 50
18 90 50
18 91 50
18 92 50
18 93 50
18 94 50
18 95 50
18 96 50
18 97 50
18 98 50
18 99 50
19 1 50
19 2 50
19 3 50
19 4 50
19 5 50
19 6 50
19 7 50
19 8 50
19 9 50
19 10 50
19 11 50
19 12 50
19 13 50
19 14 50
19 15 50
19 16 50
19 17 50
19 18 50
19 20 50
19 21 50
19 22 50
19 23 50
19 24 50
19 25 50
19 26 50
19 27 50
19 28 50
19 29 50
19 30 50
19 31 50
19 32 50
19 33 50
19 34 50
19 35 50
19 36 50
19 37 50
19 38 50
19 39 50
19 40 50
19 41 50
19 42 50
19 43 50
19 44 50
19 45 50
19 46 50
19 47 50
19 48 50
19 49 50
19 50 50
19 51 50
19 52 50
19 53 50
19 54 50
19 55 50
19 56 50
19 57 50
19 58 50
19 59 50
19 60 50
19 61 50
19 62 50
19 63 50
19 64 50
19 65 50
19 66 50
19 67 50
19 68 50
19 69 50
19 70 50
19 71 50
19 72 50
19 73 50
19 74 50
19 75 50
19 76 50
19 77 50
19 78 50
19 79 50
19 80 50
19 81 50
19 82 50
19 83 50
19 84 50
19 85 50
19 86 50
19 87 50
19 88 50
19 89 50
19 90 50
19 91 50
19 92 50
19 93 50
19 94 50
19 95 50
19 96 50
19 97 50
19 98 50
19 99 50
20 1 50
20 2 50
20 3 50
20 4 50
20 5 50
20 6 50
20 7 50
20 8 50
20 9 50
20 10 50
20 11 50
20 12 50
20 13 50
20 14 50
20 15 50
20 16 50
20 17 50
20 18 50
20 19 50
20 21 50
20 22 50
20 23 50
20 24 50
20 25 50
20 26 50
20 27 50
20 28 50
20 29 50
20 30 50
20 31 50
20 32 50
20 33 50
20 34 50
20 35 50
20 36 50
20 37 50
20 38 50
20 39 50
20 40 50
20 41 50
20 42 50
20 43 50
20 44 50
20 45 50
20 46 50
20 47 50
20 48 50
20 49 50
20 50 50
20 51 50
20 52 50
20 53 50
20 54 50
20 55 50
20 56 50
20 57 50
20 58 50
20 59 50
20 60 50
20 61 50
20 62 50
20 63 50
20 64 50
20 65 50
20 66 50
20 67 50
20 68 50
20 69 50
20 70 50
20 71 50
20 72 50
20 73 50
20 74 50
20 75 50
20 76 50
20 77 50
20 78 50
20 79 50
20 80 50
20 81 50
20 82 50
20 83 50
20 84 50
20 85 50
20 86 50
20 87 50
20 88 50
20 89 50
20 90 50
20 91 50
20 92 50
20 93 50
20 94 50
20 95 50
20 96 50
20 97 50
20 98 50
20 99 50
21 1 50
21 2 50
21 3 50
21 4 50
21 5 50
21 6 50
21 7 50
21 8 50
21 9 50
21 10 50
21 11 50
21 12 50
21 13 50
21 14 50
21 15 50
21 16 50
21 17 50
21 18 50
21 19 50
21 20 50
21 22 50
21 23 50
21 24 50
21 25 50
21 26 50
21 27 50
21 28 50
21 29 50
21 30 50
21 31 50
21 32 50
21 33 50
21 34 50
21 35 50
21 36 50
21 37 50
21 38 50
21 39 50
21 40 50
21 41 50
21 42 50
21 43 50
21 44 50
21 45 50
21 46 50
21 47 50
21 48 50
21 49 50
21 50 50
21 51 50
21 52 50
21 53 50
21 54 50
21 55 50
21 56 50
21 57 50
21 58 50
21 59 50
21 60 50
21 61 50
21 62 50
21 63 50
21 64 50
21 65 50
21 66 50
21 67 50
21 68 50
21 69 50
21 70 50
21 71 50
21 72 50
21 73 50
21 74 50
21 75 50
21 76 50
21 77 50
21 78 50
21 79 50
21 80 50
21 81 50
21 82 50
21 83 50
21 84 50
21 85 50
21 86 50
21 87 50
21 88 50
21 89 50
21 90 50
21 91 50
21 92 50
21 93 50
21 94 50
21 95 50
21 96 50
21 97 50
21 98 50
21 99 50
22 1 50
22 2 50
22 3 50
22 4 50
22 5 50
22 6 50
22 7 50
22 8 50
22 9 50
22 10 50
22 11 50
22 12 50
22 13 50
22 14 50
22 15 50
22 16 50
22 17 50
22 18 50
22 19 50
22 20 50
22 21 50
22 23 50
22 24 50
22 25 50
22 26 50
22 27 50
22 28 50
22 29 50
22 30 50
22 31 50
22 32 50
22 33 50
22 34 50
22 35 50
22 36 50
22 37 50
22 38 50
22 39 50
22 40 50
22 41 50
22 42 50
22 43 50
22 44 50
22 45 50
22 46 50
22 47 50
22 48 50
22 49 50
22 50 50
22 51 50
22 52 50
22 53 50
22 54 50
22 55 50
22 56 50
22 57 50
22 58 50
22 59 50
22 60 50
22 61 50
22 62 50
22 63 50
22 64 50
22 65 50
22 66 50
22 67 50
22 68 50
22 69 50
22 70 50
22 71 50
22 72 50
22 73 50
22 74 50
22 75 50
22 76 50
22 77 50
22 78 50
22 79 50
22 80 50
22 81 50
22 82 50
22 83 50
22 84 50
22 85 50
22 86 50
22 87 50
22 88 50
22 89 50
22 90 50
22 91 50
22 92 50
22 93 50
22 94 50
22 95 50
22 96 50
22 97 50
22 98 50
22 99 50
23 1 50
23 2 50
23 3 50
23 4 50
23 5 50
23 6 50
23 7 50
23 8 50
23 9 50
23 10 50
23 11 50
23 12 50
23 13 50
23 14 50
23 15 50
23 16 50
23 17 50
23 18 50
23 19 50
23 20 50
23 21 50
23 22 50
23 24 50
23 25 50
23 26 50
23 27 50
23 28 50
23 29 50
23 30 50
23 31 50
23 32 50
23 33 50
23 34 50
23 35 50
23 36 50
23 37 50
23 38 50
23 39 50
23 40 50
23 41 50
23 42 50
23 43 50
23 44 50
23 45 50
23 46 50
23 47 50
23 48 50
23 49 50
23 50 50
23 51 50
23 52 50
23 53 50
23 54 50
23 55 50
23 56 50
23 57 50
23 58 50
23 59 50
23 60 50
23 61 50
23 62 50
23 63 50
23 64 50
23 65 50
23 66 50
23 67 50
23 68 50
23 69 50
23 70 50
23 71 50
23 72 50
23 73 50
23 74 50
23 75 50
23 76 50
23 77 50
23 78 50
23 79 50
23 80 50
23 81 50
23 82 50
23 83 50
23 84 50
23 85 50
23 86 50
23 87 50
23 88 50
23 89 50
23 90 50
23 91 50
23 92 50
23 93 50
23 94 50
23 95 50
23 96 50
23 97 50
23 98 50
23 99 50
24 1 50
24 2 50
24 3 50
24 4 50
24 5 50
24 6 50
24 7 50
24 8 50
24 9 50
24 10 50
24 11 50
24 12 50
24 13 50
24 14 50
24 15 50
24 16 50
24 17 50
24 18 50
24 19 50
24 20 50
24 21 50
24 22 50
24 23 50
24 25 50
24 26 50
24 27 50
24 28 50
24 29 50
24 30 50
24 31 50
24 32 50
24 33 50
24 34 50
24 35 50
24 36 50
24 37 50
24 38 50
24 39 50
24 40 50
24 41 50
24 42 50
24 43 50
24 44 50
24 45 50
24 46 50
24 47 50
24 48 50
24 49 50
24 50 50
24 51 50
24 52 50
24 53 50
24 54 50
24 55 50
24 56 50
24 57 50
24 58 50
24 59 50
24 60 50
24 61 50
24 62 50
24 63 50
24 64 50
24 65 50
24 66 50
24 67 50
24 68 50
24 69 50
24 70 50
24 71 50
24 72 50
24 73 50
24 74 50
24 75 50
24 76 50
24 77 50
24 78 50
24 79 50
24 80 50
24 81 50
24 82 50
24 83 50
24 84 50
24 85 50
24 86 50
24 87 50
24 88 50
24 89 50
24 90 50
24 91 50
24 92 50
24 93 50
24 94 50
24 95 50
24 96 50
24 97 50
24 98 50
24 99 50
25 1 50
25 2 50
25 3 50
25 4 50
25 5 50
25 6 50
25 7 50
25 8 50
25 9 50
25 10 50
25 11 50
25 12 50
25 13 50
25 14 50
25 15 50
25 16 50
25 17 50
25 18 50
25 19 50
25 20 50
25 21 50
25 22 50
25 23 50
25 24 50
25 26 50
25 27 50
25 28 50
25 29 50
25 30 50
25 31 50
25 32 50
25 33 50
25 34 50
25 35 50
25 36 50
25 37 50
25 38 50
25 39 50
25 40 50
25 41 50
25 42 50
25 43 50
25 44 50
25 45 50
25 46 50
25 47 50
25 48 50
25 49 50
25 50 50
25 51 50
25 52 50
25 53 50
25 54 50
25 55 50
25 56 50
25 57 50
25 58 50
25 59 50
25 60 50
25 61 50
25 62 50
25 63 50
25 64 50
25 65 50
25 66 50
25 67 50
25 68 50
25 69 50
25 70 50
25 71 50
25 72 50
25 73 50
25 74 50
25 75 50
25 76 50
25 77 50
25 78 50
25 79 50
25 80 50
25 81 50
25 82 50
25 83 50
25 84 50
25 85 50
25 86 50
25 87 50
25 88 50
25 89 50
25 90 50
25 91 50
25 92 50
25 93 50
25 94 50
25 95 50
25 96 50
25 97 50
25 98 50
25 99 50
26 1 50
26 2 50
26 3 50
26 4 50
26 5 50
26 6 50
26 7 50
26 8 50
26 9 50
26 10 50
26 11 50
26 12 50
26 13 50
26 14 50
26 15 50
26 16 50
26 17 50
26 18 50
26 19 50
26 20 50
26 21 50
26 22 50
26 23 50
26 24 50
26 25 50
26 27 50
26 28 50
26 29 50
26 30 50
26 31 50
26 32 50
26 33 50
26 34 50
26 35 50
26 36 50
26 37 50
26 38 50
26 39 50
26 40 50
26 41 50
26 42 50
26 43 50
26 44 50
26 45 50
26 46 50
26 47 50
26 48 50
26 49 50
26 50 50
26 51 50
26 52 50
26 53 50
26 54 50
26 55 50
26 56 50
26 57 50
26 58 50
26 59 50
26 60 50
26 61 50
26 62 50
26 63 50
26 64 50
26 65 50
26 66 50
26 67 50
26 68 50
26 69 50
26 70 50
26 71 50
26 72 50
26 73 50
26 74 50
26 75 50
26 76 50
26 77 50
26 78 50
26 79 50
26 80 50
26 81 50
26 82 50
26 83 50
26 84 50
26 85 50
26 86 50
26 87 50
26 88 50
26 89 50
26 90 50
26 91 50
26 92 50
26 93 50
26 94 50
26 95 50
26 96 50
26 97 50
26 98 50
26 99 50
27 1 50
27 2 50
27 3 50
27 4 50
27 5 50
27 6 50
27 7 50
27 8 50
27 9 50
27 10 50
27 11 50
27 12 50
27 13 50
27 14 50
27 15 50
27 16 50
27 17 50
27 18 50
27 19 50
27 20 50
27 21 50
27 22 50
27 23 50
27 24 50
27 25 50
27 26 50
27 28 50
27 29 50
27 30 50
27 31 50
27 32 50
27 33 50
27 34 50
27 35 50
27 36 50
27 37 50
27 38 50
27 39 50
27 40 50
27 41 50
27 42 50
27 43 50
27 44 50
27 45 50
27 46 50
27 47 50
27 48 50
27 49 50
27 50 50
27 51 50
27 52 50
27 53 50
27 54 50
27 55 50
27 56 50
27 57 50
27 58 50
27 59 50
27 60 50
27 61 50
27 62 50
27 63 50
27 64 50
27 65 50
27 66 50
27 67 50
27 68 50
27 69 50
27 70 50
27 71 50
27 72 50
27 73 50
27 74 50
27 75 50
27 76 50
27 77 50
27 78 50
27 79 50
27 80 50
27 81 50
27 82 50
27 83 50
27 84 50
27 85 50
27 86 50
27 87 50
27 88 50
27 89 50
27 90 50
27 91 50
27 92 50
27 93 50
27 94 50
27 95 50
27 96 50
27 97 50
27 98 50
27 99 50
28 1 50
28 2 50
28 3 50
28 4 50
28 5 50
28 6 50
28 7 50
28 8 50
28 9 50
28 10 50
28 11 50
28 12 50
28 13 50
28 14 50
28 15 50
28 16 50
28 17 50
28 18 50
28 19 50
28 20 50
28 21 50
28 22 50
28 23 50
28 24 50
28 25 50
28 26 50
28 27 50
28 29 50
28 30 50
28 31 50
28 32 50
28 33 50
28 34 50
28 35 50
28 36 50
28 37 50
28 38 50
28 39 50
28 40 50
28 41 50
28 42 50
28 43 50
28 44 50
28 45 50
28 46 50
28 47 50
28 48 50
28 49 50
28 50 50
28 51 50
28 52 50
28 53 50
28 54 50
28 55 50
28 56 50
28 57 50
28 58 50
28 59 50
28 60 50
28 61 50
28 62 50
28 63 50
28 64 50
28 65 50
28 66 50
28 67 50
28 68 50
28 69 50
28 70 50
28 71 50
28 72 50
28 73 50
28 74 50
28 75 50
28 76 50
28 77 50
28 78 50
28 79 50
28 80 50
28 81 50
28 82 50
28 83 50
28 84 50
28 85 50
28 86 50
28 87 50
28 88 50
28 89 50
28 90 50
28 91 50
28 92 50
28 93 50
28 94 50
28 95 50
28 96 50
28 97 50
28 98 50
28 99 50
29 1 50
29 2 50
29 3 50
29 4 50
29 5 50
29 6 50
29 7 50
29 8 50
29 9 50
29 10 50
29 11 50
29 12 50
29 13 50
29 14 50
29 15 50
29 16 50
29 17 50
29 18 50
29 19 50
29 20 50
29 21 50
29 22 50
29 23 50
29 24 50
29 25 50
29 26 50
29 27 50
29 28 50
29 30 50
29 31 50
29 32 50
29 33 50
29 34 50
29 35 50
29 36 50
29 37 50
29 38 50
29 39 50
29 40 50
29 41 50
29 42 50
29 43 50
29 44 50
29 45 50
29 46 50
29 47 50
29 48 50
29 49 50
29 50 50
29 51 50
29 52 50
29 53 50
29 54 50
29 55 50
29 56 50
29 57 50
29 58 50
29 59 50
29 60 50
29 61 50
29 62 50
29 63 50
29 64 50
29 65 50
29 66 50
29 67 50
29 68 50
29 69 50
29 70 50
29 71 50
29 72 50
29 73 50
29 74 50
29 75 50
29 76 50
29 77 50
29 78 50
29 79 50
29 80 50
29 81 50
29 82 50
29 83 50
29 84 50
29 85 50
29 86 50
29 87 50
29 88 50
29 89 50
29 90 50
29 91 50
29 92 50
29 93 50
29 94 50
29 95 50
29 96 50
29 97 50
29 98 50
29 99 50
30 1 50
30 2 50
30 3 50
30 4 50
30 5 50
30 6 50
30 7 50
30 8 50
30 9 50
30 10 50
30 11 50
30 12 50
30 13 50
30 14 50
30 15 50
30 16 50
30 17 50
30 18 50
30 19 50
30 20 50
30 21 50
30 22 50
30 23 50
30 24 50
30 25 50
30 26 50
30 27 50
30 28 50
30 29 50
30 31 50
30 32 50
30 33 50
30 34 50
30 35 50
30 36 50
30 37 50
30 38 50
30 39 50
30 40 50
30 41 50
30 42 50
30 43 50
30 44 50
30 45 50
30 46 50
30 47 50
30 48 50
30 49 50
30 50 50
30 51 50
30 52 50
30 53 50
30 54 50
30 55 50
30 56 50
30 57 50
30 58 50
30 59 50
30 60 50
30 61 50
30 62 50
30 63 50
30 64 50
30 65 50
30 66 50
30 67 50
30 68 50
30 69 50
30 70 50
30 71 50
30 72 50
30 73 50
30 74 50
30 75 50
30 76 50
30 77 50
30 78 50
30 79 50
30 80 50
30 81 50
30 82 50
30 83 50
30 84 50
30 85 50
30 86 50
30 87 50
30 88 50
30 89 50
30 90 50
30 91 50
30 92 50
30 93 50
30 94 50
30 95 50
30 96 50
30 97 50
30 98 50
30 99 50
31 1 50
31 2 50
31 3 50
31 4 50
31 5 50
31 6 50
31 7 50
31 8 50
31 9 50
31 10 50
31 11 50
31 12 50
31 13 50
31 14 50
31 15 50
31 16 50
31 17 50
31 18 50
31 19 50
31 20 50
31 21 50
31 22 50
31 23 50
31 24 50
31 25 50
31 26 50
31 27 50
31 28 50
31 29 50
31 30 50
31 32 50
31 33 50
31 34 50
31 35 50
31 36 50
31 37 50
31 38 50
31 39 50
31 40 50
31 41 50
31 42 50
31 43 50
31 44 50
31 45 50
31 46 50
31 47 50
31 48 50
31 49 50
31 50 50
31 51 50
31 52 50
31 53 50
31 54 50
31 55 50
31 56 50
31 57 50
31 58 50
31 59 50
31 60 50
31 61 50
31 62 50
31 63 50
31 64 50
31 65 50
31 66 50
31 67 50
31 68 50
31 69 50
31 70 50
31 71 50
31 72 50
31 73 50
31 74 50
31 75 50
31 76 50
31 77 50
31 78 50
31 79 50
31 80 50
31 81 50
31 82 50
31 83 50
31 84 50
31 85 50
31 86 50
31 87 50
31 88 50
31 89 50
31 90 50
31 91 50
31 92 50
31 93 50
31 94 50
31 95 50
31 96 50
31 97 50
31 98 50
31 99 50
32 1 50
32 2 50
32 3 50
32 4 50
32 5 50
32 6 50
32 7 50
32 8 50
32 9 50
32 10 50
32 11 50
32 12 50
32 13 50
32 14 50
32 15 50
32 16 50
32 17 50
32 18 50
32 19 50
32 20 50
32 21 50
32 22 50
32 23 50
32 24 50
32 25 50
32 26 50
32 27 50
32 28 50
32 29 50
32 30 50
32 31 50
32 33 50
32 34 50
32 35 50
32 36 50
32 37 50
32 38 50
32 39 50
32 40 50
32 41 50
32 42 50
32 43 50
32 44 50
32 45 50
32 46 50
32 47 50
32 48 50
32 49 50
32 50 50
32 51 50
32 52 50
32 53 50
32 54 50
32 55 50
32 56 50
32 57 50
32 58 50
32 59 50
32 60 50
32 61 50
32 62 50
32 63 50
32 64 50
32 65 50
32 66 50
32 67 50
32 68 50
32 69 50
32 70 50
32 71 50
32 72 50
32 73 50
32 74 50
32 75 50
32 76 50
32 77 50
32 78 50
32 79 50
32 80 50
32 81 50
32 82 50
32 83 50
32 84 50
32 85 50
32 86 50
32 87 50
32 88 50
32 89 50
32 90 50
32 91 50
32 92 50
32 93 50
32 94 50
32 95 50
32 96 50
32 97 50
32 98 50
32 99 50
33 1 50
33 2 50
33 3 50
33 4 50
33 5 50
33 6 50
33 7 50
33 8 50
33 9 50
33 10 50
33 11 50
33 12 50
33 13 50
33 14 50
33 15 50
33 16 50
33 17 50
33 18 50
33 19 50
33 20 50
33 21 50
33 22 50
33 23 50
33 24 50
33 25 50
33 26 50
33 27 50
33 28 50
33 29 50
33 30 50
33 31 50
33 32 50
33 34 50
33 35 50
33 36 50
33 37 50
33 38 50
33 39 50
33 40 50
33 41 50
33 42 50
33 43 50
33 44 50
33 45 50
33 46 50
33 47 50
33 48 50
33 49 50
33 50 50
33 51 50
33 52 50
33 53 50
33 54 50
33 55 50
33 56 50
33 57 50
33 58 50
33 59 50
33 60 50
33 61 50
33 62 50
33 63 50
33 64 50
33 65 50
33 66 50
33 67 50
33 68 50
33 69 50
33 70 50
33 71 50
33 72 50
33 73 50
33 74 50
33 75 50
33 76 50
33 77 50
33 78 50
33 79 50
33 80 50
33 81 50
33 82 50
33 83 50
33 84 50
33 85 50
33 86 50
33 87 50
33 88 50
33 89 50
33 90 50
33 91 50
33 92 50
33 93 50
33 94 50
33 95 50
33 96 50
33 97 50
33 98 50
33 99 50
34 1 50
34 2 50
34 3 50
34 4 50
34 5 50
34 6 50
34 7 50
34 8 50
34 9 50
34 10 50
34 11 50
34 12 50
34 13 50
34 14 50
34 15 50
34 16 50
34 17 50
34 18 50
34 19 50
34 20 50
34 21 50
34 22 50
34 23 50
34 24 50
34 25 50
34 26 50
34 27 50
34 28 50
34 29 50
34 30 50
34 31 50
34 32 50
34 33 50
34 35 50
34 36 50
34 37 50
34 38 50
34 39 50
34 40 50
34 41 50
34 42 50
34 43 50
34 44 50
34 45 50
34 46 50
34 47 50
34 48 50
34 49 50
34 50 50
34 51 50
34 52 50
34 53 50
34 54 50
34 55 50
34 56 50
34 57 50
34 58 50
34 59 50
34 60 50
34 61 50
34 62 50
34 63 50
34 64 50
34 65 50
34 66 50
34 67 50
34 68 50
34 69 50
34 70 50
34 71 50
34 72 50
34 73 50
34 74 50
34 75 50
34 76 50
34 77 50
34 78 50
34 79 50
34 80 50
34 81 50
34 82 50
34 83 50
34 84 50
34 85 50
34 86 50
34 87 50
34 88 50
34 89 50
34 90 50
34 91 50
34 92 50
34 93 50
34 94 50
34 95 50
34 96 50
34 97 50
34 98 50
34 99 50
35 1 50
35 2 50
35 3 50
35 4 50
35 5 50
35 6 50
35 7 50
35 8 50
35 9 50
35 10 50
35 11 50
35 12 50
35 13 50
35 14 50
35 15 50
35 16 50
35 17 50
35 18 50
35 19 50
35 20 50
35 21 50
35 22 50
35 23 50
35 24 50
35 25 50
35 26 50
35 27 50
35 28 50
35 29 50
35 30 50
35 31 50
35 32 50
35 33 50
35 34 50
35 36 50
35 37 50
35 38 50
35 39 50
35 40 50
35 41 50
35 42 50
35 43 50
35 44 50
35 45 50
35 46 50
35 47 50
35 48 50
35 49 50
35 50 50
35 51 50
35 52 50
35 53 50
35 54 50
35 55 50
35 56 50
35 57 50
35 58 50
35 59 50
35 60 50
35 61 50
35 62 50
35 63 50
35 64 50
35 65 50
35 66 50
35 67 50
35 68 50
35 69 50
35 70 50
35 71 50
35 72 50
35 73 50
35 74 50
35 75 50
35 76 50
35 77 50
35 78 50
35 79 50
35 80 50
35 81 50
35 82 50
35 83 50
35 84 50
35 85 50
35 86 50
35 87 50
35 88 50
35 89 50
35 90 50
35 91 50
35 92 50
35 93 50
35 94 50
35 95 50
35 96 50
35 97 50
35 98 50
35 99 50
36 1 50
36 2 50
36 3 50
36 4 50
36 5 50
36 6 50
36 7 50
36 8 50
36 9 50
36 10 50
36 11 50
36 12 50
36 13 50
36 14 50
36 15 50
36 16 50
36 17 50
36 18 50
36 19 50
36 20 50
36 21 50
36 22 50
36 23 50
36 24 50
36 25 50
36 26 50
36 27 50
36 28 50
36 29 50
36 30 50
36 31 50
36 32 50
36 33 50
36 34 50
36 35 50
36 37 50
36 38 50
36 39 50
36 40 50
36 41 50
36 42 50
36 43 50
36 44 50
36 45 50
36 46 50
36 47 50
36 48 50
36 49 50
36 50 50
36 51 50
36 52 50
36 53 50
36 54 50
36 55 50
36 56 50
36 57 50
36 58 50
36 59 50
36 60 50
36 61 50
36 62 50
36 63 50
36 64 50
36 65 50
36 66 50
36 67 50
36 68 50
36 69 50
36 70 50
36 71 50
36 72 50
36 73 50
36 74 50
36 75 50
36 76 50
36 77 50
36 78 50
36 79 50
36 80 50
36 81 50
36 82 50
36 83 50
36 84 50
36 85 50
36 86 50
36 87 50
36 88 50
36 89 50
36 90 50
36 91 50
36 92 50
36 93 50
36 94 50
36 95 50
36 96 50
36 97 50
36 98 50
36 99 50
37 1 50
37 2 50
37 3 50
37 4 50
37 5 50
37 6 50
37 7 50
37 8 50
37 9 50
37 10 50
37 11 50
37 12 50
37 13 50
37 14 50
37 15 50
37 16 50
37 17 50
37 18 50
37 19 50
37 20 50
37 21 50
37 22 50
37 23 50
37 24 50
37 25 50
37 26 50
37 27 50
37 28 50
37 29 50
37 30 50
37 31 50
37 32 50
37 33 50
37 34 50
37 35 50
37 36 50
37 38 50
37 39 50
37 40 50
37 41 50
37 42 50
37 43 50
37 44 50
37 45 50
37 46 50
37 47 50
37 48 50
37 49 50
37 50 50
37 51 50
37 52 50
37 53 50
37 54 50
37 55 50
37 56 50
37 57 50
37 58 50
37 59 50
37 60 50
37 61 50
37 62 50
37 63 50
37 64 50
37 65 50
37 66 50
37 67 50
37 68 50
37 69 50
37 70 50
37 71 50
37 72 50
37 73 50
37 74 50
37 75 50
37 76 50
37 77 50
37 78 50
37 79 50
37 80 50
37 81 50
37 82 50
37 83 50
37 84 50
37 85 50
37 86 50
37 87 50
37 88 50
37 89 50
37 90 50
37 91 50
37 92 50
37 93 50
37 94 50
37 95 50
37 96 50
37 97 50
37 98 50
37 99 50
38 1 50
38 2 50
38 3 50
38 4 50
38 5 50
38 6 50
38 7 50
38 8 50
38 9 50
38 10 50
38 11 50
38 12 50
38 13 50
38 14 50
38 15 50
38 16 50
38 17 50
38 18 50
38 19 50
38 20 50
38 21 50
38 22 50
38 23 50
38 24 50
38 25 50
38 26 50
38 27 50
38 28 50
38 29 50
38 30 50
38 31 50
38 32 50
38 33 50
38 34 50
38 35 50
38 36 50
38 37 50
38 39 50
38 40 50
38 41 50
38 42 50
38 43 50
38 44 50
38 45 50
38 46 50
38 47 50
38 48 50
38 49 50
38 50 50
38 51 50
38 52 50
38 53 50
38 54 50
38 55 50
38 56 50
38 57 50
38 58 50
38 59 50
38 60 50
38 61 50
38 62 50
38 63 50
38 64 50
38 65 50
38 66 50
38 67 50
38 68 50
38 69 50
38 70 50
38 71 50
38 72 50
38 73 50
38 74 50
38 75 50
38 76 50
38 77 50
38 78 50
38 79 50
38 80 50
38 81 50
38 82 50
38 83 50
38 84 50
38 85 50
38 86 50
38 87 50
38 88 50
38 89 50
38 90 50
38 91 50
38 92 50
38 93 50
38 94 50
38 95 50
38 96 50
38 97 50
38 98 50
38 99 50
39 1 50
39 2 50
39 3 50
39 4 50
39 5 50
39 6 50
39 7 50
39 8 50
39 9 50
39 10 50
39 11 50
39 12 50
39 13 50
39 14 50
39 15 50
39 16 50
39 17 50
39 18 50
39 19 50
39 20 50
39 21 50
39 22 50
39 23 50
39 24 50
39 25 50
39 26 50
39 27 50
39 28 50
39 29 50
39 30 50
39 31 50
39 32 50
39 33 50
39 34 50
39 35 50
39 36 50
39 37 50
39 38 50
39 40 50
39 41 50
39 42 50
39 43 50
39 44 50
39 45 50
39 46 50
39 47 50
39 48 50
39 49 50
39 50 50
39 51 50
39 52 50
39 53 50
39 54 50
39 55 50
39 56 50
39 57 50
39 58 50
39 59 50
39 60 50
39 61 50
39 62 50
39 63 50
39 64 50
39 65 50
39 66 50
39 67 50
39 68 50
39 69 50
39 70 50
39 71 50
39 72 50
39 73 50
39 74 50
39 75 50
39 76 50
39 77 50
39 78 50
39 79 50
39 80 50
39 81 50
39 82 50
39 83 50
39 84 50
39 85 50
39 86 50
39 87 50
39 88 50
39 89 50
39 90 50
39 91 50
39 92 50
39 93 50
39 94 50
39 95 50
39 96 50
39 97 50
39 98 50
39 99 50
40 1 50
40 2 50
40 3 50
40 4 50
40 5 50
40 6 50
40 7 50
40 8 50
40 9 50
40 10 50
40 11 50
40 12 50
40 13 50
40 14 50
40 15 50
40 16 50
40 17 50
40 18 50
40 19 50
40 20 50
40 21 50
40 22 50
40 23 50
40 24 50
40 25 50
40 26 50
40 27 50
40 28 50
40 29 50
40 30 50
40 31 50
40 32 50
40 33 50
40 34 50
40 35 50
40 36 50
40 37 50
40 38 50
40 39 50
40 41 50
40 42 50
40 43 50
40 44 50
40 45 50
40 46 50
40 47 50
40 48 50
40 49 50
40 50 50
40 51 50
40 52 50
40 53 50
40 54 50
40 55 50
40 56 50
40 57 50
40 58 50
40 59 50
40 60 50
40 61 50
40 62 50
40 63 50
40 64 50
40 65 50
40 66 50
40 67 50
40 68 50
40 69 50
40 70 50
40 71 50
40 72 50
40 73 50
40 74 50
40 75 50
40 76 50
40 77 50
40 78 50
40 79 50
40 80 50
40 81 50
40 82 50
40 83 50
40 84 50
40 85 50
40 86 50
40 87 50
40 88 50
40 89 50
40 90 50
40 91 50
40 92 50
40 93 50
40 94 50
40 95 50
40 96 50
40 97 50
40 98 50
40 99 50
41 1 50
41 2 50
41 3 50
41 4 50
41 5 50
41 6 50
41 7 50
41 8 50
41 9 50
41 10 50
41 11 50
41 12 50
41 13 50
41 14 50
41 15 50
41 16 50
41 17 50
41 18 50
41 19 50
41 20 50
41 21 50
41 22 50
41 23 50
41 24 50
41 25 50
41 26 50
41 27 50
41 28 50
41 29 50
41 30 50
41 31 50
41 32 50
41 33 50
41 34 50
41 35 50
41 36 50
41 37 50
41 38 50
41 39 50
41 40 50
41 42 50
41 43 50
41 44 50
41 45 50
41 46 50
41 47 50
41 48 50
41 49 50
41 50 50
41 51 50
41 52 50
41 53 50
41 54 50
41 55 50
41 56 50
41 57 50
41 58 50
41 59 50
41 60 50
41 61 50
41 62 50
41 63 50
41 64 50
41 65 50
41 66 50
41 67 50
41 68 50
41 69 50
41 70 50
41 71 50
41 72 50
41 73 50
41 74 50
41 75 50
41 76 50
41 77 50
41 78 50
41 79 50
41 80 50
41 81 50
41 82 50
41 83 50
41 84 50
41 85 50
41 86 50
41 87 50
41 88 50
41 89 50
41 90 50
41 91 50
41 92 50
41 93 50
41 94 50
41 95 50
41 96 50
41 97 50
41 98 50
41 99 50
42 1 50
42 2 50
42 3 50
42 4 50
42 5 50
42 6 50
42 7 50
42 8 50
42 9 50
42 10 50
42 11 50
42 12 50
42 13 50
42 14 50
42 15 50
42 16 50
42 17 50
42 18 50
42 19 50
42 20 50
42 21 50
42 22 50
42 23 50
42 24 50
42 25 50
42 26 50
42 27 50
42 28 50
42 29 50
42 30 50
42 31 50
42 32 50
42 33 50
42 34 50
42 35 50
42 36 50
42 37 50
42 38 50
42 39 50
42 40 50
42 41 50
42 43 50
42 44 50
42 45 50
42 46 50
42 47 50
42 48 50
42 49 50
42 50 50
42 51 50
42 52 50
42 53 50
42 54 50
42 55 50
42 56 50
42 57 50
42 58 50
42 59 50
42 60 50
42 61 50
42 62 50
42 63 50
42 64 50
42 65 50
42 66 50
42 67 50
42 68 50
42 69 50
42 70 50
42 71 50
42 72 50
42 73 50
42 74 50
42 75 50
42 76 50
42 77 50
42 78 50
42 79 50
42 80 50
42 81 50
42 82 50
42 83 50
42 84 50
42 85 50
42 86 50
42 87 50
42 88 50
42 89 50
42 90 50
42 91 50
42 92 50
42 93 50
42 94 50
42 95 50
42 96 50
42 97 50
42 98 50
42 99 50
43 1 50
43 2 50
43 3 50
43 4 50
43 5 50
43 6 50
43 7 50
43 8 50
43 9 50
43 10 50
43 11 50
43 12 50
43 13 50
43 14 50
43 15 50
43 16 50
43 17 50
43 18 50
43 19 50
43 20 50
43 21 50
43 22 50
43 23 50
43 24 50
43 25 50
43 26 50
43 27 50
43 28 50
43 29 50
43 30 50
43 31 50
43 32 50
43 33 50
43 34 50
43 35 50
43 36 50
43 37 50
43 38 50
43 39 50
43 40 50
43 41 50
43 42 50
43 44 50
43 45 50
43 46 50
43 47 50
43 48 50
43 49 50
43 50 50
43 51 50
43 52 50
43 53 50
43 54 50
43 55 50
43 56 50
43 57 50
43 58 50
43 59 50
43 60 50
43 61 50
43 62 50
43 63 50
43 64 50
43 65 50
43 66 50
43 67 50
43 68 50
43 69 50
43 70 50
43 71 50
43 72 50
43 73 50
43 74 50
43 75 50
43 76 50
43 77 50
43 78 50
43 79 50
43 80 50
43 81 50
43 82 50
43 83 50
43 84 50
43 85 50
43 86 50
43 87 50
43 88 50
43 89 50
43 90 50
43 91 50
43 92 50
43 93 50
43 94 50
43 95 50
43 96 50
43 97 50
43 98 50
43 99 50
44 1 50
44 2 50
44 3 50
44 4 50
44 5 50
44 6 50
44 7 50
44 8 50
44 9 50
44 10 50
44 11 50
44 12 50
44 13 50
44 14 50
44 15 50
44 16 50
44 17 50
44 18 50
44 19 50
44 20 50
44 21 50
44 22 50
44 23 50
44 24 50
44 25 50
44 26 50
44 27 50
44 28 50
44 29 50
44 30 50
44 31 50
44 32 50
44 33 50
44 34 50
44 35 50
44 36 50
44 37 50
44 38 50
44 39 50
44 40 50
44 41 50
44 42 50
44 43 50
44 45 50
44 46 50
44 47 50
44 48 50
44 49 50
44 50 50
44 51 50
44 52 50
44 53 50
44 54 50
44 55 50
44 56 50
44 57 50
44 58 50
44 59 50
44 60 50
44 61 50
44 62 50
44 63 50
44 64 50
44 65 50
44 66 50
44 67 50
44 68 50
44 69 50
44 70 50
44 71 50
44 72 50
44 73 50
44 74 50
44 75 50
44 76 50
44 77 50
44 78 50
44 79 50
44 80 50
44 81 50
44 82 50
44 83 50
44 84 50
44 85 50
44 86 50
44 87 50
44 88 50
44 89 50
44 90 50
44 91 50
44 92 50
44 93 50
44 94 50
44 95 50
44 96 50
44 97 50
44 98 50
44 99 50
45 1 50
45 2 50
45 3 50
45 4 50
45 5 50
45 6 50
45 7 50
45 8 50
45 9 50
45 10 50
45 11 50
45 12 50
45 13 50
45 14 50
45 15 50
45 16 50
45 17 50
45 18 50
45 19 50
45 20 50
45 21 50
45 22 50
45 23 50
45 24 50
45 25 50
45 26 50
45 27 50
45 28 50
45 29 50
45 30 50
45 31 50
45 32 50
45 33 50
45 34 50
45 35 50
45 36 50
45 37 50
45 38 50
45 39 50
45 40 50
45 41 50
45 42 50
45 43 50
45 44 50
45 46 50
45 47 50
45 48 50
45 49 50
45 50 50
45 51 50
45 52 50
45 53 50
45 54 50
45 55 50
45 56 50
45 57 50
45 58 50
45 59 50
45 60 50
45 61 50
45 62 50
45 63 50
45 64 50
45 65 50
45 66 50
45 67 50
45 68 50
45 69 50
45 70 50
45 71 50
45 72 50
45 73 50
45 74 50
45 75 50
45 76 50
45 77 50
45 78 50
45 79 50
45 80 50
45 81 50
45 82 50
45 83 50
45 84 50
45 85 50
45 86 50
45 87 50
45 88 50
45 89 50
45 90 50
45 91 50
45 92 50
45 93 50
45 94 50
45 95 50
45 96 50
45 97 50
45 98 50
45 99 50
46 1 50
46 2 50
46 3 50
46 4 50
46 5 50
46 6 50
46 7 50
46 8 50
46 9 50
46 10 50
46 11 50
46 12 50
46 13 50
46 14 50
46 15 50
46 16 50
46 17 50
46 18 50
46 19 50
46 20 50
46 21 50
46 22 50
46 23 50
46 24 50
46 25 50
46 26 50
46 27 50
46 28 50
46 29 50
46 30 50
46 31 50
46 32 50
46 33 50
46 34 50
46 35 50
46 36 50
46 37 50
46 38 50
46 39 50
46 40 50
46 41 50
46 42 50
46 43 50
46 44 50
46 45 50
46 47 50
46 48 50
46 49 50
46 50 50
46 51 50
46 52 50
46 53 50
46 54 50
46 55 50
46 56 50
46 57 50
46 58 50
46 59 50
46 60 50
46 61 50
46 62 50
46 63 50
46 64 50
46 65 50
46 66 50
46 67 50
46 68 50
46 69 50
46 70 50
46 71 50
46 72 50
46 73 50
46 74 50
46 75 50
46 76 50
46 77 50
46 78 50
46 79 50
46 80 50
46 81 50
46 82 50
46 83 50
46 84 50
46 85 50
46 86 50
46 87 50
46 88 50
46 89 50
46 90 50
46 91 50
46 92 50
46 93 50
46 94 50
46 95 50
46 96 50
46 97 50
46 98 50
46 99 50
47 1 50
47 2 50
47 3 50
47 4 50
47 5 50
47 6 50
47 7 50
47 8 50
47 9 50
47 10 50
47 11 50
47 12 50
47 13 50
47 14 50
47 15 50
47 16 50
47 17 50
47 18 50
47 19 50
47 20 50
47 21 50
47 22 50
47 23 50
47 24 50
47 25 50
47 26 50
47 27 50
47 28 50
47 29 50
47 30 50
47 31 50
47 32 50
47 33 50
47 34 50
47 35 50
47 36 50
47 37 50
47 38 50
47 39 50
47 40 50
47 41 50
47 42 50
47 43 50
47 44 50
47 45 50
47 46 50
47 48 50
47 49 50
47 50 50
47 51 50
47 52 50
47 53 50
47 54 50
47 55 50
47 56 50
47 57 50
47 58 50
47 59 50
47 60 50
47 61 50
47 62 50
47 63 50
47 64 50
47 65 50
47 66 50
47 67 50
47 68 50
47 69 50
47 70 50
47 71 50
47 72 50
47 73 50
47 74 50
47 75 50
47 76 50
47 77 50
47 78 50
47 79 50
47 80 50
47 81 50
47 82 50
47 83 50
47 84 50
47 85 50
47 86 50
47 87 50
47 88 50
47 89 50
47 90 50
47 91 50
47 92 50
47 93 50
47 94 50
47 95 50
47 96 50
47 97 50
47 98 50
47 99 50
48 1 50
48 2 50
48 3 50
48 4 50
48 5 50
48 6 50
48 7 50
48 8 50
48 9 50
48 10 50
48 11 50
48 12 50
48 13 50
48 14 50
48 15 50
48 16 50
48 17 50
48 18 50
48 19 50
48 20 50
48 21 50
48 22 50
48 23 50
48 24 50
48 25 50
48 26 50
48 27 50
48 28 50
48 29 50
48 30 50
48 31 50
48 32 50
48 33 50
48 34 50
48 35 50
48 36 50
48 37 50
48 38 50
48 39 50
48 40 50
48 41 50
48 42 50
48 43 50
48 44 50
48 45 50
48 46 50
48 47 50
48 49 50
48 50 50
48 51 50
48 52 50
48 53 50
48 54 50
48 55 50
48 56 50
48 57 50
48 58 50
48 59 50
48 60 50
48 61 50
48 62 50
48 63 50
48 64 50
48 65 50
48 66 50
48 67 50
48 68 50
48 69 50
48 70 50
48 71 50
48 72 50
48 73 50
48 74 50
48 75 50
48 76 50
48 77 50
48 78 50
48 79 50
48 80 50
48 81 50
48 82 50
48 83 50
48 84 50
48 85 50
48 86 50
48 87 50
48 88 50
48 89 50
48 90 50
48 91 50
48 92 50
48 93 50
48 94 50
48 95 50
48 96 50
48 97 50
48 98 50
48 99 50
49 1 50
49 2 50
49 3 50
49 4 50
49 5 50
49 6 50
49 7 50
49 8 50
49 9 50
49 10 50
49 11 50
49 12 50
49 13 50
49 14 50
49 15 50
49 16 50
49 17 50
49 18 50
49 19 50
49 20 50
49 21 50
49 22 50
49 23 50
49 24 50
49 25 50
49 26 50
49 27 50
49 28 50
49 29 50
49 30 50
49 31 50
49 32 50
49 33 50
49 34 50
49 35 50
49 36 50
49 37 50
49 38 50
49 39 50
49 40 50
49 41 50
49 42 50
49 43 50
49 44 50
49 45 50
49 46 50
49 47 50
49 48 50
49 50 50
49 51 50
49 52 50
49 53 50
49 54 50
49 55 50
49 56 50
49 57 50
49 58 50
49 59 50
49 60 50
49 61 50
49 62 50
49 63 50
49 64 50
49 65 50
49 66 50
49 67 50
49 68 50
49 69 50
49 70 50
49 71 50
49 72 50
49 73 50
49 74 50
49 75 50
49 76 50
49 77 50
49 78 50
49 79 50
49 80 50
49 81 50
49 82 50
49 83 50
49 84 50
49 85 50
49 86 50
49 87 50
49 88 50
49 89 50
49 90 50
49 91 50
49 92 50
49 93 50
49 94 50
49 95 50
49 96 50
49 97 50
49 98 50
49 99 50
50 1 50
50 2 50
50 3 50
50 4 50
50 5 50
50 6 50
50 7 50
50 8 50
50 9 50
50 10 50
50 11 50
50 12 50
50 13 50
50 14 50
50 15 50
50 16 50
50 17 50
50 18 50
50 19 50
50 20 50
50 21 50
50 22 50
50 23 50
50 24 50
50 25 50
50 26 50
50 27 50
50 28 50
50 29 50
50 30 50
50 31 50
50 32 50
50 33 50
50 34 50
50 35 50
50 36 50
50 37 50
50 38 50
50 39 50
50 40 50
50 41 50
50 42 50
50 43 50
50 44 50
50 45 50
50 46 50
50 47 50
50 48 50
50 49 50
50 51 50
50 52 50
50 53 50
50 54 50
50 55 50
50 56 50
50 57 50
50 58 50
50 59 50
50 60 50
50 61 50
50 62 50
50 63 50
50 64 50
50 65 50
50 66 50
50 67 50
50 68 50
50 69 50
50 70 50
50 71 50
50 72 50
50 73 50
50 74 50
50 75 50
50 76 50
50 77 50
50 78 50
50 79 50
50 80 50
50 81 50
50 82 50
50 83 50
50 84 50
50 85 50
50 86 50
50 87 50
50 88 50
50 89 50
50 90 50
50 91 50
50 92 50
50 93 50
50 94 50
50 95 50
50 96 50
50 97 50
50 98 50
50 99 50
51 1 50
51 2 50
51 3 50
51 4 50
51 5 50
51 6 50
51 7 50
51 8 50
51 9 50
51 10 50
51 11 50
51 12 50
51 13 50
51 14 50
51 15 50
51 16 50
51 17 50
51 18 50
51 19 50
51 20 50
51 21 50
51 22 50
51 23 50
51 24 50
51 25 50
51 26 50
51 27 50
51 28 50
51 29 50
51 30 50
51 31 50
51 32 50
51 33 50
51 34 50
51 35 50
51 36 50
51 37 50
51 38 50
51 39 50
51 40 50
51 41 50
51 42 50
51 43 50
51 44 50
51 45 50
51 46 50
51 47 50
51 48 50
51 49 50
51 50 50
51 52 50
51 53 50
51 54 50
51 55 50
51 56 50
51 57 50
51 58 50
51 59 50
51 60 50
51 61 50
51 62 50
51 63 50
51 64 50
51 65 50
51 66 50
51 67 50
51 68 50
51 69 50
51 70 50
51 71 50
51 72 50
51 73 50
51 74 50
51 75 50
51 76 50
51 77 50
51 78 50
51 79 50
51 80 50
51 81 50
51 82 50
51 83 50
51 84 50
51 85 50
51 86 50
51 87 50
51 88 50
51 89 50
51 90 50
51 91 50
51 92 50
51 93 50
51 94 50
51 95 50
51 96 50
51 97 50
51 98 50
51 99 50
52 1 50
52 2 50
52 3 50
52 4 50
52 5 50
52 6 50
52 7 50
52 8 50
52 9 50
52 10 50
52 11 50
52 12 50
52 13 50
52 14 50
52 15 50
52 16 50
52 17 50
52 18 50
52 19 50
52 20 50
52 21 50
52 22 50
52 23 50
52 24 50
52 25 50
52 26 50
52 27 50
52 28 50
52 29 50
52 30 50
52 31 50
52 32 50
52 33 50
52 34 50
52 35 50
52 36 50
52 37 50
52 38 50
52 39 50
52 40 50
52 41 50
52 42 50
52 43 50
52 44 50
52 45 50
52 46 50
52 47 50
52 48 50
52 49 50
52 50 50
52 51 50
52 53 50
52 54 50
52 55 50
52 56 50
52 57 50
52 58 50
52 59 50
52 60 50
52 61 50
52 62 50
52 63 50
52 64 50
52 65 50
52 66 50
52 67 50
52 68 50
52 69 50
52 70 50
52 71 50
52 72 50
52 73 50
52 74 50
52 75 50
52 76 50
52 77 50
52 78 50
52 79 50
52 80 50
52 81 50
52 82 50
52 83 50
52 84 50
52 85 50
52 86 50
52 87 50
52 88 50
52 89 50
52 90 50
52 91 50
52 92 50
52 93 50
52 94 50
52 95 50
52 96 50
52 97 50
52 98 50
52 99 50
53 1 50
53 2 50
53 3 50
53 4 50
53 5 50
53 6 50
53 7 50
53 8 50
53 9 50
53 10 50
53 11 50
53 12 50
53 13 50
53 14 50
53 15 50
53 16 50
53 17 50
53 18 50
53 19 50
53 20 50
53 21 50
53 22 50
53 23 50
53 24 50
53 25 50
53 26 50
53 27 50
53 28 50
53 29 50
53 30 50
53 31 50
53 32 50
53 33 50
53 34 50
53 35 50
53 36 50
53 37 50
53 38 50
53 39 50
53 40 50
53 41 50
53 42 50
53 43 50
53 44 50
53 45 50
53 46 50
53 47 50
53 48 50
53 49 50
53 50 50
53 51 50
53 52 50
53 54 50
53 55 50
53 56 50
53 57 50
53 58 50
53 59 50
53 60 50
53 61 50
53 62 50
53 63 50
53 64 50
53 65 50
53 66 50
53 67 50
53 68 50
53 69 50
53 70 50
53 71 50
53 72 50
53 73 50
53 74 50
53 75 50
53 76 50
53 77 50
53 78 50
53 79 50
53 80 50
53 81 50
53 82 50
53 83 50
53 84 50
53 85 50
53 86 50
53 87 50
53 88 50
53 89 50
53 90 50
53 91 50
53 92 50
53 93 50
53 94 50
53 95 50
53 96 50
53 97 50
53 98 50
53 99 50
54 1 50
54 2 50
54 3 50
54 4 50
54 5 50
54 6 50
54 7 50
54 8 50
54 9 50
54 10 50
54 11 50
54 12 50
54 13 50
54 14 50
54 15 50
54 16 50
54 17 50
54 18 50
54 19 50
54 20 50
54 21 50
54 22 50
54 23 50
54 24 50
54 25 50
54 26 50
54 27 50
54 28 50
54 29 50
54 30 50
54 31 50
54 32 50
54 33 50
54 34 50
54 35 50
54 36 50
54 37 50
54 38 50
54 39 50
54 40 50
54 41 50
54 42 50
54 43 50
54 44 50
54 45 50
54 46 50
54 47 50
54 48 50
54 49 50
54 50 50
54 51 50
54 52 50
54 53 50
54 55 50
54 56 50
54 57 50
54 58 50
54 59 50
54 60 50
54 61 50
54 62 50
54 63 50
54 64 50
54 65 50
54 66 50
54 67 50
54 68 50
54 69 50
54 70 50
54 71 50
54 72 50
54 73 50
54 74 50
54 75 50
54 76 50
54 77 50
54 78 50
54 79 50
54 80 50
54 81 50
54 82 50
54 83 50
54 84 50
54 85 50
54 86 50
54 87 50
54 88 50
54 89 50
54 90 50
54 91 50
54 92 50
54 93 50
54 94 50
54 95 50
54 96 50
54 97 50
54 98 50
54 99 50
55 1 50
55 2 50
55 3 50
55 4 50
55 5 50
55 6 50
55 7 50
55 8 50
55 9 50
55 10 50
55 11 50
55 12 50
55 13 50
55 14 50
55 15 50
55 16 50
55 17 50
55 18 50
55 19 50
55 20 50
55 21 50
55 22 50
55 23 50
55 24 50
55 25 50
55 26 50
55 27 50
55 28 50
55 29 50
55 30 50
55 31 50
55 32 50
55 33 50
55 34 50
55 35 50
55 36 50
55 37 50
55 38 50
55 39 50
55 40 50
55 41 50
55 42 50
55 43 50
55 44 50
55 45 50
55 46 50
55 47 50
55 48 50
55 49 50
55 50 50
55 51 50
55 52 50
55 53 50
55 54 50
55 56 50
55 57 50
55 58 50
55 59 50
55 60 50
55 61 50
55 62 50
55 63 50
55 64 50
55 65 50
55 66 50
55 67 50
55 68 50
55 69 50
55 70 50
55 71 50
55 72 50
55 73 50
55 74 50
55 75 50
55 76 50
55 77 50
55 78 50
55 79 50
55 80 50
55 81 50
55 82 50
55 83 50
55 84 50
55 85 50
55 86 50
55 87 50
55 88 50
55 89 50
55 90 50
55 91 50
55 92 50
55 93 50
55 94 50
55 95 50
55 96 50
55 97 50
55 98 50
55 99 50
56 1 50
56 2 50
56 3 50
56 4 50
56 5 50
56 6 50
56 7 50
56 8 50
56 9 50
56 10 50
56 11 50
56 12 50
56 13 50
56 14 50
56 15 50
56 16 50
56 17 50
56 18 50
56 19 50
56 20 50
56 21 50
56 22 50
56 23 50
56 24 50
56 25 50
56 26 50
56 27 50
56 28 50
56 29 50
56 30 50
56 31 50
56 32 50
56 33 50
56 34 50
56 35 50
56 36 50
56 37 50
56 38 50
56 39 50
56 40 50
56 41 50
56 42 50
56 43 50
56 44 50
56 45 50
56 46 50
56 47 50
56 48 50
56 49 50
56 50 50
56 51 50
56 52 50
56 53 50
56 54 50
56 55 50
56 57 50
56 58 50
56 59 50
56 60 50
56 61 50
56 62 50
56 63 50
56 64 50
56 65 50
56 66 50
56 67 50
56 68 50
56 69 50
56 70 50
56 71 50
56 72 50
56 73 50
56 74 50
56 75 50
56 76 50
56 77 50
56 78 50
56 79 50
56 80 50
56 81 50
56 82 50
56 83 50
56 84 50
56 85 50
56 86 50
56 87 50
56 88 50
56 89 50
56 90 50
56 91 50
56 92 50
56 93 50
56 94 50
56 95 50
56 96 50
56 97 50
56 98 50
56 99 50
57 1 50
57 2 50
57 3 50
57 4 50
57 5 50
57 6 50
57 7 50
57 8 50
57 9 50
57 10 50
57 11 50
57 12 50
57 13 50
57 14 50
57 15 50
57 16 50
57 17 50
57 18 50
57 19 50
57 20 50
57 21 50
57 22 50
57 23 50
57 24 50
57 25 50
57 26 50
57 27 50
57 28 50
57 29 50
57 30 50
57 31 50
57 32 50
57 33 50
57 34 50
57 35 50
57 36 50
57 37 50
57 38 50
57 39 50
57 40 50
57 41 50
57 42 50
57 43 50
57 44 50
57 45 50
57 46 50
57 47 50
57 48 50
57 49 50
57 50 50
57 51 50
57 52 50
57 53 50
57 54 50
57 55 50
57 56 50
57 58 50
57 59 50
57 60 50
57 61 50
57 62 50
57 63 50
57 64 50
57 65 50
57 66 50
57 67 50
57 68 50
57 69 50
57 70 50
57 71 50
57 72 50
57 73 50
57 74 50
57 75 50
57 76 50
57 77 50
57 78 50
57 79 50
57 80 50
57 81 50
57 82 50
57 83 50
57 84 50
57 85 50
57 86 50
57 87 50
57 88 50
57 89 50
57 90 50
57 91 50
57 92 50
57 93 50
57 94 50
57 95 50
57 96 50
57 97 50
57 98 50
57 99 50
58 1 50
58 2 50
58 3 50
58 4 50
58 5 50
58 6 50
58 7 50
58 8 50
58 9 50
58 10 50
58 11 50
58 12 50
58 13 50
58 14 50
58 15 50
58 16 50
58 17 50
58 18 50
58 19 50
58 20 50
58 21 50
58 22 50
58 23 50
58 24 50
58 25 50
58 26 50
58 27 50
58 28 50
58 29 50
58 30 50
58 31 50
58 32 50
58 33 50
58 34 50
58 35 50
58 36 50
58 37 50
58 38 50
58 39 50
58 40 50
58 41 50
58 42 50
58 43 50
58 44 50
58 45 50
58 46 50
58 47 50
58 48 50
58 49 50
58 50 50
58 51 50
58 52 50
58 53 50
58 54 50
58 55 50
58 56 50
58 57 50
58 59 50
58 60 50
58 61 50
58 62 50
58 63 50
58 64 50
58 65 50
58 66 50
58 67 50
58 68 50
58 69 50
58 70 50
58 71 50
58 72 50
58 73 50
58 74 50
58 75 50
58 76 50
58 77 50
58 78 50
58 79 50
58 80 50
58 81 50
58 82 50
58 83 50
58 84 50
58 85 50
58 86 50
58 87 50
58 88 50
58 89 50
58 90 50
58 91 50
58 92 50
58 93 50
58 94 50
58 95 50
58 96 50
58 97 50
58 98 50
58 99 50
59 1 50
59 2 50
59 3 50
59 4 50
59 5 50
59 6 50
59 7 50
59 8 50
59 9 50
59 10 50
59 11 50
59 12 50
59 13 50
59 14 50
59 15 50
59 16 50
59 17 50
59 18 50
59 19 50
59 20 50
59 21 50
59 22 50
59 23 50
59 24 50
59 25 50
59 26 50
59 27 50
59 28 50
59 29 50
59 30 50
59 31 50
59 32 50
59 33 50
59 34 50
59 35 50
59 36 50
59 37 50
59 38 50
59 39 50
59 40 50
59 41 50
59 42 50
59 43 50
59 44 50
59 45 50
59 46 50
59 47 50
59 48 50
59 49 50
59 50 50
59 51 50
59 52 50
59 53 50
59 54 50
59 55 50
59 56 50
59 57 50
59 58 50
59 60 50
59 61 50
59 62 50
59 63 50
59 64 50
59 65 50
59 66 50
59 67 50
59 68 50
59 69 50
59 70 50
59 71 50
59 72 50
59 73 50
59 74 50
59 75 50
59 76 50
59 77 50
59 78 50
59 79 50
59 80 50
59 81 50
59 82 50
59 83 50
59 84 50
59 85 50
59 86 50
59 87 50
59 88 50
59 89 50
59 90 50
59 91 50
59 92 50
59 93 50
59 94 50
59 95 50
59 96 50
59 97 50
59 98 50
59 99 50
60 1 50
60 2 50
60 3 50
60 4 50
60 5 50
60 6 50
60 7 50
60 8 50
60 9 50
60 10 50
60 11 50
60 12 50
60 13 50
60 14 50
60 15 50
60 16 50
60 17 50
60 18 50
60 19 50
60 20 50
60 21 50
60 22 50
60 23 50
60 24 50
60 25 50
60 26 50
60 27 50
60 28 50
60 29 50
60 30 50
60 31 50
60 32 50
60 33 50
60 34 50
60 35 50
60 36 50
60 37 50
60 38 50
60 39 50
60 40 50
60 41 50
60 42 50
60 43 50
60 44 50
60 45 50
60 46 50
60 47 50
60 48 50
60 49 50
60 50 50
60 51 50
60 52 50
60 53 50
60 54 50
60 55 50
60 56 50
60 57 50
60 58 50
60 59 50
60 61 50
60 62 50
60 63 50
60 64 50
60 65 50
60 66 50
60 67 50
60 68 50
60 69 50
60 70 50
60 71 50
60 72 50
60 73 50
60 74 50
60 75 50
60 76 50
60 77 50
60 78 50
60 79 50
60 80 50
60 81 50
60 82 50
60 83 50
60 84 50
60 85 50
60 86 50
60 87 50
60 88 50
60 89 50
60 90 50
60 91 50
60 92 50
60 93 50
60 94 50
60 95 50
60 96 50
60 97 50
60 98 50
60 99 50
61 1 50
61 2 50
61 3 50
61 4 50
61 5 50
61 6 50
61 7 50
61 8 50
61 9 50
61 10 50
61 11 50
61 12 50
61 13 50
61 14 50
61 15 50
61 16 50
61 17 50
61 18 50
61 19 50
61 20 50
61 21 50
61 22 50
61 23 50
61 24 50
61 25 50
61 26 50
61 27 50
61 28 50
61 29 50
61 30 50
61 31 50
61 32 50
61 33 50
61 34 50
61 35 50
61 36 50
61 37 50
61 38 50
61 39 50
61 40 50
61 41 50
61 42 50
61 43 50
61 44 50
61 45 50
61 46 50
61 47 50
61 48 50
61 49 50
61 50 50
61 51 50
61 52 50
61 53 50
61 54 50
61 55 50
61 56 50
61 57 50
61 58 50
61 59 50
61 60 50
61 62 50
61 63 50
61 64 50
61 65 50
61 66 50
61 67 50
61 68 50
61 69 50
61 70 50
61 71 50
61 72 50
61 73 50
61 74 50
61 75 50
61 76 50
61 77 50
61 78 50
61 79 50
61 80 50
61 81 50
61 82 50
61 83 50
61 84 50
61 85 50
61 86 50
61 87 50
61 88 50
61 89 50
61 90 50
61 91 50
61 92 50
61 93 50
61 94 50
61 95 50
61 96 50
61 97 50
61 98 50
61 99 50
62 1 50
62 2 50
62 3 50
62 4 50
62 5 50
62 6 50
62 7 50
62 8 50
62 9 50
62 10 50
62 11 50
62 12 50
62 13 50
62 14 50
62 15 50
62 16 50
62 17 50
62 18 50
62 19 50
62 20 50
62 21 50
62 22 50
62 23 50
62 24 50
62 25 50
62 26 50
62 27 50
62 28 50
62 29 50
62 30 50
62 31 50
62 32 50
62 33 50
62 34 50
62 35 50
62 36 50
62 37 50
62 38 50
62 39 50
62 40 50
62 41 50
62 42 50
62 43 50
62 44 50
62 45 50
62 46 50
62 47 50
62 48 50
62 49 50
62 50 50
62 51 50
62 52 50
62 53 50
62 54 50
62 55 50
62 56 50
62 57 50
62 58 50
62 59 50
62 60 50
62 61 50
62 63 50
62 64 50
62 65 50
62 66 50
62 67 50
62 68 50
62 69 50
62 70 50
62 71 50
62 72 50
62 73 50
62 74 50
62 75 50
62 76 50
62 77 50
62 78 50
62 79 50
62 80 50
62 81 50
62 82 50
62 83 50
62 84 50
62 85 50
62 86 50
62 87 50
62 88 50
62 89 50
62 90 50
62 91 50
62 92 50
62 93 50
62 94 50
62 95 50
62 96 50
62 97 50
62 98 50
62 99 50
63 1 50
63 2 50
63 3 50
63 4 50
63 5 50
63 6 50
63 7 50
63 8 50
63 9 50
63 10 50
63 11 50
63 12 50
63 13 50
63 14 50
63 15 50
63 16 50
63 17 50
63 18 50
63 19 50
63 20 50
63 21 50
63 22 50
63 23 50
63 24 50
63 25 50
63 26 50
63 27 50
63 28 50
63 29 50
63 30 50
63 31 50
63 32 50
63 33 50
63 34 50
63 35 50
63 36 50
63 37 50
63 38 50
63 39 50
63 40 50
63 41 50
63 42 50
63 43 50
63 44 50
63 45 50
63 46 50
63 47 50
63 48 50
63 49 50
63 50 50
63 51 50
63 52 50
63 53 50
63 54 50
63 55 50
63 56 50
63 57 50
63 58 50
63 59 50
63 60 50
63 61 50
63 62 50
63 64 50
63 65 50
63 66 50
63 67 50
63 68 50
63 69 50
63 70 50
63 71 50
63 72 50
63 73 50
63 74 50
63 75 50
63 76 50
63 77 50
63 78 50
63 79 50
63 80 50
63 81 50
63 82 50
63 83 50
63 84 50
63 85 50
63 86 50
63 87 50
63 88 50
63 89 50
63 90 50
63 91 50
63 92 50
63 93 50
63 94 50
63 95 50
63 96 50
63 97 50
63 98 50
63 99 50
64 1 50
64 2 50
64 3 50
64 4 50
64 5 50
64 6 50
64 7 50
64 8 50
64 9 50
64 10 50
64 11 50
64 12 50
64 13 50
64 14 50
64 15 50
64 16 50
64 17 50
64 18 50
64 19 50
64 20 50
64 21 50
64 22 50
64 23 50
64 24 50
64 25 50
64 26 50
64 27 50
64 28 50
64 29 50
64 30 50
64 31 50
64 32 50
64 33 50
64 34 50
64 35 50
64 36 50
64 37 50
64 38 50
64 39 50
64 40 50
64 41 50
64 42 50
64 43 50
64 44 50
64 45 50
64 46 50
64 47 50
64 48 50
64 49 50
64 50 50
64 51 50
64 52 50
64 53 50
64 54 50
64 55 50
64 56 50
64 57 50
64 58 50
64 59 50
64 60 50
64 61 50
64 62 50
64 63 50
64 65 50
64 66 50
64 67 50
64 68 50
64 69 50
64 70 50
64 71 50
64 72 50
64 73 50
64 74 50
64 75 50
64 76 50
64 77 50
64 78 50
64 79 50
64 80 50
64 81 50
64 82 50
64 83 50
64 84 50
64 85 50
64 86 50
64 87 50
64 88 50
64 89 50
64 90 50
64 91 50
64 92 50
64 93 50
64 94 50
64 95 50
64 96 50
64 97 50
64 98 50
64 99 50
65 1 50
65 2 50
65 3 50
65 4 50
65 5 50
65 6 50
65 7 50
65 8 50
65 9 50
65 10 50
65 11 50
65 12 50
65 13 50
65 14 50
65 15 50
65 16 50
65 17 50
65 18 50
65 19 50
65 20 50
65 21 50
65 22 50
65 23 50
65 24 50
65 25 50
65 26 50
65 27 50
65 28 50
65 29 50
65 30 50
65 31 50
65 32 50
65 33 50
65 34 50
65 35 50
65 36 50
65 37 50
65 38 50
65 39 50
65 40 50
65 41 50
65 42 50
65 43 50
65 44 50
65 45 50
65 46 50
65 47 50
65 48 50
65 49 50
65 50 50
65 51 50
65 52 50
65 53 50
65 54 50
65 55 50
65 56 50
65 57 50
65 58 50
65 59 50
65 60 50
65 61 50
65 62 50
65 63 50
65 64 50
65 66 50
65 67 50
65 68 50
65 69 50
65 70 50
65 71 50
65 72 50
65 73 50
65 74 50
65 75 50
65 76 50
65 77 50
65 78 50
65 79 50
65 80 50
65 81 50
65 82 50
65 83 50
65 84 50
65 85 50
65 86 50
65 87 50
65 88 50
65 89 50
65 90 50
65 91 50
65 92 50
65 93 50
65 94 50
65 95 50
65 96 50
65 97 50
65 98 50
65 99 50
66 1 50
66 2 50
66 3 50
66 4 50
66 5 50
66 6 50
66 7 50
66 8 50
66 9 50
66 10 50
66 11 50
66 12 50
66 13 50
66 14 50
66 15 50
66 16 50
66 17 50
66 18 50
66 19 50
66 20 50
66 21 50
66 22 50
66 23 50
66 24 50
66 25 50
66 26 50
66 27 50
66 28 50
66 29 50
66 30 50
66 31 50
66 32 50
66 33 50
66 34 50
66 35 50
66 36 50
66 37 50
66 38 50
66 39 50
66 40 50
66 41 50
66 42 50
66 43 50
66 44 50
66 45 50
66 46 50
66 47 50
66 48 50
66 49 50
66 50 50
66 51 50
66 52 50
66 53 50
66 54 50
66 55 50
66 56 50
66 57 50
66 58 50
66 59 50
66 60 50
66 61 50
66 62 50
66 63 50
66 64 50
66 65 50
66 67 50
66 68 50
66 69 50
66 70 50
66 71 50
66 72 50
66 73 50
66 74 50
66 75 50
66 76 50
66 77 50
66 78 50
66 79 50
66 80 50
66 81 50
66 82 50
66 83 50
66 84 50
66 85 50
66 86 50
66 87 50
66 88 50
66 89 50
66 90 50
66 91 50
66 92 50
66 93 50
66 94 50
66 95 50
66 96 50
66 97 50
66 98 50
66 99 50
67 1 50
67 2 50
67 3 50
67 4 50
67 5 50
67 6 50
67 7 50
67 8 50
67 9 50
67 10 50
67 11 50
67 12 50
67 13 50
67 14 50
67 15 50
67 16 50
67 17 50
67 18 50
67 19 50
67 20 50
67 21 50
67 22 50
67 23 50
67 24 50
67 25 50
67 26 50
67 27 50
67 28 50
67 29 50
67 30 50
67 31 50
67 32 50
67 33 50
67 34 50
67 35 50
67 36 50
67 37 50
67 38 50
67 39 50
67 40 50
67 41 50
67 42 50
67 43 50
67 44 50
67 45 50
67 46 50
67 47 50
67 48 50
67 49 50
67 50 50
67 51 50
67 52 50
67 53 50
67 54 50
67 55 50
67 56 50
67 57 50
67 58 50
67 59 50
67 60 50
67 61 50
67 62 50
67 63 50
67 64 50
67 65 50
67 66 50
67 68 50
67 69 50
67 70 50
67 71 50
67 72 50
67 73 50
67 74 50
67 75 50
67 76 50
67 77 50
67 78 50
67 79 50
67 80 50
67 81 50
67 82 50
67 83 50
67 84 50
67 85 50
67 86 50
67 87 50
67 88 50
67 89 50
67 90 50
67 91 50
67 92 50
67 93 50
67 94 50
67 95 50
67 96 50
67 97 50
67 98 50
67 99 50
68 1 50
68 2 50
68 3 50
68 4 50
68 5 50
68 6 50
68 7 50
68 8 50
68 9 50
68 10 50
68 11 50
68 12 50
68 13 50
68 14 50
68 15 50
68 16 50
68 17 50
68 18 50
68 19 50
68 20 50
68 21 50
68 22 50
68 23 50
68 24 50
68 25 50
68 26 50
68 27 50
68 28 50
68 29 50
68 30 50
68 31 50
68 32 50
68 33 50
68 34 50
68 35 50
68 36 50
68 37 50
68 38 50
68 39 50
68 40 50
68 41 50
68 42 50
68 43 50
68 44 50
68 45 50
68 46 50
68 47 50
68 48 50
68 49 50
68 50 50
68 51 50
68 52 50
68 53 50
68 54 50
68 55 50
68 56 50
68 57 50
68 58 50
68 59 50
68 60 50
68 61 50
68 62 50
68 63 50
68 64 50
68 65 50
68 66 50
68 67 50
68 69 50
68 70 50
68 71 50
68 72 50
68 73 50
68 74 50
68 75 50
68 76 50
68 77 50
68 78 50
68 79 50
68 80 50
68 81 50
68 82 50
68 83 50
68 84 50
68 85 50
68 86 50
68 87 50
68 88 50
68 89 50
68 90 50
68 91 50
68 92 50
68 93 50
68 94 50
68 95 50
68 96 50
68 97 50
68 98 50
68 99 50
69 1 50
69 2 50
69 3 50
69 4 50
69 5 50
69 6 50
69 7 50
69 8 50
69 9 50
69 10 50
69 11 50
69 12 50
69 13 50
69 14 50
69 15 50
69 16 50
69 17 50
69 18 50
69 19 50
69 20 50
69 21 50
69 22 50
69 23 50
69 24 50
69 25 50
69 26 50
69 27 50
69 28 50
69 29 50
69 30 50
69 31 50
69 32 50
69 33 50
69 34 50
69 35 50
69 36 50
69 37 50
69 38 50
69 39 50
69 40 50
69 41 50
69 42 50
69 43 50
69 44 50
69 45 50
69 46 50
69 47 50
69 48 50
69 49 50
69 50 50
69 51 50
69 52 50
69 53 50
69 54 50
69 55 50
69 56 50
69 57 50
69 58 50
69 59 50
69 60 50
69 61 50
69 62 50
69 63 50
69 64 50
69 65 50
69 66 50
69 67 50
69 68 50
69 70 50
69 71 50
69 72 50
69 73 50
69 74 50
69 75 50
69 76 50
69 77 50
69 78 50
69 79 50
69 80 50
69 81 50
69 82 50
69 83 50
69 84 50
69 85 50
69 86 50
69 87 50
69 88 50
69 89 50
69 90 50
69 91 50
69 92 50
69 93 50
69 94 50
69 95 50
69 96 50
69 97 50
69 98 50
69 99 50
70 1 50
70 2 50
70 3 50
70 4 50
70 5 50
70 6 50
70 7 50
70 8 50
70 9 50
70 10 50
70 11 50
70 12 50
70 13 50
70 14 50
70 15 50
70 16 50
70 17 50
70 18 50
70 19 50
70 20 50
70 21 50
70 22 50
70 23 50
70 24 50
70 25 50
70 26 50
70 27 50
70 28 50
70 29 50
70 30 50
70 31 50
70 32 50
70 33 50
70 34 50
70 35 50
70 36 50
70 37 50
70 38 50
70 39 50
70 40 50
70 41 50
70 42 50
70 43 50
70 44 50
70 45 50
70 46 50
70 47 50
70 48 50
70 49 50
70 50 50
70 51 50
70 52 50
70 53 50
70 54 50
70 55 50
70 56 50
70 57 50
70 58 50
70 59 50
70 60 50
70 61 50
70 62 50
70 63 50
70 64 50
70 65 50
70 66 50
70 67 50
70 68 50
70 69 50
70 71 50
70 72 50
70 73 50
70 74 50
70 75 50
70 76 50
70 77 50
70 78 50
70 79 50
70 80 50
70 81 50
70 82 50
70 83 50
70 84 50
70 85 50
70 86 50
70 87 50
70 88 50
70 89 50
70 90 50
70 91 50
70 92 50
70 93 50
70 94 50
70 95 50
70 96 50
70 97 50
70 98 50
70 99 50
71 1 50
71 2 50
71 3 50
71 4 50
71 5 50
71 6 50
71 7 50
71 8 50
71 9 50
71 10 50
71 11 50
71 12 50
71 13 50
71 14 50
71 15 50
71 16 50
71 17 50
71 18 50
71 19 50
71 20 50
71 21 50
71 22 50
71 23 50
71 24 50
71 25 50
71 26 50
71 27 50
71 28 50
71 29 50
71 30 50
71 31 50
71 32 50
71 33 50
71 34 50
71 35 50
71 36 50
71 37 50
71 38 50
71 39 50
71 40 50
71 41 50
71 42 50
71 43 50
71 44 50
71 45 50
71 46 50
71 47 50
71 48 50
71 49 50
71 50 50
71 51 50
71 52 50
71 53 50
71 54 50
71 55 50
71 56 50
71 57 50
71 58 50
71 59 50
71 60 50
71 61 50
71 62 50
71 63 50
71 64 50
71 65 50
71 66 50
71 67 50
71 68 50
71 69 50
71 70 50
71 72 50
71 73 50
71 74 50
71 75 50
71 76 50
71 77 50
71 78 50
71 79 50
71 80 50
71 81 50
71 82 50
71 83 50
71 84 50
71 85 50
71 86 50
71 87 50
71 88 50
71 89 50
71 90 50
71 91 50
71 92 50
71 93 50
71 94 50
71 95 50
71 96 50
71 97 50
71 98 50
71 99 50
72 1 50
72 2 50
72 3 50
72 4 50
72 5 50
72 6 50
72 7 50
72 8 50
72 9 50
72 10 50
72 11 50
72 12 50
72 13 50
72 14 50
72 15 50
72 16 50
72 17 50
72 18 50
72 19 50
72 20 50
72 21 50
72 22 50
72 23 50
72 24 50
72 25 50
72 26 50
72 27 50
72 28 50
72 29 50
72 30 50
72 31 50
72 32 50
72 33 50
72 34 50
72 35 50
72 36 50
72 37 50
72 38 50
72 39 50
72 40 50
72 41 50
72 42 50
72 43 50
72 44 50
72 45 50
72 46 50
72 47 50
72 48 50
72 49 50
72 50 50
72 51 50
72 52 50
72 53 50
72 54 50
72 55 50
72 56 50
72 57 50
72 58 50
72 59 50
72 60 50
72 61 50
72 62 50
72 63 50
72 64 50
72 65 50
72 66 50
72 67 50
72 68 50
72 69 50
72 70 50
72 71 50
72 73 50
72 74 50
72 75 50
72 76 50
72 77 50
72 78 50
72 79 50
72 80 50
72 81 50
72 82 50
72 83 50
72 84 50
72 85 50
72 86 50
72 87 50
72 88 50
72 89 50
72 90 50
72 91 50
72 92 50
72 93 50
72 94 50
72 95 50
72 96 50
72 97 50
72 98 50
72 99 50
73 1 50
73 2 50
73 3 50
73 4 50
73 5 50
73 6 50
73 7 50
73 8 50
73 9 50
73 10 50
73 11 50
73 12 50
73 13 50
73 14 50
73 15 50
73 16 50
73 17 50
73 18 50
73 19 50
73 20 50
73 21 50
73 22 50
73 23 50
73 24 50
73 25 50
73 26 50
73 27 50
73 28 50
73 29 50
73 30 50
73 31 50
73 32 50
73 33 50
73 34 50
73 35 50
73 36 50
73 37 50
73 38 50
73 39 50
73 40 50
73 41 50
73 42 50
73 43 50
73 44 50
73 45 50
73 46 50
73 47 50
73 48 50
73 49 50
73 50 50
73 51 50
73 52 50
73 53 50
73 54 50
73 55 50
73 56 50
73 57 50
73 58 50
73 59 50
73 60 50
73 61 50
73 62 50
73 63 50
73 64 50
73 65 50
73 66 50
73 67 50
73 68 50
73 69 50
73 70 50
73 71 50
73 72 50
73 74 50
73 75 50
73 76 50
73 77 50
73 78 50
73 79 50
73 80 50
73 81 50
73 82 50
73 83 50
73 84 50
73 85 50
73 86 50
73 87 50
73 88 50
73 89 50
73 90 50
73 91 50
73 92 50
73 93 50
73 94 50
73 95 50
73 96 50
73 97 50
73 98 50
73 99 50
74 1 50
74 2 50
74 3 50
74 4 50
74 5 50
74 6 50
74 7 50
74 8 50
74 9 50
74 10 50
74 11 50
74 12 50
74 13 50
74 14 50
74 15 50
74 16 50
74 17 50
74 18 50
74 19 50
74 20 50
74 21 50
74 22 50
74 23 50
74 24 50
74 25 50
74 26 50
74 27 50
74 28 50
74 29 50
74 30 50
74 31 50
74 32 50
74 33 50
74 34 50
74 35 50
74 36 50
74 37 50
74 38 50
74 39 50
74 40 50
74 41 50
74 42 50
74 43 50
74 44 50
74 45 50
74 46 50
74 47 50
74 48 50
74 49 50
74 50 50
74 51 50
74 52 50
74 53 50
74 54 50
74 55 50
74 56 50
74 57 50
74 58 50
74 59 50
74 60 50
74 61 50
74 62 50
74 63 50
74 64 50
74 65 50
74 66 50
74 67 50
74 68 50
74 69 50
74 70 50
74 71 50
74 72 50
74 73 50
74 75 50
74 76 50
74 77 50
74 78 50
74 79 50
74 80 50
74 81 50
74 82 50
74 83 50
74 84 50
74 85 50
74 86 50
74 87 50
74 88 50
74 89 50
74 90 50
74 91 50
74 92 50
74 93 50
74 94 50
74 95 50
74 96 50
74 97 50
74 98 50
74 99 50
75 1 50
75 2 50
75 3 50
75 4 50
75 5 50
75 6 50
75 7 50
75 8 50
75 9 50
75 10 50
75 11 50
75 12 50
75 13 50
75 14 50
75 15 50
75 16 50
75 17 50
75 18 50
75 19 50
75 20 50
75 21 50
75 22 50
75 23 50
75 24 50
75 25 50
75 26 50
75 27 50
75 28 50
75 29 50
75 30 50
75 31 50
75 32 50
75 33 50
75 34 50
75 35 50
75 36 50
75 37 50
75 38 50
75 39 50
75 40 50
75 41 50
75 42 50
75 43 50
75 44 50
75 45 50
75 46 50
75 47 50
75 48 50
75 49 50
75 50 50
75 51 50
75 52 50
75 53 50
75 54 50
75 55 50
75 56 50
75 57 50
75 58 50
75 59 50
75 60 50
75 61 50
75 62 50
75 63 50
75 64 50
75 65 50
75 66 50
75 67 50
75 68 50
75 69 50
75 70 50
75 71 50
75 72 50
75 73 50
75 74 50
75 76 50
75 77 50
75 78 50
75 79 50
75 80 50
75 81 50
75 82 50
75 83 50
75 84 50
75 85 50
75 86 50
75 87 50
75 88 50
75 89 50
75 90 50
75 91 50
75 92 50
75 93 50
75 94 50
75 95 50
75 96 50
75 97 50
75 98 50
75 99 50
76 1 50
76 2 50
76 3 50
76 4 50
76 5 50
76 6 50
76 7 50
76 8 50
76 9 50
76 10 50
76 11 50
76 12 50
76 13 50
76 14 50
76 15 50
76 16 50
76 17 50
76 18 50
76 19 50
76 20 50
76 21 50
76 22 50
76 23 50
76 24 50
76 25 50
76 26 50
76 27 50
76 28 50
76 29 50
76 30 50
76 31 50
76 32 50
76 33 50
76 34 50
76 35 50
76 36 50
76 37 50
76 38 50
76 39 50
76 40 50
76 41 50
76 42 50
76 43 50
76 44 50
76 45 50
76 46 50
76 47 50
76 48 50
76 49 50
76 50 50
76 51 50
76 52 50
76 53 50
76 54 50
76 55 50
76 56 50
76 57 50
76 58 50
76 59 50
76 60 50
76 61 50
76 62 50
76 63 50
76 64 50
76 65 50
76 66 50
76 67 50
76 68 50
76 69 50
76 70 50
76 71 50
76 72 50
76 73 50
76 74 50
76 75 50
76 77 50
76 78 50
76 79 50
76 80 50
76 81 50
76 82 50
76 83 50
76 84 50
76 85 50
76 86 50
76 87 50
76 88 50
76 89 50
76 90 50
76 91 50
76 92 50
76 93 50
76 94 50
76 95 50
76 96 50
76 97 50
76 98 50
76 99 50
77 1 50
77 2 50
77 3 50
77 4 50
77 5 50
77 6 50
77 7 50
77 8 50
77 9 50
77 10 50
77 11 50
77 12 50
77 13 50
77 14 50
77 15 50
77 16 50
77 17 50
77 18 50
77 19 50
77 20 50
77 21 50
77 22 50
77 23 50
77 24 50
77 25 50
77 26 50
77 27 50
77 28 50
77 29 50
77 30 50
77 31 50
77 32 50
77 33 50
77 34 50
77 35 50
77 36 50
77 37 50
77 38 50
77 39 50
77 40 50
77 41 50
77 42 50
77 43 50
77 44 50
77 45 50
77 46 50
77 47 50
77 48 50
77 49 50
77 50 50
77 51 50
77 52 50
77 53 50
77 54 50
77 55 50
77 56 50
77 57 50
77 58 50
77 59 50
77 60 50
77 61 50
77 62 50
77 63 50
77 64 50
77 65 50
77 66 50
77 67 50
77 68 50
77 69 50
77 70 50
77 71 50
77 72 50
77 73 50
77 74 50
77 75 50
77 76 50
77 78 50
77 79 50
77 80 50
77 81 50
77 82 50
77 83 50
77 84 50
77 85 50
77 86 50
77 87 50
77 88 50
77 89 50
77 90 50
77 91 50
77 92 50
77 93 50
77 94 50
77 95 50
77 96 50
77 97 50
77 98 50
77 99 50
78 1 50
78 2 50
78 3 50
78 4 50
78 5 50
78 6 50
78 7 50
78 8 50
78 9 50
78 10 50
78 11 50
78 12 50
78 13 50
78 14 50
78 15 50
78 16 50
78 17 50
78 18 50
78 19 50
78 20 50
78 21 50
78 22 50
78 23 50
78 24 50
78 25 50
78 26 50
78 27 50
78 28 50
78 29 50
78 30 50
78 31 50
78 32 50
78 33 50
78 34 50
78 35 50
78 36 50
78 37 50
78 38 50
78 39 50
78 40 50
78 41 50
78 42 50
78 43 50
78 44 50
78 45 50
78 46 50
78 47 50
78 48 50
78 49 50
78 50 50
78 51 50
78 52 50
78 53 50
78 54 50
78 55 50
78 56 50
78 57 50
78 58 50
78 59 50
78 60 50
78 61 50
78 62 50
78 63 50
78 64 50
78 65 50
78 66 50
78 67 50
78 68 50
78 69 50
78 70 50
78 71 50
78 72 50
78 73 50
78 74 50
78 75 50
78 76 50
78 77 50
78 79 50
78 80 50
78 81 50
78 82 50
78 83 50
78 84 50
78 85 50
78 86 50
78 87 50
78 88 50
78 89 50
78 90 50
78 91 50
78 92 50
78 93 50
78 94 50
78 95 50
78 96 50
78 97 50
78 98 50
78 99 50
79 1 50
79 2 50
79 3 50
79 4 50
79 5 50
79 6 50
79 7 50
79 8 50
79 9 50
79 10 50
79 11 50
79 12 50
79 13 50
79 14 50
79 15 50
79 16 50
79 17 50
79 18 50
79 19 50
79 20 50
79 21 50
79 22 50
79 23 50
79 24 50
79 25 50
79 26 50
79 27 50
79 28 50
79 29 50
79 30 50
79 31 50
79 32 50
79 33 50
79 34 50
79 35 50
79 36 50
79 37 50
79 38 50
79 39 50
79 40 50
79 41 50
79 42 50
79 43 50
79 44 50
79 45 50
79 46 50
79 47 50
79 48 50
79 49 50
79 50 50
79 51 50
79 52 50
79 53 50
79 54 50
79 55 50
79 56 50
79 57 50
79 58 50
79 59 50
79 60 50
79 61 50
79 62 50
79 63 50
79 64 50
79 65 50
79 66 50
79 67 50
79 68 50
79 69 50
79 70 50
79 71 50
79 72 50
79 73 50
79 74 50
79 75 50
79 76 50
79 77 50
79 78 50
79 80 50
79 81 50
79 82 50
79 83 50
79 84 50
79 85 50
79 86 50
79 87 50
79 88 50
79 89 50
79 90 50
79 91 50
79 92 50
79 93 50
79 94 50
79 95 50
79 96 50
79 97 50
79 98 50
79 99 50
80 1 50
80 2 50
80 3 50
80 4 50
80 5 50
80 6 50
80 7 50
80 8 50
80 9 50
80 10 50
80 11 50
80 12 50
80 13 50
80 14 50
80 15 50
80 16 50
80 17 50
80 18 50
80 19 50
80 20 50
80 21 50
80 22 50
80 23 50
80 24 50
80 25 50
80 26 50
80 27 50
80 28 50
80 29 50
80 30 50
80 31 50
80 32 50
80 33 50
80 34 50
80 35 50
80 36 50
80 37 50
80 38 50
80 39 50
80 40 50
80 41 50
80 42 50
80 43 50
80 44 50
80 45 50
80 46 50
80 47 50
80 48 50
80 49 50
80 50 50
80 51 50
80 52 50
80 53 50
80 54 50
80 55 50
80 56 50
80 57 50
80 58 50
80 59 50
80 60 50
80 61 50
80 62 50
80 63 50
80 64 50
80 65 50
80 66 50
80 67 50
80 68 50
80 69 50
80 70 50
80 71 50
80 72 50
80 73 50
80 74 50
80 75 50
80 76 50
80 77 50
80 78 50
80 79 50
80 81 50
80 82 50
80 83 50
80 84 50
80 85 50
80 86 50
80 87 50
80 88 50
80 89 50
80 90 50
80 91 50
80 92 50
80 93 50
80 94 50
80 95 50
80 96 50
80 97 50
80 98 50
80 99 50
81 1 50
81 2 50
81 3 50
81 4 50
81 5 50
81 6 50
81 7 50
81 8 50
81 9 50
81 10 50
81 11 50
81 12 50
81 13 50
81 14 50
81 15 50
81 16 50
81 17 50
81 18 50
81 19 50
81 20 50
81 21 50
81 22 50
81 23 50
81 24 50
81 25 50
81 26 50
81 27 50
81 28 50
81 29 50
81 30 50
81 31 50
81 32 50
81 33 50
81 34 50
81 35 50
81 36 50
81 37 50
81 38 50
81 39 50
81 40 50
81 41 50
81 42 50
81 43 50
81 44 50
81 45 50
81 46 50
81 47 50
81 48 50
81 49 50
81 50 50
81 51 50
81 52 50
81 53 50
81 54 50
81 55 50
81 56 50
81 57 50
81 58 50
81 59 50
81 60 50
81 61 50
81 62 50
81 63 50
81 64 50
81 65 50
81 66 50
81 67 50
81 68 50
81 69 50
81 70 50
81 71 50
81 72 50
81 73 50
81 74 50
81 75 50
81 76 50
81 77 50
81 78 50
81 79 50
81 80 50
81 82 50
81 83 50
81 84 50
81 85 50
81 86 50
81 87 50
81 88 50
81 89 50
81 90 50
81 91 50
81 92 50
81 93 50
81 94 50
81 95 50
81 96 50
81 97 50
81 98 50
81 99 50
82 1 50
82 2 50
82 3 50
82 4 50
82 5 50
82 6 50
82 7 50
82 8 50
82 9 50
82 10 50
82 11 50
82 12 50
82 13 50
82 14 50
82 15 50
82 16 50
82 17 50
82 18 50
82 19 50
82 20 50
82 21 50
82 22 50
82 23 50
82 24 50
82 25 50
82 26 50
82 27 50
82 28 50
82 29 50
82 30 50
82 31 50
82 32 50
82 33 50
82 34 50
82 35 50
82 36 50
82 37 50
82 38 50
82 39 50
82 40 50
82 41 50
82 42 50
82 43 50
82 44 50
82 45 50
82 46 50
82 47 50
82 48 50
82 49 50
82 50 50
82 51 50
82 52 50
82 53 50
82 54 50
82 55 50
82 56 50
82 57 50
82 58 50
82 59 50
82 60 50
82 61 50
82 62 50
82 63 50
82 64 50
82 65 50
82 66 50
82 67 50
82 68 50
82 69 50
82 70 50
82 71 50
82 72 50
82 73 50
82 74 50
82 75 50
82 76 50
82 77 50
82 78 50
82 79 50
82 80 50
82 81 50
82 83 50
82 84 50
82 85 50
82 86 50
82 87 50
82 88 50
82 89 50
82 90 50
82 91 50
82 92 50
82 93 50
82 94 50
82 95 50
82 96 50
82 97 50
82 98 50
82 99 50
83 1 50
83 2 50
83 3 50
83 4 50
83 5 50
83 6 50
83 7 50
83 8 50
83 9 50
83 10 50
83 11 50
83 12 50
83 13 50
83 14 50
83 15 50
83 16 50
83 17 50
83 18 50
83 19 50
83 20 50
83 21 50
83 22 50
83 23 50
83 24 50
83 25 50
83 26 50
83 27 50
83 28 50
83 29 50
83 30 50
83 31 50
83 32 50
83 33 50
83 34 50
83 35 50
83 36 50
83 37 50
83 38 50
83 39 50
83 40 50
83 41 50
83 42 50
83 43 50
83 44 50
83 45 50
83 46 50
83 47 50
83 48 50
83 49 50
83 50 50
83 51 50
83 52 50
83 53 50
83 54 50
83 55 50
83 56 50
83 57 50
83 58 50
83 59 50
83 60 50
83 61 50
83 62 50
83 63 50
83 64 50
83 65 50
83 66 50
83 67 50
83 68 50
83 69 50
83 70 50
83 71 50
83 72 50
83 73 50
83 74 50
83 75 50
83 76 50
83 77 50
83 78 50
83 79 50
83 80 50
83 81 50
83 82 50
83 84 50
83 85 50
83 86 50
83 87 50
83 88 50
83 89 50
83 90 50
83 91 50
83 92 50
83 93 50
83 94 50
83 95 50
83 96 50
83 97 50
83 98 50
83 99 50
84 1 50
84 2 50
84 3 50
84 4 50
84 5 50
84 6 50
84 7 50
84 8 50
84 9 50
84 10 50
84 11 50
84 12 50
84 13 50
84 14 50
84 15 50
84 16 50
84 17 50
84 18 50
84 19 50
84 20 50
84 21 50
84 22 50
84 23 50
84 24 50
84 25 50
84 26 50
84 27 50
84 28 50
84 29 50
84 30 50
84 31 50
84 32 50
84 33 50
84 34 50
84 35 50
84 36 50
84 37 50
84 38 50
84 39 50
84 40 50
84 41 50
84 42 50
84 43 50
84 44 50
84 45 50
84 46 50
84 47 50
84 48 50
84 49 50
84 50 50
84 51 50
84 52 50
84 53 50
84 54 50
84 55 50
84 56 50
84 57 50
84 58 50
84 59 50
84 60 50
84 61 50
84 62 50
84 63 50
84 64 50
84 65 50
84 66 50
84 67 50
84 68 50
84 69 50
84 70 50
84 71 50
84 72 50
84 73 50
84 74 50
84 75 50
84 76 50
84 77 50
84 78 50
84 79 50
84 80 50
84 81 50
84 82 50
84 83 50
84 85 50
84 86 50
84 87 50
84 88 50
84 89 50
84 90 50
84 91 50
84 92 50
84 93 50
84 94 50
84 95 50
84 96 50
84 97 50
84 98 50
84 99 50
85 1 50
85 2 50
85 3 50
85 4 50
85 5 50
85 6 50
85 7 50
85 8 50
85 9 50
85 10 50
85 11 50
85 12 50
85 13 50
85 14 50
85 15 50
85 16 50
85 17 50
85 18 50
85 19 50
85 20 50
85 21 50
85 22 50
85 23 50
85 24 50
85 25 50
85 26 50
85 27 50
85 28 50
85 29 50
85 30 50
85 31 50
85 32 50
85 33 50
85 34 50
85 35 50
85 36 50
85 37 50
85 38 50
85 39 50
85 40 50
85 41 50
85 42 50
85 43 50
85 44 50
85 45 50
85 46 50
85 47 50
85 48 50
85 49 50
85 50 50
85 51 50
85 52 50
85 53 50
85 54 50
85 55 50
85 56 50
85 57 50
85 58 50
85 59 50
85 60 50
85 61 50
85 62 50
85 63 50
85 64 50
85 65 50
85 66 50
85 67 50
85 68 50
85 69 50
85 70 50
85 71 50
85 72 50
85 73 50
85 74 50
85 75 50
85 76 50
85 77 50
85 78 50
85 79 50
85 80 50
85 81 50
85 82 50
85 83 50
85 84 50
85 86 50
85 87 50
85 88 50
85 89 50
85 90 50
85 91 50
85 92 50
85 93 50
85 94 50
85 95 50
85 96 50
85 97 50
85 98 50
85 99 50
86 1 50
86 2 50
86 3 50
86 4 50
86 5 50
86 6 50
86 7 50
86 8 50
86 9 50
86 10 50
86 11 50
86 12 50
86 13 50
86 14 50
86 15 50
86 16 50
86 17 50
86 18 50
86 19 50
86 20 50
86 21 50
86 22 50
86 23 50
86 24 50
86 25 50
86 26 50
86 27 50
86 28 50
86 29 50
86 30 50
86 31 50
86 32 50
86 33 50
86 34 50
86 35 50
86 36 50
86 37 50
86 38 50
86 39 50
86 40 50
86 41 50
86 42 50
86 43 50
86 44 50
86 45 50
86 46 50
86 47 50
86 48 50
86 49 50
86 50 50
86 51 50
86 52 50
86 53 50
86 54 50
86 55 50
86 56 50
86 57 50
86 58 50
86 59 50
86 60 50
86 61 50
86 62 50
86 63 50
86 64 50
86 65 50
86 66 50
86 67 50
86 68 50
86 69 50
86 70 50
86 71 50
86 72 50
86 73 50
86 74 50
86 75 50
86 76 50
86 77 50
86 78 50
86 79 50
86 80 50
86 81 50
86 82 50
86 83 50
86 84 50
86 85 50
86 87 50
86 88 50
86 89 50
86 90 50
86 91 50
86 92 50
86 93 50
86 94 50
86 95 50
86 96 50
86 97 50
86 98 50
86 99 50
87 1 50
87 2 50
87 3 50
87 4 50
87 5 50
87 6 50
87 7 50
87 8 50
87 9 50
87 10 50
87 11 50
87 12 50
87 13 50
87 14 50
87 15 50
87 16 50
87 17 50
87 18 50
87 19 50
87 20 50
87 21 50
87 22 50
87 23 50
87 24 50
87 25 50
87 26 50
87 27 50
87 28 50
87 29 50
87 30 50
87 31 50
87 32 50
87 33 50
87 34 50
87 35 50
87 36 50
87 37 50
87 38 50
87 39 50
87 40 50
87 41 50
87 42 50
87 43 50
87 44 50
87 45 50
87 46 50
87 47 50
87 48 50
87 49 50
87 50 50
87 51 50
87 52 50
87 53 50
87 54 50
87 55 50
87 56 50
87 57 50
87 58 50
87 59 50
87 60 50
87 61 50
87 62 50
87 63 50
87 64 50
87 65 50
87 66 50
87 67 50
87 68 50
87 69 50
87 70 50
87 71 50
87 72 50
87 73 50
87 74 50
87 75 50
87 76 50
87 77 50
87 78 50
87 79 50
87 80 50
87 81 50
87 82 50
87 83 50
87 84 50
87 85 50
87 86 50
87 88 50
87 89 50
87 90 50
87 91 50
87 92 50
87 93 50
87 94 50
87 95 50
87 96 50
87 97 50
87 98 50
87 99 50
88 1 50
88 2 50
88 3 50
88 4 50
88 5 50
88 6 50
88 7 50
88 8 50
88 9 50
88 10 50
88 11 50
88 12 50
88 13 50
88 14 50
88 15 50
88 16 50
88 17 50
88 18 50
88 19 50
88 20 50
88 21 50
88 22 50
88 23 50
88 24 50
88 25 50
88 26 50
88 27 50
88 28 50
88 29 50
88 30 50
88 31 50
88 32 50
88 33 50
88 34 50
88 35 50
88 36 50
88 37 50
88 38 50
88 39 50
88 40 50
88 41 50
88 42 50
88 43 50
88 44 50
88 45 50
88 46 50
88 47 50
88 48 50
88 49 50
88 50 50
88 51 50
88 52 50
88 53 50
88 54 50
88 55 50
88 56 50
88 57 50
88 58 50
88 59 50
88 60 50
88 61 50
88 62 50
88 63 50
88 64 50
88 65 50
88 66 50
88 67 50
88 68 50
88 69 50
88 70 50
88 71 50
88 72 50
88 73 50
88 74 50
88 75 50
88 76 50
88 77 50
88 78 50
88 79 50
88 80 50
88 81 50
88 82 50
88 83 50
88 84 50
88 85 50
88 86 50
88 87 50
88 89 50
88 90 50
88 91 50
88 92 50
88 93 50
88 94 50
88 95 50
88 96 50
88 97 50
88 98 50
88 99 50
89 1 50
89 2 50
89 3 50
89 4 50
89 5 50
89 6 50
89 7 50
89 8 50
89 9 50
89 10 50
89 11 50
89 12 50
89 13 50
89 14 50
89 15 50
89 16 50
89 17 50
89 18 50
89 19 50
89 20 50
89 21 50
89 22 50
89 23 50
89 24 50
89 25 50
89 26 50
89 27 50
89 28 50
89 29 50
89 30 50
89 31 50
89 32 50
89 33 50
89 34 50
89 35 50
89 36 50
89 37 50
89 38 50
89 39 50
89 40 50
89 41 50
89 42 50
89 43 50
89 44 50
89 45 50
89 46 50
89 47 50
89 48 50
89 49 50
89 50 50
89 51 50
89 52 50
89 53 50
89 54 50
89 55 50
89 56 50
89 57 50
89 58 50
89 59 50
89 60 50
89 61 50
89 62 50
89 63 50
89 64 50
89 65 50
89 66 50
89 67 50
89 68 50
89 69 50
89 70 50
89 71 50
89 72 50
89 73 50
89 74 50
89 75 50
89 76 50
89 77 50
89 78 50
89 79 50
89 80 50
89 81 50
89 82 50
89 83 50
89 84 50
89 85 50
89 86 50
89 87 50
89 88 50
89 90 50
89 91 50
89 92 50
89 93 50
89 94 50
89 95 50
89 96 50
89 97 50
89 98 50
89 99 50
90 1 50
90 2 50
90 3 50
90 4 50
90 5 50
90 6 50
90 7 50
90 8 50
90 9 50
90 10 50
90 11 50
90 12 50
90 13 50
90 14 50
90 15 50
90 16 50
90 17 50
90 18 50
90 19 50
90 20 50
90 21 50
90 22 50
90 23 50
90 24 50
90 25 50
90 26 50
90 27 50
90 28 50
90 29 50
90 30 50
90 31 50
90 32 50
90 33 50
90 34 50
90 35 50
90 36 50
90 37 50
90 38 50
90 39 50
90 40 50
90 41 50
90 42 50
90 43 50
90 44 50
90 45 50
90 46 50
90 47 50
90 48 50
90 49 50
90 50 50
90 51 50
90 52 50
90 53 50
90 54 50
90 55 50
90 56 50
90 57 50
90 58 50
90 59 50
90 60 50
90 61 50
90 62 50
90 63 50
90 64 50
90 65 50
90 66 50
90 67 50
90 68 50
90 69 50
90 70 50
90 71 50
90 72 50
90 73 50
90 74 50
90 75 50
90 76 50
90 77 50
90 78 50
90 79 50
90 80 50
90 81 50
90 82 50
90 83 50
90 84 50
90 85 50
90 86 50
90 87 50
90 88 50
90 89 50
90 91 50
90 92 50
90 93 50
90 94 50
90 95 50
90 96 50
90 97 50
90 98 50
90 99 50
91 1 50
91 2 50
91 3 50
91 4 50
91 5 50
91 6 50
91 7 50
91 8 50
91 9 50
91 10 50
91 11 50
91 12 50
91 13 50
91 14 50
91 15 50
91 16 50
91 17 50
91 18 50
91 19 50
91 20 50
91 21 50
91 22 50
91 23 50
91 24 50
91 25 50
91 26 50
91 27 50
91 28 50
91 29 50
91 30 50
91 31 50
91 32 50
91 33 50
91 34 50
91 35 50
91 36 50
91 37 50
91 38 50
91 39 50
91 40 50
91 41 50
91 42 50
91 43 50
91 44 50
91 45 50
91 46 50
91 47 50
91 48 50
91 49 50
91 50 50
91 51 50
91 52 50
91 53 50
91 54 50
91 55 50
91 56 50
91 57 50
91 58 50
91 59 50
91 60 50
91 61 50
91 62 50
91 63 50
91 64 50
91 65 50
91 66 50
91 67 50
91 68 50
91 69 50
91 70 50
91 71 50
91 72 50
91 73 50
91 74 50
91 75 50
91 76 50
91 77 50
91 78 50
91 79 50
91 80 50
91 81 50
91 82 50
91 83 50
91 84 50
91 85 50
91 86 50
91 87 50
91 88 50
91 89 50
91 90 50
91 92 50
91 93 50
91 94 50
91 95 50
91 96 50
91 97 50
91 98 50
91 99 50
92 1 50
92 2 50
92 3 50
92 4 50
92 5 50
92 6 50
92 7 50
92 8 50
92 9 50
92 10 50
92 11 50
92 12 50
92 13 50
92 14 50
92 15 50
92 16 50
92 17 50
92 18 50
92 19 50
92 20 50
92 21 50
92 22 50
92 23 50
92 24 50
92 25 50
92 26 50
92 27 50
92 28 50
92 29 50
92 30 50
92 31 50
92 32 50
92 33 50
92 34 50
92 35 50
92 36 50
92 37 50
92 38 50
92 39 50
92 40 50
92 41 50
92 42 50
92 43 50
92 44 50
92 45 50
92 46 50
92 47 50
92 48 50
92 49 50
92 50 50
92 51 50
92 52 50
92 53 50
92 54 50
92 55 50
92 56 50
92 57 50
92 58 50
92 59 50
92 60 50
92 61 50
92 62 50
92 63 50
92 64 50
92 65 50
92 66 50
92 67 50
92 68 50
92 69 50
92 70 50
92 71 50
92 72 50
92 73 50
92 74 50
92 75 50
92 76 50
92 77 50
92 78 50
92 79 50
92 80 50
92 81 50
92 82 50
92 83 50
92 84 50
92 85 50
92 86 50
92 87 50
92 88 50
92 89 50
92 90 50
92 91 50
92 93 50
92 94 50
92 95 50
92 96 50
92 97 50
92 98 50
92 99 50
93 1 50
93 2 50
93 3 50
93 4 50
93 5 50
93 6 50
93 7 50
93 8 50
93 9 50
93 10 50
93 11 50
93 12 50
93 13 50
93 14 50
93 15 50
93 16 50
93 17 50
93 18 50
93 19 50
93 20 50
93 21 50
93 22 50
93 23 50
93 24 50
93 25 50
93 26 50
93 27 50
93 28 50
93 29 50
93 30 50
93 31 50
93 32 50
93 33 50
93 34 50
93 35 50
93 36 50
93 37 50
93 38 50
93 39 50
93 40 50
93 41 50
93 42 50
93 43 50
93 44 50
93 45 50
93 46 50
93 47 50
93 48 50
93 49 50
93 50 50
93 51 50
93 52 50
93 53 50
93 54 50
93 55 50
93 56 50
93 57 50
93 58 50
93 59 50
93 60 50
93 61 50
93 62 50
93 63 50
93 64 50
93 65 50
93 66 50
93 67 50
93 68 50
93 69 50
93 70 50
93 71 50
93 72 50
93 73 50
93 74 50
93 75 50
93 76 50
93 77 50
93 78 50
93 79 50
93 80 50
93 81 50
93 82 50
93 83 50
93 84 50
93 85 50
93 86 50
93 87 50
93 88 50
93 89 50
93 90 50
93 91 50
93 92 50
93 94 50
93 95 50
93 96 50
93 97 50
93 98 50
93 99 50
94 1 50
94 2 50
94 3 50
94 4 50
94 5 50
94 6 50
94 7 50
94 8 50
94 9 50
94 10 50
94 11 50
94 12 50
94 13 50
94 14 50
94 15 50
94 16 50
94 17 50
94 18 50
94 19 50
94 20 50
94 21 50
94 22 50
94 23 50
94 24 50
94 25 50
94 26 50
94 27 50
94 28 50
94 29 50
94 30 50
94 31 50
94 32 50
94 33 50
94 34 50
94 35 50
94 36 50
94 37 50
94 38 50
94 39 50
94 40 50
94 41 50
94 42 50
94 43 50
94 44 50
94 45 50
94 46 50
94 47 50
94 48 50
94 49 50
94 50 50
94 51 50
94 52 50
94 53 50
94 54 50
94 55 50
94 56 50
94 57 50
94 58 50
94 59 50
94 60 50
94 61 50
94 62 50
94 63 50
94 64 50
94 65 50
94 66 50
94 67 50
94 68 50
94 69 50
94 70 50
94 71 50
94 72 50
94 73 50
94 74 50
94 75 50
94 76 50
94 77 50
94 78 50
94 79 50
94 80 50
94 81 50
94 82 50
94 83 50
94 84 50
94 85 50
94 86 50
94 87 50
94 88 50
94 89 50
94 90 50
94 91 50
94 92 50
94 93 50
94 95 50
94 96 50
94 97 50
94 98 50
94 99 50
95 1 50
95 2 50
95 3 50
95 4 50
95 5 50
95 6 50
95 7 50
95 8 50
95 9 50
95 10 50
95 11 50
95 12 50
95 13 50
95 14 50
95 15 50
95 16 50
95 17 50
95 18 50
95 19 50
95 20 50
95 21 50
95 22 50
95 23 50
95 24 50
95 25 50
95 26 50
95 27 50
95 28 50
95 29 50
95 30 50
95 31 50
95 32 50
95 33 50
95 34 50
95 35 50
95 36 50
95 37 50
95 38 50
95 39 50
95 40 50
95 41 50
95 42 50
95 43 50
95 44 50
95 45 50
95 46 50
95 47 50
95 48 50
95 49 50
95 50 50
95 51 50
95 52 50
95 53 50
95 54 50
95 55 50
95 56 50
95 57 50
95 58 50
95 59 50
95 60 50
95 61 50
95 62 50
95 63 50
95 64 50
95 65 50
95 66 50
95 67 50
95 68 50
95 69 50
95 70 50
95 71 50
95 72 50
95 73 50
95 74 50
95 75 50
95 76 50
95 77 50
95 78 50
95 79 50
95 80 50
95 81 50
95 82 50
95 83 50
95 84 50
95 85 50
95 86 50
95 87 50
95 88 50
95 89 50
95 90 50
95 91 50
95 92 50
95 93 50
95 94 50
95 96 50
95 97 50
95 98 50
95 99 50
96 1 50
96 2 50
96 3 50
96 4 50
96 5 50
96 6 50
96 7 50
96 8 50
96 9 50
96 10 50
96 11 50
96 12 50
96 13 50
96 14 50
96 15 50
96 16 50
96 17 50
96 18 50
96 19 50
96 20 50
96 21 50
96 22 50
96 23 50
96 24 50
96 25 50
96 26 50
96 27 50
96 28 50
96 29 50
96 30 50
96 31 50
96 32 50
96 33 50
96 34 50
96 35 50
96 36 50
96 37 50
96 38 50
96 39 50
96 40 50
96 41 50
96 42 50
96 43 50
96 44 50
96 45 50
96 46 50
96 47 50
96 48 50
96 49 50
96 50 50
96 51 50
96 52 50
96 53 50
96 54 50
96 55 50
96 56 50
96 57 50
96 58 50
96 59 50
96 60 50
96 61 50
96 62 50
96 63 50
96 64 50
96 65 50
96 66 50
96 67 50
96 68 50
96 69 50
96 70 50
96 71 50
96 72 50
96 73 50
96 74 50
96 75 50
96 76 50
96 77 50
96 78 50
96 79 50
96 80 50
96 81 50
96 82 50
96 83 50
96 84 50
96 85 50
96 86 50
96 87 50
96 88 50
96 89 50
96 90 50
96 91 50
96 92 50
96 93 50
96 94 50
96 95 50
96 97 50
96 98 50
96 99 50
97 1 50
97 2 50
97 3 50
97 4 50
97 5 50
97 6 50
97 7 50
97 8 50
97 9 50
97 10 50
97 11 50
97 12 50
97 13 50
97 14 50
97 15 50
97 16 50
97 17 50
97 18 50
97 19 50
97 20 50
97 21 50
97 22 50
97 23 50
97 24 50
97 25 50
97 26 50
97 27 50
97 28 50
97 29 50
97 30 50
97 31 50
97 32 50
97 33 50
97 34 50
97 35 50
97 36 50
97 37 50
97 38 50
97 39 50
97 40 50
97 41 50
97 42 50
97 43 50
97 44 50
97 45 50
97 46 50
97 47 50
97 48 50
97 49 50
97 50 50
97 51 50
97 52 50
97 53 50
97 54 50
97 55 50
97 56 50
97 57 50
97 58 50
97 59 50
97 60 50
97 61 50
97 62 50
97 63 50
97 64 50
97 65 50
97 66 50
97 67 50
97 68 50
97 69 50
97 70 50
97 71 50
97 72 50
97 73 50
97 74 50
97 75 50
97 76 50
97 77 50
97 78 50
97 79 50
97 80 50
97 81 50
97 82 50
97 83 50
97 84 50
97 85 50
97 86 50
97 87 50
97 88 50
97 89 50
97 90 50
97 91 50
97 92 50
97 93 50
97 94 50
97 95 50
97 96 50
97 98 50
97 99 50
98 1 50
98 2 50
98 3 50
98 4 50
98 5 50
98 6 50
98 7 50
98 8 50
98 9 50
98 10 50
98 11 50
98 12 50
98 13 50
98 14 50
98 15 50
98 16 50
98 17 50
98 18 50
98 19 50
98 20 50
98 21 50
98 22 50
98 23 50
98 24 50
98 25 50
98 26 50
98 27 50
98 28 50
98 29 50
98 30 50
98 31 50
98 32 50
98 33 50
98 34 50
98 35 50
98 36 50
98 37 50
98 38 50
98 39 50
98 40 50
98 41 50
98 42 50
98 43 50
98 44 50
98 45 50
98 46 50
98 47 50
98 48 50
98 49 50
98 50 50
98 51 50
98 52 50
98 53 50
98 54 50
98 55 50
98 56 50
98 57 50
98 58 50
98 59 50
98 60 50
98 61 50
98 62 50
98 63 50
98 64 50
98 65 50
98 66 50
98 67 50
98 68 50
98 69 50
98 70 50
98 71 50
98 72 50
98 73 50
98 74 50
98 75 50
98 76 50
98 77 50
98 78 50
98 79 50
98 80 50
98 81 50
98 82 50
98 83 50
98 84 50
98 85 50
98 86 50
98 87 50
98 88 50
98 89 50
98 90 50
98 91 50
98 92 50
98 93 50
98 94 50
98 95 50
98 96 50
98 97 50
98 99 50
1 t 50
2 t 50
3 t 50
4 t 50
5 t 50
6 t 50
7 t 50
8 t 50
9 t 50
10 t 50
11 t 50
12 t 50
13 t 50
14 t 50
15 t 50
16 t 50
17 t 50
18 t 50
19 t 50
20 t 50
21 t 50
22 t 50
23 t 50
24 t 50
25 t 50
26 t 50
27 t 50
28 t 50
29 t 50
30 t 50
31 t 50
32 t 50
33 t 50
34 t 50
35 t 50
36 t 50
37 t 50
38 t 50
39 t 50
40 t 50
41 t 50
42 t 50
43 t 50
44 t 50
45 t 50
46 t 50
47 t 50
48 t 50
49 t 50
50 t 50
51 t 50
52 t 50
53 t 50
54 t 50
55 t 50
56 t 50
57 t 50
58 t 50
59 t 50
60 t 50
61 t 50
62 t 50
63 t 50
64 t 50
65 t 50
66 t 50
67 t 50
68 t 50
69 t 50
70 t 50
71 t 50
72 t 50
73 t 50
74 t 50
75 t 50
76 t 50
77 t 50
78 t 50
79 t 50
80 t 50
81 t 50
82 t 50
83 t 50
84 t 50
85 t 50
86 t 50
87 t 50
88 t 50
89 t 50
90 t 50
91 t 50
92 t 50
93 t 50
94 t 50
95 t 50
96 t 50
97 t 50
98 t 50
