s 1 332
s 2 311
s 3 444
s 4 417
s 5 456
s 6 500
s 7 462
s 8 311
s 9 280
s 10 278
s 11 480
s 12 412
s 13 359
s 14 447
s 15 261
s 16 400
s 17 452
s 18 304
s 19 309
s 20 414
s 21 372
s 22 367
s 23 301
s 24 421
s 25 365
s 26 352
s 27 486
s 28 406
s 29 401
s 30 498
s 31 403
s 32 371
s 33 492
s 34 387
s 35 471
s 36 335
s 37 455
s 38 475
s 39 345
s 40 253
s 41 489
s 42 498
s 43 407
s 44 499
s 45 471
s 46 261
s 47 310
s 48 277
s 49 367
s 50 359
s 51 319
s 52 404
s 53 349
s 54 338
s 55 385
s 56 390
s 57 284
s 58 290
s 59 379
s 60 500
s 61 458
s 62 458
s 63 390
s 64 274
s 65 493
s 66 496
s 67 474
s 68 276
s 69 453
s 70 260
s 71 471
s 72 431
s 73 312
s 74 310
s 75 266
s 76 389
s 77 365
s 78 427
s 79 494
s 80 390
s 81 304
s 82 317
s 83 264
s 84 314
s 85 260
s 86 309
s 87 284
s 88 256
s 89 498
s 90 259
s 91 498
s 92 252
s 93 366
s 94 471
s 95 358
s 96 483
s 97 298
s 98 497
s 99 370
1 2 269
1 3 457
1 4 331
1 5 415
1 6 469
1 7 491
1 8 498
1 9 278
1 10 499
1 11 495
1 12 392
1 13 344
1 14 344
1 15 308
1 16 286
1 17 267
1 18 486
1 19 334
1 20 279
1 21 253
1 22 343
1 23 305
1 24 378
1 25 444
1 26 498
1 27 453
1 28 298
1 29 490
1 30 471
1 31 455
1 32 308
1 33 453
1 34 376
1 35 271
1 36 435
1 37 413
1 38 434
1 39 381
1 40 262
1 41 436
1 42 413
1 43 398
1 44 442
1 45 496
1 46 485
1 47 444
1 48 379
1 49 284
1 50 440
1 51 426
1 52 477
1 53 452
1 54 437
1 55 394
1 56 340
1 57 441
1 58 480
1 59 280
1 60 416
1 61 343
1 62 346
1 63 429
1 64 478
1 65 487
1 66 289
1 67 326
1 68 304
1 69 420
1 70 393
1 71 259
1 72 332
1 73 487
1 74 420
1 75 431
1 76 417
1 77 366
1 78 392
1 79 287
1 80 320
1 81 460
1 82 366
1 83 399
1 84 283
1 85 471
1 86 464
1 87 468
1 88 364
1 89 341
1 90 258
1 91 463
1 92 402
1 93 381
1 94 254
1 95 465
1 96 371
1 97 497
1 98 397
1 99 426
2 1 269
2 3 498
2 4 441
2 5 281
2 6 250
2 7 370
2 8 377
2 9 312
2 10 311
2 11 266
2 12 365
2 13 277
2 14 491
2 15 280
2 16 368
2 17 438
2 18 265
2 19 251
2 20 342
2 21 373
2 22 298
2 23 356
2 24 340
2 25 399
2 26 464
2 27 400
2 28 496
2 29 484
2 30 316
2 31 404
2 32 402
2 33 457
2 34 368
2 35 363
2 36 291
2 37 400
2 38 325
2 39 334
2 40 260
2 41 365
2 42 371
2 43 336
2 44 451
2 45 334
2 46 325
2 47 351
2 48 395
2 49 399
2 50 251
2 51 384
2 52 291
2 53 416
2 54 333
2 55 348
2 56 371
2 57 340
2 58 278
2 59 407
2 60 378
2 61 392
2 62 444
2 63 442
2 64 490
2 65 470
2 66 432
2 67 340
2 68 435
2 69 350
2 70 296
2 71 275
2 72 418
2 73 367
2 74 268
2 75 483
2 76 461
2 77 492
2 78 443
2 79 383
2 80 430
2 81 346
2 82 339
2 83 388
2 84 344
2 85 356
2 86 341
2 87 451
2 88 323
2 89 358
2 90 359
2 91 275
2 92 388
2 93 454
2 94 401
2 95 297
2 96 355
2 97 298
2 98 359
2 99 267
3 1 457
3 2 498
3 4 451
3 5 273
3 6 396
3 7 336
3 8 431
3 9 343
3 10 397
3 11 306
3 12 343
3 13 375
3 14 459
3 15 448
3 16 463
3 17 490
3 18 355
3 19 449
3 20 261
3 21 480
3 22 322
3 23 388
3 24 380
3 25 318
3 26 431
3 27 351
3 28 440
3 29 338
3 30 431
3 31 424
3 32 291
3 33 373
3 34 261
3 35 320
3 36 321
3 37 347
3 38 400
3 39 492
3 40 448
3 41 395
3 42 496
3 43 453
3 44 312
3 45 355
3 46 274
3 47 358
3 48 480
3 49 472
3 50 335
3 51 279
3 52 308
3 53 458
3 54 379
3 55 322
3 56 300
3 57 498
3 58 288
3 59 378
3 60 479
3 61 468
3 62 499
3 63 371
3 64 287
3 65 370
3 66 408
3 67 329
3 68 413
3 69 280
3 70 403
3 71 314
3 72 270
3 73 279
3 74 292
3 75 354
3 76 449
3 77 430
3 78 476
3 79 257
3 80 457
3 81 353
3 82 442
3 83 260
3 84 360
3 85 380
3 86 282
3 87 419
3 88 329
3 89 344
3 90 360
3 91 363
3 92 391
3 93 292
3 94 409
3 95 311
3 96 287
3 97 364
3 98 486
3 99 375
4 1 331
4 2 441
4 3 451
4 5 334
4 6 371
4 7 266
4 8 477
4 9 470
4 10 381
4 11 326
4 12 283
4 13 465
4 14 387
4 15 380
4 16 322
4 17 349
4 18 341
4 19 283
4 20 285
4 21 472
4 22 475
4 23 331
4 24 461
4 25 490
4 26 448
4 27 326
4 28 389
4 29 313
4 30 431
4 31 498
4 32 277
4 33 488
4 34 330
4 35 498
4 36 431
4 37 500
4 38 372
4 39 277
4 40 335
4 41 257
4 42 329
4 43 370
4 44 468
4 45 320
4 46 414
4 47 323
4 48 407
4 49 401
4 50 321
4 51 291
4 52 457
4 53 326
4 54 352
4 55 456
4 56 343
4 57 360
4 58 271
4 59 303
4 60 456
4 61 394
4 62 404
4 63 463
4 64 471
4 65 452
4 66 483
4 67 265
4 68 418
4 69 371
4 70 488
4 71 480
4 72 258
4 73 266
4 74 470
4 75 484
4 76 278
4 77 475
4 78 368
4 79 378
4 80 424
4 81 414
4 82 309
4 83 496
4 84 474
4 85 299
4 86 373
4 87 489
4 88 350
4 89 316
4 90 378
4 91 407
4 92 443
4 93 253
4 94 406
4 95 255
4 96 394
4 97 411
4 98 355
4 99 369
5 1 415
5 2 281
5 3 273
5 4 334
5 6 491
5 7 412
5 8 487
5 9 466
5 10 474
5 11 267
5 12 416
5 13 271
5 14 343
5 15 318
5 16 383
5 17 258
5 18 307
5 19 336
5 20 266
5 21 342
5 22 261
5 23 389
5 24 500
5 25 444
5 26 433
5 27 258
5 28 448
5 29 493
5 30 305
5 31 334
5 32 365
5 33 256
5 34 497
5 35 363
5 36 267
5 37 455
5 38 421
5 39 405
5 40 452
5 41 347
5 42 283
5 43 358
5 44 314
5 45 348
5 46 367
5 47 415
5 48 292
5 49 411
5 50 325
5 51 287
5 52 470
5 53 434
5 54 283
5 55 250
5 56 251
5 57 443
5 58 480
5 59 472
5 60 335
5 61 349
5 62 262
5 63 329
5 64 493
5 65 261
5 66 281
5 67 421
5 68 481
5 69 343
5 70 344
5 71 290
5 72 268
5 73 490
5 74 293
5 75 414
5 76 455
5 77 257
5 78 308
5 79 499
5 80 419
5 81 348
5 82 466
5 83 428
5 84 368
5 85 499
5 86 334
5 87 436
5 88 333
5 89 473
5 90 443
5 91 490
5 92 295
5 93 448
5 94 269
5 95 252
5 96 405
5 97 421
5 98 404
5 99 286
6 1 469
6 2 250
6 3 396
6 4 371
6 5 491
6 7 477
6 8 256
6 9 281
6 10 251
6 11 306
6 12 426
6 13 263
6 14 436
6 15 279
6 16 335
6 17 394
6 18 340
6 19 292
6 20 294
6 21 440
6 22 376
6 23 300
6 24 316
6 25 359
6 26 398
6 27 378
6 28 424
6 29 397
6 30 399
6 31 262
6 32 250
6 33 305
6 34 323
6 35 259
6 36 315
6 37 312
6 38 391
6 39 374
6 40 363
6 41 351
6 42 438
6 43 473
6 44 361
6 45 420
6 46 405
6 47 484
6 48 295
6 49 362
6 50 487
6 51 297
6 52 456
6 53 441
6 54 290
6 55 260
6 56 398
6 57 472
6 58 408
6 59 349
6 60 381
6 61 410
6 62 267
6 63 455
6 64 463
6 65 257
6 66 451
6 67 332
6 68 426
6 69 438
6 70 364
6 71 405
6 72 482
6 73 306
6 74 254
6 75 268
6 76 400
6 77 495
6 78 426
6 79 263
6 80 437
6 81 408
6 82 256
6 83 378
6 84 405
6 85 265
6 86 367
6 87 476
6 88 376
6 89 256
6 90 290
6 91 382
6 92 326
6 93 439
6 94 266
6 95 380
6 96 413
6 97 432
6 98 269
6 99 471
7 1 491
7 2 370
7 3 336
7 4 266
7 5 412
7 6 477
7 8 419
7 9 417
7 10 476
7 11 453
7 12 354
7 13 255
7 14 348
7 15 281
7 16 372
7 17 427
7 18 362
7 19 416
7 20 319
7 21 440
7 22 467
7 23 348
7 24 343
7 25 250
7 26 310
7 27 455
7 28 256
7 29 417
7 30 497
7 31 405
7 32 286
7 33 441
7 34 294
7 35 270
7 36 427
7 37 341
7 38 462
7 39 450
7 40 447
7 41 313
7 42 343
7 43 368
7 44 475
7 45 361
7 46 281
7 47 357
7 48 320
7 49 355
7 50 457
7 51 315
7 52 382
7 53 279
7 54 311
7 55 337
7 56 422
7 57 459
7 58 493
7 59 359
7 60 382
7 61 300
7 62 409
7 63 442
7 64 452
7 65 499
7 66 354
7 67 355
7 68 392
7 69 256
7 70 384
7 71 300
7 72 405
7 73 490
7 74 367
7 75 434
7 76 285
7 77 320
7 78 468
7 79 414
7 80 405
7 81 448
7 82 254
7 83 395
7 84 469
7 85 476
7 86 457
7 87 273
7 88 431
7 89 297
7 90 499
7 91 392
7 92 340
7 93 289
7 94 317
7 95 458
7 96 425
7 97 470
7 98 492
7 99 394
8 1 498
8 2 377
8 3 431
8 4 477
8 5 487
8 6 256
8 7 419
8 9 394
8 10 344
8 11 364
8 12 252
8 13 447
8 14 362
8 15 299
8 16 378
8 17 479
8 18 264
8 19 368
8 20 490
8 21 458
8 22 348
8 23 255
8 24 481
8 25 343
8 26 332
8 27 290
8 28 371
8 29 498
8 30 451
8 31 492
8 32 407
8 33 308
8 34 254
8 35 322
8 36 318
8 37 441
8 38 348
8 39 433
8 40 398
8 41 274
8 42 429
8 43 474
8 44 332
8 45 440
8 46 477
8 47 354
8 48 358
8 49 376
8 50 462
8 51 498
8 52 485
8 53 324
8 54 395
8 55 443
8 56 389
8 57 446
8 58 461
8 59 330
8 60 349
8 61 378
8 62 490
8 63 410
8 64 334
8 65 481
8 66 305
8 67 443
8 68 286
8 69 473
8 70 325
8 71 463
8 72 253
8 73 328
8 74 299
8 75 290
8 76 435
8 77 453
8 78 488
8 79 333
8 80 282
8 81 339
8 82 343
8 83 252
8 84 465
8 85 443
8 86 320
8 87 467
8 88 320
8 89 370
8 90 321
8 91 278
8 92 405
8 93 410
8 94 304
8 95 285
8 96 257
8 97 374
8 98 349
8 99 422
9 1 278
9 2 312
9 3 343
9 4 470
9 5 466
9 6 281
9 7 417
9 8 394
9 10 265
9 11 426
9 12 321
9 13 439
9 14 277
9 15 438
9 16 443
9 17 268
9 18 376
9 19 425
9 20 379
9 21 289
9 22 305
9 23 386
9 24 298
9 25 252
9 26 272
9 27 251
9 28 295
9 29 273
9 30 446
9 31 409
9 32 406
9 33 311
9 34 350
9 35 430
9 36 396
9 37 466
9 38 259
9 39 324
9 40 344
9 41 439
9 42 385
9 43 286
9 44 276
9 45 499
9 46 367
9 47 323
9 48 381
9 49 397
9 50 489
9 51 298
9 52 285
9 53 322
9 54 340
9 55 397
9 56 348
9 57 490
9 58 466
9 59 338
9 60 400
9 61 390
9 62 358
9 63 439
9 64 461
9 65 434
9 66 321
9 67 453
9 68 427
9 69 454
9 70 477
9 71 379
9 72 406
9 73 282
9 74 406
9 75 486
9 76 285
9 77 317
9 78 386
9 79 489
9 80 382
9 81 359
9 82 437
9 83 278
9 84 368
9 85 367
9 86 442
9 87 469
9 88 258
9 89 433
9 90 476
9 91 422
9 92 356
9 93 337
9 94 388
9 95 363
9 96 428
9 97 462
9 98 334
9 99 340
10 1 499
10 2 311
10 3 397
10 4 381
10 5 474
10 6 251
10 7 476
10 8 344
10 9 265
10 11 450
10 12 337
10 13 291
10 14 371
10 15 343
10 16 480
10 17 271
10 18 390
10 19 436
10 20 324
10 21 340
10 22 490
10 23 390
10 24 272
10 25 375
10 26 424
10 27 281
10 28 346
10 29 266
10 30 480
10 31 430
10 32 317
10 33 371
10 34 444
10 35 445
10 36 456
10 37 377
10 38 483
10 39 362
10 40 373
10 41 481
10 42 357
10 43 263
10 44 334
10 45 425
10 46 458
10 47 335
10 48 258
10 49 356
10 50 464
10 51 482
10 52 284
10 53 289
10 54 428
10 55 272
10 56 381
10 57 487
10 58 375
10 59 326
10 60 447
10 61 392
10 62 495
10 63 275
10 64 261
10 65 451
10 66 315
10 67 388
10 68 411
10 69 351
10 70 459
10 71 500
10 72 341
10 73 282
10 74 384
10 75 264
10 76 498
10 77 362
10 78 330
10 79 328
10 80 348
10 81 483
10 82 301
10 83 344
10 84 451
10 85 348
10 86 284
10 87 345
10 88 451
10 89 401
10 90 280
10 91 325
10 92 458
10 93 346
10 94 253
10 95 451
10 96 378
10 97 309
10 98 452
10 99 390
11 1 495
11 2 266
11 3 306
11 4 326
11 5 267
11 6 306
11 7 453
11 8 364
11 9 426
11 10 450
11 12 496
11 13 342
11 14 411
11 15 482
11 16 283
11 17 428
11 18 346
11 19 357
11 20 276
11 21 290
11 22 453
11 23 308
11 24 368
11 25 454
11 26 387
11 27 339
11 28 464
11 29 319
11 30 490
11 31 286
11 32 358
11 33 487
11 34 355
11 35 364
11 36 408
11 37 383
11 38 308
11 39 365
11 40 349
11 41 255
11 42 468
11 43 281
11 44 367
11 45 375
11 46 411
11 47 251
11 48 326
11 49 490
11 50 362
11 51 371
11 52 310
11 53 312
11 54 369
11 55 268
11 56 285
11 57 353
11 58 297
11 59 274
11 60 385
11 61 339
11 62 309
11 63 252
11 64 274
11 65 418
11 66 408
11 67 494
11 68 269
11 69 384
11 70 253
11 71 430
11 72 486
11 73 429
11 74 471
11 75 396
11 76 373
11 77 343
11 78 296
11 79 464
11 80 346
11 81 451
11 82 408
11 83 266
11 84 447
11 85 298
11 86 255
11 87 396
11 88 481
11 89 411
11 90 377
11 91 348
11 92 298
11 93 278
11 94 413
11 95 383
11 96 405
11 97 486
11 98 412
11 99 326
12 1 392
12 2 365
12 3 343
12 4 283
12 5 416
12 6 426
12 7 354
12 8 252
12 9 321
12 10 337
12 11 496
12 13 266
12 14 330
12 15 468
12 16 418
12 17 432
12 18 288
12 19 390
12 20 462
12 21 270
12 22 293
12 23 268
12 24 443
12 25 308
12 26 478
12 27 466
12 28 371
12 29 306
12 30 392
12 31 311
12 32 277
12 33 253
12 34 284
12 35 475
12 36 413
12 37 333
12 38 359
12 39 277
12 40 343
12 41 260
12 42 487
12 43 436
12 44 448
12 45 449
12 46 342
12 47 268
12 48 398
12 49 251
12 50 354
12 51 346
12 52 495
12 53 341
12 54 486
12 55 358
12 56 357
12 57 500
12 58 369
12 59 492
12 60 395
12 61 380
12 62 272
12 63 458
12 64 457
12 65 489
12 66 320
12 67 415
12 68 412
12 69 467
12 70 257
12 71 490
12 72 478
12 73 303
12 74 425
12 75 497
12 76 474
12 77 430
12 78 462
12 79 269
12 80 309
12 81 263
12 82 370
12 83 353
12 84 329
12 85 329
12 86 358
12 87 366
12 88 294
12 89 295
12 90 483
12 91 496
12 92 275
12 93 433
12 94 448
12 95 488
12 96 427
12 97 328
12 98 434
12 99 342
13 1 344
13 2 277
13 3 375
13 4 465
13 5 271
13 6 263
13 7 255
13 8 447
13 9 439
13 10 291
13 11 342
13 12 266
13 14 254
13 15 307
13 16 429
13 17 413
13 18 320
13 19 310
13 20 478
13 21 380
13 22 301
13 23 386
13 24 329
13 25 331
13 26 356
13 27 449
13 28 307
13 29 459
13 30 392
13 31 343
13 32 444
13 33 496
13 34 379
13 35 267
13 36 376
13 37 382
13 38 260
13 39 371
13 40 373
13 41 293
13 42 440
13 43 268
13 44 278
13 45 472
13 46 424
13 47 269
13 48 491
13 49 364
13 50 297
13 51 296
13 52 466
13 53 462
13 54 326
13 55 406
13 56 417
13 57 464
13 58 348
13 59 437
13 60 279
13 61 453
13 62 498
13 63 265
13 64 467
13 65 440
13 66 298
13 67 260
13 68 460
13 69 451
13 70 499
13 71 353
13 72 280
13 73 398
13 74 481
13 75 431
13 76 330
13 77 480
13 78 381
13 79 489
13 80 383
13 81 460
13 82 445
13 83 407
13 84 269
13 85 486
13 86 399
13 87 419
13 88 329
13 89 392
13 90 360
13 91 293
13 92 406
13 93 327
13 94 261
13 95 265
13 96 366
13 97 304
13 98 346
13 99 309
14 1 344
14 2 491
14 3 459
14 4 387
14 5 343
14 6 436
14 7 348
14 8 362
14 9 277
14 10 371
14 11 411
14 12 330
14 13 254
14 15 493
14 16 365
14 17 299
14 18 369
14 19 452
14 20 388
14 21 497
14 22 454
14 23 420
14 24 425
14 25 413
14 26 382
14 27 455
14 28 497
14 29 402
14 30 498
14 31 440
14 32 289
14 33 442
14 34 474
14 35 291
14 36 440
14 37 283
14 38 263
14 39 303
14 40 432
14 41 335
14 42 423
14 43 383
14 44 352
14 45 398
14 46 404
14 47 348
14 48 271
14 49 348
14 50 361
14 51 414
14 52 404
14 53 492
14 54 308
14 55 464
14 56 295
14 57 325
14 58 436
14 59 405
14 60 414
14 61 483
14 62 427
14 63 441
14 64 488
14 65 384
14 66 406
14 67 469
14 68 464
14 69 384
14 70 336
14 71 254
14 72 253
14 73 462
14 74 336
14 75 398
14 76 452
14 77 399
14 78 276
14 79 433
14 80 381
14 81 276
14 82 402
14 83 307
14 84 406
14 85 494
14 86 425
14 87 269
14 88 349
14 89 398
14 90 402
14 91 386
14 92 428
14 93 381
14 94 355
14 95 401
14 96 459
14 97 291
14 98 415
14 99 455
15 1 308
15 2 280
15 3 448
15 4 380
15 5 318
15 6 279
15 7 281
15 8 299
15 9 438
15 10 343
15 11 482
15 12 468
15 13 307
15 14 493
15 16 342
15 17 486
15 18 368
15 19 383
15 20 402
15 21 350
15 22 292
15 23 311
15 24 304
15 25 397
15 26 472
15 27 433
15 28 461
15 29 495
15 30 267
15 31 304
15 32 424
15 33 254
15 34 426
15 35 434
15 36 330
15 37 372
15 38 468
15 39 407
15 40 374
15 41 342
15 42 375
15 43 438
15 44 497
15 45 458
15 46 351
15 47 283
15 48 452
15 49 434
15 50 405
15 51 393
15 52 262
15 53 421
15 54 283
15 55 439
15 56 412
15 57 411
15 58 391
15 59 277
15 60 409
15 61 317
15 62 253
15 63 328
15 64 465
15 65 338
15 66 484
15 67 364
15 68 343
15 69 439
15 70 261
15 71 403
15 72 463
15 73 280
15 74 275
15 75 481
15 76 265
15 77 439
15 78 469
15 79 368
15 80 343
15 81 353
15 82 337
15 83 300
15 84 253
15 85 260
15 86 275
15 87 263
15 88 472
15 89 349
15 90 483
15 91 378
15 92 492
15 93 488
15 94 406
15 95 327
15 96 285
15 97 431
15 98 288
15 99 451
16 1 286
16 2 368
16 3 463
16 4 322
16 5 383
16 6 335
16 7 372
16 8 378
16 9 443
16 10 480
16 11 283
16 12 418
16 13 429
16 14 365
16 15 342
16 17 362
16 18 467
16 19 409
16 20 401
16 21 438
16 22 358
16 23 337
16 24 364
16 25 347
16 26 416
16 27 388
16 28 327
16 29 450
16 30 322
16 31 279
16 32 298
16 33 412
16 34 442
16 35 261
16 36 443
16 37 310
16 38 309
16 39 276
16 40 500
16 41 280
16 42 479
16 43 481
16 44 281
16 45 315
16 46 289
16 47 445
16 48 250
16 49 403
16 50 274
16 51 485
16 52 498
16 53 399
16 54 263
16 55 489
16 56 474
16 57 404
16 58 326
16 59 277
16 60 499
16 61 428
16 62 459
16 63 366
16 64 427
16 65 356
16 66 299
16 67 440
16 68 426
16 69 372
16 70 379
16 71 266
16 72 432
16 73 389
16 74 264
16 75 312
16 76 323
16 77 257
16 78 349
16 79 367
16 80 443
16 81 498
16 82 412
16 83 441
16 84 413
16 85 331
16 86 261
16 87 380
16 88 298
16 89 257
16 90 308
16 91 497
16 92 398
16 93 421
16 94 492
16 95 343
16 96 495
16 97 319
16 98 443
16 99 367
17 1 267
17 2 438
17 3 490
17 4 349
17 5 258
17 6 394
17 7 427
17 8 479
17 9 268
17 10 271
17 11 428
17 12 432
17 13 413
17 14 299
17 15 486
17 16 362
17 18 396
17 19 315
17 20 253
17 21 378
17 22 347
17 23 401
17 24 491
17 25 304
17 26 478
17 27 279
17 28 297
17 29 274
17 30 473
17 31 350
17 32 275
17 33 382
17 34 437
17 35 307
17 36 384
17 37 455
17 38 403
17 39 388
17 40 488
17 41 320
17 42 484
17 43 322
17 44 431
17 45 367
17 46 378
17 47 492
17 48 303
17 49 488
17 50 309
17 51 339
17 52 413
17 53 474
17 54 316
17 55 356
17 56 436
17 57 440
17 58 251
17 59 378
17 60 473
17 61 449
17 62 350
17 63 423
17 64 437
17 65 440
17 66 381
17 67 270
17 68 261
17 69 479
17 70 367
17 71 348
17 72 386
17 73 330
17 74 252
17 75 400
17 76 331
17 77 360
17 78 386
17 79 255
17 80 408
17 81 387
17 82 332
17 83 448
17 84 494
17 85 381
17 86 412
17 87 287
17 88 424
17 89 292
17 90 289
17 91 468
17 92 358
17 93 337
17 94 396
17 95 301
17 96 306
17 97 415
17 98 350
17 99 421
18 1 486
18 2 265
18 3 355
18 4 341
18 5 307
18 6 340
18 7 362
18 8 264
18 9 376
18 10 390
18 11 346
18 12 288
18 13 320
18 14 369
18 15 368
18 16 467
18 17 396
18 19 285
18 20 267
18 21 334
18 22 348
18 23 422
18 24 318
18 25 452
18 26 420
18 27 437
18 28 326
18 29 295
18 30 465
18 31 305
18 32 480
18 33 316
18 34 301
18 35 405
18 36 332
18 37 392
18 38 265
18 39 399
18 40 494
18 41 445
18 42 387
18 43 478
18 44 286
18 45 443
18 46 401
18 47 368
18 48 485
18 49 417
18 50 251
18 51 352
18 52 372
18 53 409
18 54 260
18 55 475
18 56 471
18 57 426
18 58 320
18 59 396
18 60 469
18 61 409
18 62 391
18 63 288
18 64 362
18 65 279
18 66 388
18 67 459
18 68 488
18 69 412
18 70 253
18 71 466
18 72 460
18 73 468
18 74 372
18 75 440
18 76 381
18 77 356
18 78 370
18 79 392
18 80 281
18 81 410
18 82 438
18 83 311
18 84 398
18 85 283
18 86 482
18 87 467
18 88 328
18 89 338
18 90 380
18 91 480
18 92 455
18 93 343
18 94 314
18 95 278
18 96 350
18 97 439
18 98 473
18 99 293
19 1 334
19 2 251
19 3 449
19 4 283
19 5 336
19 6 292
19 7 416
19 8 368
19 9 425
19 10 436
19 11 357
19 12 390
19 13 310
19 14 452
19 15 383
19 16 409
19 17 315
19 18 285
19 20 377
19 21 321
19 22 319
19 23 274
19 24 498
19 25 364
19 26 401
19 27 445
19 28 285
19 29 269
19 30 448
19 31 404
19 32 414
19 33 424
19 34 377
19 35 300
19 36 342
19 37 453
19 38 459
19 39 273
19 40 277
19 41 342
19 42 321
19 43 261
19 44 487
19 45 271
19 46 294
19 47 363
19 48 491
19 49 435
19 50 495
19 51 390
19 52 480
19 53 480
19 54 486
19 55 302
19 56 366
19 57 252
19 58 367
19 59 434
19 60 440
19 61 330
19 62 483
19 63 304
19 64 250
19 65 447
19 66 449
19 67 355
19 68 254
19 69 369
19 70 259
19 71 391
19 72 495
19 73 431
19 74 273
19 75 474
19 76 451
19 77 269
19 78 457
19 79 443
19 80 395
19 81 294
19 82 351
19 83 373
19 84 293
19 85 284
19 86 314
19 87 421
19 88 280
19 89 319
19 90 315
19 91 344
19 92 315
19 93 267
19 94 274
19 95 451
19 96 494
19 97 451
19 98 494
19 99 417
20 1 279
20 2 342
20 3 261
20 4 285
20 5 266
20 6 294
20 7 319
20 8 490
20 9 379
20 10 324
20 11 276
20 12 462
20 13 478
20 14 388
20 15 402
20 16 401
20 17 253
20 18 267
20 19 377
20 21 288
20 22 287
20 23 445
20 24 379
20 25 362
20 26 299
20 27 481
20 28 275
20 29 443
20 30 374
20 31 463
20 32 473
20 33 402
20 34 331
20 35 394
20 36 403
20 37 343
20 38 291
20 39 379
20 40 492
20 41 303
20 42 345
20 43 261
20 44 428
20 45 410
20 46 423
20 47 432
20 48 442
20 49 478
20 50 295
20 51 331
20 52 268
20 53 459
20 54 380
20 55 347
20 56 360
20 57 476
20 58 459
20 59 327
20 60 438
20 61 302
20 62 495
20 63 494
20 64 361
20 65 325
20 66 284
20 67 316
20 68 417
20 69 439
20 70 347
20 71 399
20 72 355
20 73 380
20 74 379
20 75 256
20 76 436
20 77 424
20 78 417
20 79 315
20 80 494
20 81 434
20 82 338
20 83 488
20 84 460
20 85 285
20 86 404
20 87 338
20 88 491
20 89 289
20 90 294
20 91 460
20 92 500
20 93 278
20 94 405
20 95 284
20 96 296
20 97 471
20 98 473
20 99 479
21 1 253
21 2 373
21 3 480
21 4 472
21 5 342
21 6 440
21 7 440
21 8 458
21 9 289
21 10 340
21 11 290
21 12 270
21 13 380
21 14 497
21 15 350
21 16 438
21 17 378
21 18 334
21 19 321
21 20 288
21 22 275
21 23 493
21 24 442
21 25 457
21 26 373
21 27 426
21 28 493
21 29 470
21 30 425
21 31 487
21 32 326
21 33 270
21 34 326
21 35 297
21 36 369
21 37 333
21 38 288
21 39 379
21 40 333
21 41 394
21 42 434
21 43 490
21 44 303
21 45 294
21 46 294
21 47 455
21 48 337
21 49 443
21 50 397
21 51 352
21 52 477
21 53 405
21 54 262
21 55 273
21 56 456
21 57 500
21 58 408
21 59 386
21 60 438
21 61 458
21 62 361
21 63 309
21 64 389
21 65 276
21 66 457
21 67 472
21 68 360
21 69 382
21 70 433
21 71 313
21 72 482
21 73 251
21 74 344
21 75 260
21 76 354
21 77 263
21 78 372
21 79 358
21 80 417
21 81 293
21 82 428
21 83 437
21 84 351
21 85 323
21 86 288
21 87 354
21 88 362
21 89 366
21 90 292
21 91 412
21 92 302
21 93 272
21 94 291
21 95 397
21 96 269
21 97 472
21 98 448
21 99 450
22 1 343
22 2 298
22 3 322
22 4 475
22 5 261
22 6 376
22 7 467
22 8 348
22 9 305
22 10 490
22 11 453
22 12 293
22 13 301
22 14 454
22 15 292
22 16 358
22 17 347
22 18 348
22 19 319
22 20 287
22 21 275
22 23 421
22 24 497
22 25 415
22 26 367
22 27 388
22 28 438
22 29 250
22 30 332
22 31 493
22 32 423
22 33 477
22 34 465
22 35 318
22 36 271
22 37 467
22 38 455
22 39 487
22 40 383
22 41 399
22 42 352
22 43 406
22 44 287
22 45 496
22 46 309
22 47 464
22 48 302
22 49 381
22 50 313
22 51 361
22 52 423
22 53 485
22 54 476
22 55 457
22 56 302
22 57 390
22 58 476
22 59 413
22 60 394
22 61 254
22 62 480
22 63 394
22 64 306
22 65 305
22 66 320
22 67 383
22 68 470
22 69 308
22 70 312
22 71 433
22 72 289
22 73 296
22 74 378
22 75 410
22 76 453
22 77 407
22 78 491
22 79 350
22 80 459
22 81 373
22 82 492
22 83 389
22 84 419
22 85 294
22 86 342
22 87 455
22 88 337
22 89 262
22 90 259
22 91 309
22 92 340
22 93 313
22 94 382
22 95 494
22 96 408
22 97 316
22 98 377
22 99 283
23 1 305
23 2 356
23 3 388
23 4 331
23 5 389
23 6 300
23 7 348
23 8 255
23 9 386
23 10 390
23 11 308
23 12 268
23 13 386
23 14 420
23 15 311
23 16 337
23 17 401
23 18 422
23 19 274
23 20 445
23 21 493
23 22 421
23 24 405
23 25 339
23 26 435
23 27 324
23 28 364
23 29 346
23 30 282
23 31 371
23 32 393
23 33 367
23 34 257
23 35 359
23 36 479
23 37 304
23 38 421
23 39 497
23 40 297
23 41 457
23 42 311
23 43 473
23 44 410
23 45 335
23 46 445
23 47 332
23 48 422
23 49 337
23 50 489
23 51 257
23 52 446
23 53 317
23 54 308
23 55 315
23 56 464
23 57 389
23 58 466
23 59 439
23 60 471
23 61 416
23 62 406
23 63 321
23 64 414
23 65 320
23 66 456
23 67 287
23 68 434
23 69 467
23 70 319
23 71 388
23 72 271
23 73 421
23 74 426
23 75 392
23 76 429
23 77 452
23 78 348
23 79 341
23 80 287
23 81 384
23 82 475
23 83 441
23 84 336
23 85 297
23 86 481
23 87 253
23 88 292
23 89 426
23 90 400
23 91 368
23 92 409
23 93 386
23 94 318
23 95 336
23 96 278
23 97 281
23 98 410
23 99 477
24 1 378
24 2 340
24 3 380
24 4 461
24 5 500
24 6 316
24 7 343
24 8 481
24 9 298
24 10 272
24 11 368
24 12 443
24 13 329
24 14 425
24 15 304
24 16 364
24 17 491
24 18 318
24 19 498
24 20 379
24 21 442
24 22 497
24 23 405
24 25 307
24 26 464
24 27 483
24 28 302
24 29 354
24 30 365
24 31 361
24 32 364
24 33 332
24 34 491
24 35 335
24 36 478
24 37 324
24 38 333
24 39 307
24 40 368
24 41 322
24 42 343
24 43 418
24 44 279
24 45 311
24 46 356
24 47 316
24 48 311
24 49 257
24 50 369
24 51 328
24 52 451
24 53 331
24 54 362
24 55 471
24 56 472
24 57 389
24 58 484
24 59 251
24 60 322
24 61 429
24 62 439
24 63 309
24 64 335
24 65 292
24 66 303
24 67 333
24 68 340
24 69 262
24 70 490
24 71 495
24 72 265
24 73 362
24 74 304
24 75 340
24 76 383
24 77 316
24 78 294
24 79 483
24 80 308
24 81 362
24 82 352
24 83 406
24 84 400
24 85 416
24 86 479
24 87 283
24 88 326
24 89 493
24 90 407
24 91 355
24 92 446
24 93 388
24 94 293
24 95 404
24 96 333
24 97 389
24 98 294
24 99 436
25 1 444
25 2 399
25 3 318
25 4 490
25 5 444
25 6 359
25 7 250
25 8 343
25 9 252
25 10 375
25 11 454
25 12 308
25 13 331
25 14 413
25 15 397
25 16 347
25 17 304
25 18 452
25 19 364
25 20 362
25 21 457
25 22 415
25 23 339
25 24 307
25 26 371
25 27 429
25 28 413
25 29 379
25 30 484
25 31 435
25 32 410
25 33 391
25 34 297
25 35 431
25 36 257
25 37 384
25 38 464
25 39 330
25 40 278
25 41 495
25 42 261
25 43 500
25 44 309
25 45 424
25 46 421
25 47 316
25 48 317
25 49 345
25 50 479
25 51 434
25 52 369
25 53 477
25 54 445
25 55 326
25 56 335
25 57 454
25 58 487
25 59 255
25 60 477
25 61 336
25 62 329
25 63 484
25 64 399
25 65 448
25 66 339
25 67 273
25 68 305
25 69 414
25 70 281
25 71 304
25 72 330
25 73 434
25 74 250
25 75 325
25 76 381
25 77 492
25 78 379
25 79 351
25 80 471
25 81 421
25 82 267
25 83 386
25 84 455
25 85 428
25 86 447
25 87 354
25 88 320
25 89 484
25 90 286
25 91 311
25 92 480
25 93 420
25 94 372
25 95 386
25 96 466
25 97 416
25 98 400
25 99 367
26 1 498
26 2 464
26 3 431
26 4 448
26 5 433
26 6 398
26 7 310
26 8 332
26 9 272
26 10 424
26 11 387
26 12 478
26 13 356
26 14 382
26 15 472
26 16 416
26 17 478
26 18 420
26 19 401
26 20 299
26 21 373
26 22 367
26 23 435
26 24 464
26 25 371
26 27 443
26 28 261
26 29 397
26 30 492
26 31 402
26 32 459
26 33 471
26 34 350
26 35 327
26 36 394
26 37 418
26 38 457
26 39 412
26 40 421
26 41 499
26 42 338
26 43 287
26 44 302
26 45 299
26 46 484
26 47 421
26 48 483
26 49 383
26 50 333
26 51 359
26 52 422
26 53 464
26 54 384
26 55 470
26 56 302
26 57 294
26 58 312
26 59 276
26 60 453
26 61 401
26 62 472
26 63 422
26 64 375
26 65 500
26 66 270
26 67 348
26 68 470
26 69 489
26 70 283
26 71 446
26 72 374
26 73 456
26 74 372
26 75 391
26 76 415
26 77 302
26 78 283
26 79 309
26 80 494
26 81 261
26 82 403
26 83 449
26 84 388
26 85 358
26 86 418
26 87 465
26 88 468
26 89 302
26 90 266
26 91 291
26 92 328
26 93 366
26 94 315
26 95 466
26 96 294
26 97 440
26 98 440
26 99 341
27 1 453
27 2 400
27 3 351
27 4 326
27 5 258
27 6 378
27 7 455
27 8 290
27 9 251
27 10 281
27 11 339
27 12 466
27 13 449
27 14 455
27 15 433
27 16 388
27 17 279
27 18 437
27 19 445
27 20 481
27 21 426
27 22 388
27 23 324
27 24 483
27 25 429
27 26 443
27 28 347
27 29 296
27 30 358
27 31 482
27 32 469
27 33 353
27 34 320
27 35 278
27 36 430
27 37 305
27 38 353
27 39 251
27 40 312
27 41 367
27 42 446
27 43 278
27 44 363
27 45 378
27 46 486
27 47 488
27 48 271
27 49 338
27 50 378
27 51 402
27 52 317
27 53 292
27 54 368
27 55 341
27 56 251
27 57 304
27 58 463
27 59 352
27 60 275
27 61 414
27 62 471
27 63 430
27 64 461
27 65 318
27 66 405
27 67 471
27 68 497
27 69 371
27 70 432
27 71 308
27 72 433
27 73 355
27 74 497
27 75 438
27 76 381
27 77 340
27 78 322
27 79 422
27 80 332
27 81 368
27 82 335
27 83 426
27 84 315
27 85 388
27 86 271
27 87 441
27 88 377
27 89 358
27 90 412
27 91 265
27 92 257
27 93 274
27 94 464
27 95 288
27 96 383
27 97 372
27 98 279
27 99 419
28 1 298
28 2 496
28 3 440
28 4 389
28 5 448
28 6 424
28 7 256
28 8 371
28 9 295
28 10 346
28 11 464
28 12 371
28 13 307
28 14 497
28 15 461
28 16 327
28 17 297
28 18 326
28 19 285
28 20 275
28 21 493
28 22 438
28 23 364
28 24 302
28 25 413
28 26 261
28 27 347
28 29 260
28 30 272
28 31 493
28 32 465
28 33 360
28 34 447
28 35 402
28 36 384
28 37 453
28 38 300
28 39 319
28 40 429
28 41 258
28 42 316
28 43 375
28 44 269
28 45 259
28 46 299
28 47 345
28 48 399
28 49 255
28 50 491
28 51 417
28 52 442
28 53 343
28 54 268
28 55 442
28 56 399
28 57 302
28 58 441
28 59 461
28 60 253
28 61 266
28 62 305
28 63 483
28 64 485
28 65 402
28 66 378
28 67 437
28 68 467
28 69 373
28 70 425
28 71 441
28 72 458
28 73 353
28 74 435
28 75 467
28 76 415
28 77 287
28 78 450
28 79 270
28 80 385
28 81 350
28 82 411
28 83 317
28 84 340
28 85 337
28 86 269
28 87 458
28 88 399
28 89 264
28 90 251
28 91 477
28 92 319
28 93 351
28 94 484
28 95 480
28 96 453
28 97 382
28 98 273
28 99 268
29 1 490
29 2 484
29 3 338
29 4 313
29 5 493
29 6 397
29 7 417
29 8 498
29 9 273
29 10 266
29 11 319
29 12 306
29 13 459
29 14 402
29 15 495
29 16 450
29 17 274
29 18 295
29 19 269
29 20 443
29 21 470
29 22 250
29 23 346
29 24 354
29 25 379
29 26 397
29 27 296
29 28 260
29 30 385
29 31 305
29 32 418
29 33 307
29 34 442
29 35 357
29 36 453
29 37 450
29 38 426
29 39 407
29 40 341
29 41 493
29 42 264
29 43 358
29 44 453
29 45 364
29 46 457
29 47 495
29 48 268
29 49 491
29 50 338
29 51 345
29 52 305
29 53 400
29 54 330
29 55 474
29 56 383
29 57 376
29 58 415
29 59 402
29 60 486
29 61 478
29 62 303
29 63 396
29 64 290
29 65 482
29 66 328
29 67 421
29 68 380
29 69 296
29 70 451
29 71 382
29 72 426
29 73 385
29 74 331
29 75 318
29 76 433
29 77 304
29 78 389
29 79 313
29 80 383
29 81 269
29 82 368
29 83 261
29 84 489
29 85 348
29 86 271
29 87 377
29 88 362
29 89 465
29 90 269
29 91 269
29 92 483
29 93 496
29 94 400
29 95 421
29 96 351
29 97 342
29 98 298
29 99 483
30 1 471
30 2 316
30 3 431
30 4 431
30 5 305
30 6 399
30 7 497
30 8 451
30 9 446
30 10 480
30 11 490
30 12 392
30 13 392
30 14 498
30 15 267
30 16 322
30 17 473
30 18 465
30 19 448
30 20 374
30 21 425
30 22 332
30 23 282
30 24 365
30 25 484
30 26 492
30 27 358
30 28 272
30 29 385
30 31 286
30 32 254
30 33 427
30 34 440
30 35 349
30 36 309
30 37 286
30 38 464
30 39 373
30 40 455
30 41 333
30 42 427
30 43 273
30 44 394
30 45 287
30 46 473
30 47 276
30 48 310
30 49 466
30 50 487
30 51 294
30 52 316
30 53 374
30 54 412
30 55 260
30 56 383
30 57 250
30 58 378
30 59 354
30 60 430
30 61 498
30 62 257
30 63 412
30 64 366
30 65 276
30 66 315
30 67 433
30 68 368
30 69 470
30 70 336
30 71 418
30 72 405
30 73 257
30 74 373
30 75 253
30 76 432
30 77 402
30 78 331
30 79 423
30 80 307
30 81 386
30 82 381
30 83 320
30 84 500
30 85 286
30 86 338
30 87 445
30 88 358
30 89 292
30 90 314
30 91 254
30 92 481
30 93 467
30 94 496
30 95 389
30 96 317
30 97 313
30 98 442
30 99 284
31 1 455
31 2 404
31 3 424
31 4 498
31 5 334
31 6 262
31 7 405
31 8 492
31 9 409
31 10 430
31 11 286
31 12 311
31 13 343
31 14 440
31 15 304
31 16 279
31 17 350
31 18 305
31 19 404
31 20 463
31 21 487
31 22 493
31 23 371
31 24 361
31 25 435
31 26 402
31 27 482
31 28 493
31 29 305
31 30 286
31 32 378
31 33 474
31 34 371
31 35 342
31 36 455
31 37 282
31 38 306
31 39 312
31 40 426
31 41 436
31 42 419
31 43 326
31 44 389
31 45 344
31 46 263
31 47 414
31 48 324
31 49 343
31 50 325
31 51 397
31 52 302
31 53 471
31 54 284
31 55 420
31 56 451
31 57 451
31 58 306
31 59 413
31 60 266
31 61 328
31 62 459
31 63 280
31 64 463
31 65 374
31 66 268
31 67 269
31 68 440
31 69 408
31 70 415
31 71 383
31 72 255
31 73 255
31 74 428
31 75 380
31 76 337
31 77 455
31 78 319
31 79 401
31 80 378
31 81 314
31 82 349
31 83 330
31 84 424
31 85 299
31 86 293
31 87 332
31 88 482
31 89 285
31 90 425
31 91 333
31 92 338
31 93 440
31 94 251
31 95 406
31 96 379
31 97 472
31 98 388
31 99 352
32 1 308
32 2 402
32 3 291
32 4 277
32 5 365
32 6 250
32 7 286
32 8 407
32 9 406
32 10 317
32 11 358
32 12 277
32 13 444
32 14 289
32 15 424
32 16 298
32 17 275
32 18 480
32 19 414
32 20 473
32 21 326
32 22 423
32 23 393
32 24 364
32 25 410
32 26 459
32 27 469
32 28 465
32 29 418
32 30 254
32 31 378
32 33 478
32 34 261
32 35 285
32 36 472
32 37 417
32 38 392
32 39 291
32 40 425
32 41 254
32 42 309
32 43 428
32 44 498
32 45 272
32 46 449
32 47 427
32 48 375
32 49 350
32 50 413
32 51 366
32 52 496
32 53 339
32 54 358
32 55 486
32 56 331
32 57 457
32 58 442
32 59 260
32 60 423
32 61 261
32 62 404
32 63 430
32 64 467
32 65 406
32 66 262
32 67 271
32 68 331
32 69 466
32 70 498
32 71 360
32 72 384
32 73 320
32 74 490
32 75 284
32 76 280
32 77 493
32 78 478
32 79 449
32 80 266
32 81 263
32 82 336
32 83 297
32 84 458
32 85 298
32 86 250
32 87 433
32 88 317
32 89 283
32 90 415
32 91 287
32 92 326
32 93 420
32 94 390
32 95 261
32 96 327
32 97 400
32 98 302
32 99 261
33 1 453
33 2 457
33 3 373
33 4 488
33 5 256
33 6 305
33 7 441
33 8 308
33 9 311
33 10 371
33 11 487
33 12 253
33 13 496
33 14 442
33 15 254
33 16 412
33 17 382
33 18 316
33 19 424
33 20 402
33 21 270
33 22 477
33 23 367
33 24 332
33 25 391
33 26 471
33 27 353
33 28 360
33 29 307
33 30 427
33 31 474
33 32 478
33 34 451
33 35 371
33 36 301
33 37 449
33 38 299
33 39 353
33 40 457
33 41 434
33 42 434
33 43 274
33 44 259
33 45 422
33 46 429
33 47 388
33 48 436
33 49 269
33 50 474
33 51 387
33 52 293
33 53 302
33 54 361
33 55 252
33 56 341
33 57 287
33 58 380
33 59 432
33 60 469
33 61 350
33 62 279
33 63 469
33 64 464
33 65 371
33 66 325
33 67 281
33 68 432
33 69 252
33 70 260
33 71 355
33 72 496
33 73 456
33 74 374
33 75 261
33 76 373
33 77 341
33 78 427
33 79 275
33 80 408
33 81 468
33 82 474
33 83 449
33 84 409
33 85 454
33 86 343
33 87 391
33 88 345
33 89 344
33 90 435
33 91 465
33 92 498
33 93 459
33 94 400
33 95 441
33 96 324
33 97 299
33 98 419
33 99 417
34 1 376
34 2 368
34 3 261
34 4 330
34 5 497
34 6 323
34 7 294
34 8 254
34 9 350
34 10 444
34 11 355
34 12 284
34 13 379
34 14 474
34 15 426
34 16 442
34 17 437
34 18 301
34 19 377
34 20 331
34 21 326
34 22 465
34 23 257
34 24 491
34 25 297
34 26 350
34 27 320
34 28 447
34 29 442
34 30 440
34 31 371
34 32 261
34 33 451
34 35 281
34 36 435
34 37 407
34 38 367
34 39 269
34 40 312
34 41 331
34 42 449
34 43 499
34 44 324
34 45 313
34 46 442
34 47 321
34 48 378
34 49 482
34 50 301
34 51 436
34 52 315
34 53 496
34 54 366
34 55 442
34 56 302
34 57 276
34 58 413
34 59 459
34 60 325
34 61 281
34 62 323
34 63 299
34 64 297
34 65 295
34 66 271
34 67 332
34 68 387
34 69 441
34 70 364
34 71 361
34 72 292
34 73 372
34 74 342
34 75 345
34 76 330
34 77 476
34 78 488
34 79 442
34 80 323
34 81 408
34 82 472
34 83 492
34 84 497
34 85 443
34 86 430
34 87 362
34 88 279
34 89 364
34 90 368
34 91 393
34 92 489
34 93 289
34 94 350
34 95 373
34 96 413
34 97 294
34 98 338
34 99 253
35 1 271
35 2 363
35 3 320
35 4 498
35 5 363
35 6 259
35 7 270
35 8 322
35 9 430
35 10 445
35 11 364
35 12 475
35 13 267
35 14 291
35 15 434
35 16 261
35 17 307
35 18 405
35 19 300
35 20 394
35 21 297
35 22 318
35 23 359
35 24 335
35 25 431
35 26 327
35 27 278
35 28 402
35 29 357
35 30 349
35 31 342
35 32 285
35 33 371
35 34 281
35 36 443
35 37 481
35 38 468
35 39 439
35 40 369
35 41 376
35 42 278
35 43 255
35 44 263
35 45 305
35 46 394
35 47 426
35 48 451
35 49 345
35 50 414
35 51 439
35 52 478
35 53 298
35 54 487
35 55 431
35 56 274
35 57 300
35 58 419
35 59 406
35 60 268
35 61 407
35 62 337
35 63 378
35 64 421
35 65 460
35 66 398
35 67 402
35 68 305
35 69 480
35 70 379
35 71 277
35 72 267
35 73 388
35 74 332
35 75 301
35 76 461
35 77 376
35 78 347
35 79 482
35 80 305
35 81 366
35 82 409
35 83 336
35 84 435
35 85 453
35 86 421
35 87 463
35 88 343
35 89 313
35 90 406
35 91 351
35 92 470
35 93 409
35 94 403
35 95 467
35 96 275
35 97 375
35 98 440
35 99 470
36 1 435
36 2 291
36 3 321
36 4 431
36 5 267
36 6 315
36 7 427
36 8 318
36 9 396
36 10 456
36 11 408
36 12 413
36 13 376
36 14 440
36 15 330
36 16 443
36 17 384
36 18 332
36 19 342
36 20 403
36 21 369
36 22 271
36 23 479
36 24 478
36 25 257
36 26 394
36 27 430
36 28 384
36 29 453
36 30 309
36 31 455
36 32 472
36 33 301
36 34 435
36 35 443
36 37 351
36 38 482
36 39 379
36 40 277
36 41 327
36 42 321
36 43 330
36 44 349
36 45 338
36 46 312
36 47 493
36 48 478
36 49 251
36 50 463
36 51 264
36 52 352
36 53 251
36 54 363
36 55 289
36 56 283
36 57 303
36 58 333
36 59 429
36 60 335
36 61 486
36 62 374
36 63 258
36 64 333
36 65 310
36 66 320
36 67 287
36 68 345
36 69 307
36 70 383
36 71 432
36 72 343
36 73 270
36 74 322
36 75 261
36 76 329
36 77 397
36 78 486
36 79 300
36 80 431
36 81 354
36 82 404
36 83 462
36 84 491
36 85 288
36 86 269
36 87 484
36 88 383
36 89 383
36 90 357
36 91 401
36 92 345
36 93 494
36 94 409
36 95 301
36 96 486
36 97 407
36 98 335
36 99 470
37 1 413
37 2 400
37 3 347
37 4 500
37 5 455
37 6 312
37 7 341
37 8 441
37 9 466
37 10 377
37 11 383
37 12 333
37 13 382
37 14 283
37 15 372
37 16 310
37 17 455
37 18 392
37 19 453
37 20 343
37 21 333
37 22 467
37 23 304
37 24 324
37 25 384
37 26 418
37 27 305
37 28 453
37 29 450
37 30 286
37 31 282
37 32 417
37 33 449
37 34 407
37 35 481
37 36 351
37 38 318
37 39 280
37 40 473
37 41 286
37 42 383
37 43 377
37 44 432
37 45 284
37 46 258
37 47 275
37 48 466
37 49 267
37 50 452
37 51 466
37 52 371
37 53 333
37 54 332
37 55 352
37 56 492
37 57 423
37 58 258
37 59 403
37 60 314
37 61 395
37 62 325
37 63 496
37 64 332
37 65 332
37 66 463
37 67 328
37 68 285
37 69 426
37 70 423
37 71 474
37 72 474
37 73 432
37 74 408
37 75 320
37 76 481
37 77 331
37 78 363
37 79 288
37 80 465
37 81 375
37 82 269
37 83 483
37 84 325
37 85 260
37 86 477
37 87 479
37 88 334
37 89 350
37 90 462
37 91 275
37 92 430
37 93 351
37 94 485
37 95 270
37 96 445
37 97 453
37 98 425
37 99 289
38 1 434
38 2 325
38 3 400
38 4 372
38 5 421
38 6 391
38 7 462
38 8 348
38 9 259
38 10 483
38 11 308
38 12 359
38 13 260
38 14 263
38 15 468
38 16 309
38 17 403
38 18 265
38 19 459
38 20 291
38 21 288
38 22 455
38 23 421
38 24 333
38 25 464
38 26 457
38 27 353
38 28 300
38 29 426
38 30 464
38 31 306
38 32 392
38 33 299
38 34 367
38 35 468
38 36 482
38 37 318
38 39 463
38 40 396
38 41 316
38 42 397
38 43 486
38 44 492
38 45 334
38 46 410
38 47 394
38 48 368
38 49 332
38 50 312
38 51 449
38 52 252
38 53 390
38 54 293
38 55 398
38 56 338
38 57 288
38 58 469
38 59 436
38 60 483
38 61 380
38 62 404
38 63 462
38 64 270
38 65 260
38 66 274
38 67 441
38 68 469
38 69 475
38 70 380
38 71 257
38 72 331
38 73 302
38 74 496
38 75 373
38 76 339
38 77 440
38 78 310
38 79 422
38 80 498
38 81 394
38 82 362
38 83 464
38 84 348
38 85 459
38 86 396
38 87 396
38 88 495
38 89 491
38 90 384
38 91 366
38 92 426
38 93 488
38 94 350
38 95 358
38 96 334
38 97 252
38 98 345
38 99 488
39 1 381
39 2 334
39 3 492
39 4 277
39 5 405
39 6 374
39 7 450
39 8 433
39 9 324
39 10 362
39 11 365
39 12 277
39 13 371
39 14 303
39 15 407
39 16 276
39 17 388
39 18 399
39 19 273
39 20 379
39 21 379
39 22 487
39 23 497
39 24 307
39 25 330
39 26 412
39 27 251
39 28 319
39 29 407
39 30 373
39 31 312
39 32 291
39 33 353
39 34 269
39 35 439
39 36 379
39 37 280
39 38 463
39 40 464
39 41 445
39 42 337
39 43 425
39 44 426
39 45 385
39 46 463
39 47 428
39 48 354
39 49 324
39 50 475
39 51 342
39 52 472
39 53 306
39 54 377
39 55 378
39 56 494
39 57 437
39 58 468
39 59 255
39 60 452
39 61 308
39 62 276
39 63 418
39 64 472
39 65 456
39 66 265
39 67 489
39 68 441
39 69 435
39 70 477
39 71 363
39 72 330
39 73 273
39 74 361
39 75 284
39 76 478
39 77 273
39 78 358
39 79 277
39 80 449
39 81 472
39 82 495
39 83 280
39 84 426
39 85 469
39 86 262
39 87 305
39 88 287
39 89 255
39 90 339
39 91 430
39 92 397
39 93 322
39 94 323
39 95 443
39 96 267
39 97 347
39 98 349
39 99 363
40 1 262
40 2 260
40 3 448
40 4 335
40 5 452
40 6 363
40 7 447
40 8 398
40 9 344
40 10 373
40 11 349
40 12 343
40 13 373
40 14 432
40 15 374
40 16 500
40 17 488
40 18 494
40 19 277
40 20 492
40 21 333
40 22 383
40 23 297
40 24 368
40 25 278
40 26 421
40 27 312
40 28 429
40 29 341
40 30 455
40 31 426
40 32 425
40 33 457
40 34 312
40 35 369
40 36 277
40 37 473
40 38 396
40 39 464
40 41 291
40 42 413
40 43 334
40 44 326
40 45 387
40 46 279
40 47 291
40 48 283
40 49 251
40 50 370
40 51 402
40 52 346
40 53 357
40 54 386
40 55 353
40 56 493
40 57 252
40 58 371
40 59 455
40 60 282
40 61 309
40 62 383
40 63 371
40 64 417
40 65 431
40 66 268
40 67 446
40 68 464
40 69 307
40 70 356
40 71 316
40 72 476
40 73 462
40 74 262
40 75 275
40 76 309
40 77 287
40 78 485
40 79 439
40 80 429
40 81 305
40 82 381
40 83 448
40 84 341
40 85 277
40 86 251
40 87 461
40 88 398
40 89 293
40 90 437
40 91 427
40 92 401
40 93 458
40 94 326
40 95 427
40 96 279
40 97 279
40 98 461
40 99 330
41 1 436
41 2 365
41 3 395
41 4 257
41 5 347
41 6 351
41 7 313
41 8 274
41 9 439
41 10 481
41 11 255
41 12 260
41 13 293
41 14 335
41 15 342
41 16 280
41 17 320
41 18 445
41 19 342
41 20 303
41 21 394
41 22 399
41 23 457
41 24 322
41 25 495
41 26 499
41 27 367
41 28 258
41 29 493
41 30 333
41 31 436
41 32 254
41 33 434
41 34 331
41 35 376
41 36 327
41 37 286
41 38 316
41 39 445
41 40 291
41 42 444
41 43 304
41 44 337
41 45 448
41 46 445
41 47 400
41 48 285
41 49 297
41 50 461
41 51 313
41 52 374
41 53 345
41 54 436
41 55 476
41 56 355
41 57 257
41 58 499
41 59 386
41 60 303
41 61 299
41 62 447
41 63 333
41 64 266
41 65 478
41 66 257
41 67 451
41 68 406
41 69 282
41 70 488
41 71 362
41 72 365
41 73 437
41 74 274
41 75 433
41 76 430
41 77 354
41 78 489
41 79 466
41 80 292
41 81 308
41 82 442
41 83 342
41 84 282
41 85 455
41 86 457
41 87 296
41 88 479
41 89 268
41 90 294
41 91 263
41 92 340
41 93 330
41 94 306
41 95 409
41 96 369
41 97 449
41 98 338
41 99 312
42 1 413
42 2 371
42 3 496
42 4 329
42 5 283
42 6 438
42 7 343
42 8 429
42 9 385
42 10 357
42 11 468
42 12 487
42 13 440
42 14 423
42 15 375
42 16 479
42 17 484
42 18 387
42 19 321
42 20 345
42 21 434
42 22 352
42 23 311
42 24 343
42 25 261
42 26 338
42 27 446
42 28 316
42 29 264
42 30 427
42 31 419
42 32 309
42 33 434
42 34 449
42 35 278
42 36 321
42 37 383
42 38 397
42 39 337
42 40 413
42 41 444
42 43 349
42 44 474
42 45 450
42 46 486
42 47 419
42 48 283
42 49 292
42 50 344
42 51 281
42 52 369
42 53 294
42 54 390
42 55 490
42 56 450
42 57 452
42 58 391
42 59 271
42 60 449
42 61 271
42 62 381
42 63 274
42 64 423
42 65 337
42 66 451
42 67 443
42 68 398
42 69 427
42 70 439
42 71 264
42 72 287
42 73 428
42 74 454
42 75 284
42 76 454
42 77 301
42 78 335
42 79 499
42 80 345
42 81 456
42 82 292
42 83 433
42 84 478
42 85 366
42 86 487
42 87 324
42 88 483
42 89 324
42 90 308
42 91 321
42 92 318
42 93 487
42 94 404
42 95 331
42 96 401
42 97 492
42 98 364
42 99 418
43 1 398
43 2 336
43 3 453
43 4 370
43 5 358
43 6 473
43 7 368
43 8 474
43 9 286
43 10 263
43 11 281
43 12 436
43 13 268
43 14 383
43 15 438
43 16 481
43 17 322
43 18 478
43 19 261
43 20 261
43 21 490
43 22 406
43 23 473
43 24 418
43 25 500
43 26 287
43 27 278
43 28 375
43 29 358
43 30 273
43 31 326
43 32 428
43 33 274
43 34 499
43 35 255
43 36 330
43 37 377
43 38 486
43 39 425
43 40 334
43 41 304
43 42 349
43 44 452
43 45 323
43 46 347
43 47 254
43 48 487
43 49 385
43 50 314
43 51 411
43 52 480
43 53 377
43 54 337
43 55 436
43 56 409
43 57 491
43 58 273
43 59 371
43 60 497
43 61 324
43 62 387
43 63 439
43 64 301
43 65 475
43 66 456
43 67 337
43 68 341
43 69 327
43 70 265
43 71 308
43 72 313
43 73 417
43 74 380
43 75 492
43 76 395
43 77 353
43 78 255
43 79 425
43 80 491
43 81 315
43 82 278
43 83 285
43 84 327
43 85 260
43 86 269
43 87 392
43 88 362
43 89 305
43 90 294
43 91 364
43 92 283
43 93 429
43 94 281
43 95 457
43 96 258
43 97 478
43 98 262
43 99 455
44 1 442
44 2 451
44 3 312
44 4 468
44 5 314
44 6 361
44 7 475
44 8 332
44 9 276
44 10 334
44 11 367
44 12 448
44 13 278
44 14 352
44 15 497
44 16 281
44 17 431
44 18 286
44 19 487
44 20 428
44 21 303
44 22 287
44 23 410
44 24 279
44 25 309
44 26 302
44 27 363
44 28 269
44 29 453
44 30 394
44 31 389
44 32 498
44 33 259
44 34 324
44 35 263
44 36 349
44 37 432
44 38 492
44 39 426
44 40 326
44 41 337
44 42 474
44 43 452
44 45 368
44 46 319
44 47 273
44 48 393
44 49 424
44 50 426
44 51 351
44 52 415
44 53 379
44 54 259
44 55 479
44 56 394
44 57 474
44 58 361
44 59 466
44 60 446
44 61 480
44 62 384
44 63 361
44 64 330
44 65 437
44 66 394
44 67 396
44 68 260
44 69 272
44 70 497
44 71 443
44 72 436
44 73 352
44 74 314
44 75 270
44 76 425
44 77 378
44 78 300
44 79 317
44 80 480
44 81 441
44 82 416
44 83 498
44 84 455
44 85 339
44 86 485
44 87 474
44 88 282
44 89 332
44 90 389
44 91 490
44 92 418
44 93 272
44 94 466
44 95 439
44 96 395
44 97 393
44 98 443
44 99 370
45 1 496
45 2 334
45 3 355
45 4 320
45 5 348
45 6 420
45 7 361
45 8 440
45 9 499
45 10 425
45 11 375
45 12 449
45 13 472
45 14 398
45 15 458
45 16 315
45 17 367
45 18 443
45 19 271
45 20 410
45 21 294
45 22 496
45 23 335
45 24 311
45 25 424
45 26 299
45 27 378
45 28 259
45 29 364
45 30 287
45 31 344
45 32 272
45 33 422
45 34 313
45 35 305
45 36 338
45 37 284
45 38 334
45 39 385
45 40 387
45 41 448
45 42 450
45 43 323
45 44 368
45 46 478
45 47 471
45 48 290
45 49 434
45 50 354
45 51 370
45 52 304
45 53 440
45 54 400
45 55 481
45 56 389
45 57 392
45 58 374
45 59 348
45 60 380
45 61 260
45 62 292
45 63 352
45 64 479
45 65 456
45 66 380
45 67 497
45 68 484
45 69 393
45 70 420
45 71 443
45 72 488
45 73 460
45 74 482
45 75 388
45 76 408
45 77 476
45 78 431
45 79 467
45 80 313
45 81 288
45 82 312
45 83 382
45 84 462
45 85 306
45 86 329
45 87 356
45 88 355
45 89 469
45 90 391
45 91 427
45 92 381
45 93 360
45 94 431
45 95 441
45 96 412
45 97 297
45 98 332
45 99 457
46 1 485
46 2 325
46 3 274
46 4 414
46 5 367
46 6 405
46 7 281
46 8 477
46 9 367
46 10 458
46 11 411
46 12 342
46 13 424
46 14 404
46 15 351
46 16 289
46 17 378
46 18 401
46 19 294
46 20 423
46 21 294
46 22 309
46 23 445
46 24 356
46 25 421
46 26 484
46 27 486
46 28 299
46 29 457
46 30 473
46 31 263
46 32 449
46 33 429
46 34 442
46 35 394
46 36 312
46 37 258
46 38 410
46 39 463
46 40 279
46 41 445
46 42 486
46 43 347
46 44 319
46 45 478
46 47 280
46 48 497
46 49 470
46 50 454
46 51 394
46 52 267
46 53 440
46 54 492
46 55 316
46 56 411
46 57 279
46 58 266
46 59 359
46 60 322
46 61 268
46 62 386
46 63 295
46 64 286
46 65 298
46 66 410
46 67 308
46 68 282
46 69 488
46 70 262
46 71 277
46 72 324
46 73 446
46 74 304
46 75 323
46 76 260
46 77 273
46 78 283
46 79 276
46 80 296
46 81 362
46 82 282
46 83 260
46 84 358
46 85 349
46 86 323
46 87 409
46 88 427
46 89 436
46 90 353
46 91 434
46 92 271
46 93 499
46 94 361
46 95 323
46 96 452
46 97 289
46 98 429
46 99 292
47 1 444
47 2 351
47 3 358
47 4 323
47 5 415
47 6 484
47 7 357
47 8 354
47 9 323
47 10 335
47 11 251
47 12 268
47 13 269
47 14 348
47 15 283
47 16 445
47 17 492
47 18 368
47 19 363
47 20 432
47 21 455
47 22 464
47 23 332
47 24 316
47 25 316
47 26 421
47 27 488
47 28 345
47 29 495
47 30 276
47 31 414
47 32 427
47 33 388
47 34 321
47 35 426
47 36 493
47 37 275
47 38 394
47 39 428
47 40 291
47 41 400
47 42 419
47 43 254
47 44 273
47 45 471
47 46 280
47 48 423
47 49 280
47 50 365
47 51 350
47 52 270
47 53 313
47 54 309
47 55 285
47 56 334
47 57 372
47 58 309
47 59 372
47 60 398
47 61 358
47 62 419
47 63 252
47 64 437
47 65 369
47 66 448
47 67 493
47 68 300
47 69 445
47 70 432
47 71 486
47 72 393
47 73 399
47 74 337
47 75 300
47 76 447
47 77 463
47 78 487
47 79 333
47 80 308
47 81 485
47 82 413
47 83 494
47 84 345
47 85 268
47 86 302
47 87 458
47 88 480
47 89 303
47 90 365
47 91 258
47 92 441
47 93 263
47 94 467
47 95 299
47 96 485
47 97 412
47 98 344
47 99 409
48 1 379
48 2 395
48 3 480
48 4 407
48 5 292
48 6 295
48 7 320
48 8 358
48 9 381
48 10 258
48 11 326
48 12 398
48 13 491
48 14 271
48 15 452
48 16 250
48 17 303
48 18 485
48 19 491
48 20 442
48 21 337
48 22 302
48 23 422
48 24 311
48 25 317
48 26 483
48 27 271
48 28 399
48 29 268
48 30 310
48 31 324
48 32 375
48 33 436
48 34 378
48 35 451
48 36 478
48 37 466
48 38 368
48 39 354
48 40 283
48 41 285
48 42 283
48 43 487
48 44 393
48 45 290
48 46 497
48 47 423
48 49 326
48 50 313
48 51 453
48 52 443
48 53 451
48 54 447
48 55 272
48 56 409
48 57 390
48 58 284
48 59 267
48 60 320
48 61 300
48 62 360
48 63 421
48 64 253
48 65 426
48 66 418
48 67 282
48 68 337
48 69 329
48 70 266
48 71 494
48 72 473
48 73 368
48 74 322
48 75 366
48 76 312
48 77 292
48 78 252
48 79 309
48 80 314
48 81 434
48 82 407
48 83 402
48 84 434
48 85 405
48 86 379
48 87 369
48 88 272
48 89 345
48 90 299
48 91 295
48 92 460
48 93 393
48 94 375
48 95 391
48 96 362
48 97 347
48 98 274
48 99 474
49 1 284
49 2 399
49 3 472
49 4 401
49 5 411
49 6 362
49 7 355
49 8 376
49 9 397
49 10 356
49 11 490
49 12 251
49 13 364
49 14 348
49 15 434
49 16 403
49 17 488
49 18 417
49 19 435
49 20 478
49 21 443
49 22 381
49 23 337
49 24 257
49 25 345
49 26 383
49 27 338
49 28 255
49 29 491
49 30 466
49 31 343
49 32 350
49 33 269
49 34 482
49 35 345
49 36 251
49 37 267
49 38 332
49 39 324
49 40 251
49 41 297
49 42 292
49 43 385
49 44 424
49 45 434
49 46 470
49 47 280
49 48 326
49 50 263
49 51 445
49 52 499
49 53 341
49 54 371
49 55 379
49 56 456
49 57 434
49 58 364
49 59 397
49 60 348
49 61 381
49 62 460
49 63 440
49 64 414
49 65 488
49 66 437
49 67 438
49 68 475
49 69 310
49 70 324
49 71 277
49 72 382
49 73 401
49 74 325
49 75 449
49 76 464
49 77 290
49 78 305
49 79 273
49 80 468
49 81 379
49 82 392
49 83 450
49 84 258
49 85 328
49 86 439
49 87 408
49 88 365
49 89 452
49 90 289
49 91 283
49 92 291
49 93 381
49 94 414
49 95 480
49 96 371
49 97 399
49 98 440
49 99 418
50 1 440
50 2 251
50 3 335
50 4 321
50 5 325
50 6 487
50 7 457
50 8 462
50 9 489
50 10 464
50 11 362
50 12 354
50 13 297
50 14 361
50 15 405
50 16 274
50 17 309
50 18 251
50 19 495
50 20 295
50 21 397
50 22 313
50 23 489
50 24 369
50 25 479
50 26 333
50 27 378
50 28 491
50 29 338
50 30 487
50 31 325
50 32 413
50 33 474
50 34 301
50 35 414
50 36 463
50 37 452
50 38 312
50 39 475
50 40 370
50 41 461
50 42 344
50 43 314
50 44 426
50 45 354
50 46 454
50 47 365
50 48 313
50 49 263
50 51 424
50 52 338
50 53 430
50 54 392
50 55 324
50 56 413
50 57 476
50 58 485
50 59 487
50 60 487
50 61 451
50 62 277
50 63 322
50 64 289
50 65 402
50 66 290
50 67 499
50 68 452
50 69 340
50 70 476
50 71 357
50 72 308
50 73 252
50 74 436
50 75 258
50 76 473
50 77 400
50 78 395
50 79 277
50 80 466
50 81 325
50 82 403
50 83 482
50 84 418
50 85 365
50 86 399
50 87 381
50 88 332
50 89 293
50 90 486
50 91 291
50 92 269
50 93 453
50 94 309
50 95 494
50 96 475
50 97 363
50 98 435
50 99 452
51 1 426
51 2 384
51 3 279
51 4 291
51 5 287
51 6 297
51 7 315
51 8 498
51 9 298
51 10 482
51 11 371
51 12 346
51 13 296
51 14 414
51 15 393
51 16 485
51 17 339
51 18 352
51 19 390
51 20 331
51 21 352
51 22 361
51 23 257
51 24 328
51 25 434
51 26 359
51 27 402
51 28 417
51 29 345
51 30 294
51 31 397
51 32 366
51 33 387
51 34 436
51 35 439
51 36 264
51 37 466
51 38 449
51 39 342
51 40 402
51 41 313
51 42 281
51 43 411
51 44 351
51 45 370
51 46 394
51 47 350
51 48 453
51 49 445
51 50 424
51 52 424
51 53 319
51 54 451
51 55 292
51 56 341
51 57 280
51 58 276
51 59 424
51 60 279
51 61 271
51 62 362
51 63 372
51 64 400
51 65 457
51 66 384
51 67 468
51 68 440
51 69 293
51 70 284
51 71 428
51 72 363
51 73 267
51 74 317
51 75 405
51 76 468
51 77 483
51 78 451
51 79 330
51 80 260
51 81 420
51 82 377
51 83 398
51 84 312
51 85 254
51 86 482
51 87 251
51 88 399
51 89 409
51 90 316
51 91 496
51 92 460
51 93 411
51 94 299
51 95 318
51 96 295
51 97 376
51 98 259
51 99 497
52 1 477
52 2 291
52 3 308
52 4 457
52 5 470
52 6 456
52 7 382
52 8 485
52 9 285
52 10 284
52 11 310
52 12 495
52 13 466
52 14 404
52 15 262
52 16 498
52 17 413
52 18 372
52 19 480
52 20 268
52 21 477
52 22 423
52 23 446
52 24 451
52 25 369
52 26 422
52 27 317
52 28 442
52 29 305
52 30 316
52 31 302
52 32 496
52 33 293
52 34 315
52 35 478
52 36 352
52 37 371
52 38 252
52 39 472
52 40 346
52 41 374
52 42 369
52 43 480
52 44 415
52 45 304
52 46 267
52 47 270
52 48 443
52 49 499
52 50 338
52 51 424
52 53 445
52 54 293
52 55 251
52 56 498
52 57 347
52 58 364
52 59 264
52 60 400
52 61 437
52 62 477
52 63 353
52 64 362
52 65 283
52 66 479
52 67 408
52 68 282
52 69 395
52 70 446
52 71 278
52 72 251
52 73 487
52 74 289
52 75 405
52 76 454
52 77 397
52 78 390
52 79 429
52 80 252
52 81 352
52 82 251
52 83 482
52 84 408
52 85 450
52 86 317
52 87 492
52 88 306
52 89 448
52 90 479
52 91 390
52 92 384
52 93 476
52 94 449
52 95 348
52 96 338
52 97 322
52 98 291
52 99 309
53 1 452
53 2 416
53 3 458
53 4 326
53 5 434
53 6 441
53 7 279
53 8 324
53 9 322
53 10 289
53 11 312
53 12 341
53 13 462
53 14 492
53 15 421
53 16 399
53 17 474
53 18 409
53 19 480
53 20 459
53 21 405
53 22 485
53 23 317
53 24 331
53 25 477
53 26 464
53 27 292
53 28 343
53 29 400
53 30 374
53 31 471
53 32 339
53 33 302
53 34 496
53 35 298
53 36 251
53 37 333
53 38 390
53 39 306
53 40 357
53 41 345
53 42 294
53 43 377
53 44 379
53 45 440
53 46 440
53 47 313
53 48 451
53 49 341
53 50 430
53 51 319
53 52 445
53 54 395
53 55 264
53 56 260
53 57 331
53 58 317
53 59 256
53 60 395
53 61 491
53 62 297
53 63 478
53 64 306
53 65 446
53 66 476
53 67 339
53 68 250
53 69 384
53 70 309
53 71 355
53 72 332
53 73 301
53 74 354
53 75 354
53 76 348
53 77 396
53 78 294
53 79 304
53 80 470
53 81 301
53 82 258
53 83 440
53 84 364
53 85 369
53 86 339
53 87 407
53 88 301
53 89 401
53 90 358
53 91 392
53 92 387
53 93 475
53 94 488
53 95 299
53 96 382
53 97 281
53 98 445
53 99 488
54 1 437
54 2 333
54 3 379
54 4 352
54 5 283
54 6 290
54 7 311
54 8 395
54 9 340
54 10 428
54 11 369
54 12 486
54 13 326
54 14 308
54 15 283
54 16 263
54 17 316
54 18 260
54 19 486
54 20 380
54 21 262
54 22 476
54 23 308
54 24 362
54 25 445
54 26 384
54 27 368
54 28 268
54 29 330
54 30 412
54 31 284
54 32 358
54 33 361
54 34 366
54 35 487
54 36 363
54 37 332
54 38 293
54 39 377
54 40 386
54 41 436
54 42 390
54 43 337
54 44 259
54 45 400
54 46 492
54 47 309
54 48 447
54 49 371
54 50 392
54 51 451
54 52 293
54 53 395
54 55 300
54 56 358
54 57 333
54 58 331
54 59 387
54 60 471
54 61 377
54 62 299
54 63 344
54 64 324
54 65 438
54 66 265
54 67 441
54 68 393
54 69 447
54 70 377
54 71 366
54 72 332
54 73 488
54 74 266
54 75 251
54 76 377
54 77 252
54 78 464
54 79 336
54 80 272
54 81 401
54 82 320
54 83 302
54 84 342
54 85 486
54 86 430
54 87 322
54 88 397
54 89 429
54 90 350
54 91 480
54 92 276
54 93 262
54 94 472
54 95 432
54 96 491
54 97 451
54 98 412
54 99 352
55 1 394
55 2 348
55 3 322
55 4 456
55 5 250
55 6 260
55 7 337
55 8 443
55 9 397
55 10 272
55 11 268
55 12 358
55 13 406
55 14 464
55 15 439
55 16 489
55 17 356
55 18 475
55 19 302
55 20 347
55 21 273
55 22 457
55 23 315
55 24 471
55 25 326
55 26 470
55 27 341
55 28 442
55 29 474
55 30 260
55 31 420
55 32 486
55 33 252
55 34 442
55 35 431
55 36 289
55 37 352
55 38 398
55 39 378
55 40 353
55 41 476
55 42 490
55 43 436
55 44 479
55 45 481
55 46 316
55 47 285
55 48 272
55 49 379
55 50 324
55 51 292
55 52 251
55 53 264
55 54 300
55 56 254
55 57 311
55 58 390
55 59 374
55 60 290
55 61 368
55 62 353
55 63 379
55 64 497
55 65 262
55 66 489
55 67 399
55 68 283
55 69 293
55 70 285
55 71 493
55 72 471
55 73 478
55 74 311
55 75 295
55 76 498
55 77 369
55 78 377
55 79 365
55 80 361
55 81 493
55 82 303
55 83 313
55 84 262
55 85 466
55 86 380
55 87 409
55 88 416
55 89 284
55 90 270
55 91 370
55 92 386
55 93 277
55 94 463
55 95 396
55 96 342
55 97 268
55 98 467
55 99 426
56 1 340
56 2 371
56 3 300
56 4 343
56 5 251
56 6 398
56 7 422
56 8 389
56 9 348
56 10 381
56 11 285
56 12 357
56 13 417
56 14 295
56 15 412
56 16 474
56 17 436
56 18 471
56 19 366
56 20 360
56 21 456
56 22 302
56 23 464
56 24 472
56 25 335
56 26 302
56 27 251
56 28 399
56 29 383
56 30 383
56 31 451
56 32 331
56 33 341
56 34 302
56 35 274
56 36 283
56 37 492
56 38 338
56 39 494
56 40 493
56 41 355
56 42 450
56 43 409
56 44 394
56 45 389
56 46 411
56 47 334
56 48 409
56 49 456
56 50 413
56 51 341
56 52 498
56 53 260
56 54 358
56 55 254
56 57 493
56 58 391
56 59 452
56 60 400
56 61 500
56 62 387
56 63 458
56 64 491
56 65 357
56 66 483
56 67 286
56 68 281
56 69 462
56 70 491
56 71 466
56 72 484
56 73 267
56 74 304
56 75 330
56 76 250
56 77 490
56 78 303
56 79 443
56 80 325
56 81 327
56 82 444
56 83 253
56 84 471
56 85 274
56 86 388
56 87 493
56 88 462
56 89 304
56 90 383
56 91 257
56 92 336
56 93 484
56 94 286
56 95 267
56 96 451
56 97 438
56 98 489
56 99 349
57 1 441
57 2 340
57 3 498
57 4 360
57 5 443
57 6 472
57 7 459
57 8 446
57 9 490
57 10 487
57 11 353
57 12 500
57 13 464
57 14 325
57 15 411
57 16 404
57 17 440
57 18 426
57 19 252
57 20 476
57 21 500
57 22 390
57 23 389
57 24 389
57 25 454
57 26 294
57 27 304
57 28 302
57 29 376
57 30 250
57 31 451
57 32 457
57 33 287
57 34 276
57 35 300
57 36 303
57 37 423
57 38 288
57 39 437
57 40 252
57 41 257
57 42 452
57 43 491
57 44 474
57 45 392
57 46 279
57 47 372
57 48 390
57 49 434
57 50 476
57 51 280
57 52 347
57 53 331
57 54 333
57 55 311
57 56 493
57 58 303
57 59 293
57 60 320
57 61 305
57 62 353
57 63 372
57 64 441
57 65 492
57 66 292
57 67 272
57 68 480
57 69 426
57 70 273
57 71 404
57 72 376
57 73 363
57 74 483
57 75 333
57 76 311
57 77 463
57 78 413
57 79 322
57 80 405
57 81 398
57 82 439
57 83 377
57 84 449
57 85 484
57 86 410
57 87 315
57 88 469
57 89 464
57 90 359
57 91 269
57 92 328
57 93 488
57 94 468
57 95 277
57 96 310
57 97 460
57 98 419
57 99 297
58 1 480
58 2 278
58 3 288
58 4 271
58 5 480
58 6 408
58 7 493
58 8 461
58 9 466
58 10 375
58 11 297
58 12 369
58 13 348
58 14 436
58 15 391
58 16 326
58 17 251
58 18 320
58 19 367
58 20 459
58 21 408
58 22 476
58 23 466
58 24 484
58 25 487
58 26 312
58 27 463
58 28 441
58 29 415
58 30 378
58 31 306
58 32 442
58 33 380
58 34 413
58 35 419
58 36 333
58 37 258
58 38 469
58 39 468
58 40 371
58 41 499
58 42 391
58 43 273
58 44 361
58 45 374
58 46 266
58 47 309
58 48 284
58 49 364
58 50 485
58 51 276
58 52 364
58 53 317
58 54 331
58 55 390
58 56 391
58 57 303
58 59 251
58 60 371
58 61 485
58 62 320
58 63 494
58 64 455
58 65 362
58 66 314
58 67 447
58 68 435
58 69 312
58 70 416
58 71 478
58 72 433
58 73 453
58 74 281
58 75 385
58 76 314
58 77 464
58 78 471
58 79 268
58 80 399
58 81 266
58 82 311
58 83 344
58 84 444
58 85 295
58 86 459
58 87 259
58 88 477
58 89 296
58 90 399
58 91 342
58 92 348
58 93 251
58 94 396
58 95 252
58 96 495
58 97 487
58 98 453
58 99 275
59 1 280
59 2 407
59 3 378
59 4 303
59 5 472
59 6 349
59 7 359
59 8 330
59 9 338
59 10 326
59 11 274
59 12 492
59 13 437
59 14 405
59 15 277
59 16 277
59 17 378
59 18 396
59 19 434
59 20 327
59 21 386
59 22 413
59 23 439
59 24 251
59 25 255
59 26 276
59 27 352
59 28 461
59 29 402
59 30 354
59 31 413
59 32 260
59 33 432
59 34 459
59 35 406
59 36 429
59 37 403
59 38 436
59 39 255
59 40 455
59 41 386
59 42 271
59 43 371
59 44 466
59 45 348
59 46 359
59 47 372
59 48 267
59 49 397
59 50 487
59 51 424
59 52 264
59 53 256
59 54 387
59 55 374
59 56 452
59 57 293
59 58 251
59 60 259
59 61 433
59 62 291
59 63 456
59 64 370
59 65 379
59 66 256
59 67 450
59 68 354
59 69 336
59 70 479
59 71 488
59 72 326
59 73 412
59 74 254
59 75 446
59 76 295
59 77 480
59 78 343
59 79 470
59 80 326
59 81 464
59 82 435
59 83 402
59 84 254
59 85 458
59 86 407
59 87 379
59 88 440
59 89 277
59 90 271
59 91 402
59 92 364
59 93 308
59 94 364
59 95 300
59 96 364
59 97 327
59 98 259
59 99 386
60 1 416
60 2 378
60 3 479
60 4 456
60 5 335
60 6 381
60 7 382
60 8 349
60 9 400
60 10 447
60 11 385
60 12 395
60 13 279
60 14 414
60 15 409
60 16 499
60 17 473
60 18 469
60 19 440
60 20 438
60 21 438
60 22 394
60 23 471
60 24 322
60 25 477
60 26 453
60 27 275
60 28 253
60 29 486
60 30 430
60 31 266
60 32 423
60 33 469
60 34 325
60 35 268
60 36 335
60 37 314
60 38 483
60 39 452
60 40 282
60 41 303
60 42 449
60 43 497
60 44 446
60 45 380
60 46 322
60 47 398
60 48 320
60 49 348
60 50 487
60 51 279
60 52 400
60 53 395
60 54 471
60 55 290
60 56 400
60 57 320
60 58 371
60 59 259
60 61 437
60 62 427
60 63 334
60 64 429
60 65 496
60 66 460
60 67 458
60 68 400
60 69 321
60 70 418
60 71 322
60 72 454
60 73 418
60 74 306
60 75 463
60 76 432
60 77 488
60 78 331
60 79 343
60 80 413
60 81 427
60 82 310
60 83 346
60 84 254
60 85 318
60 86 476
60 87 380
60 88 351
60 89 489
60 90 397
60 91 476
60 92 448
60 93 470
60 94 321
60 95 362
60 96 287
60 97 460
60 98 331
60 99 341
61 1 343
61 2 392
61 3 468
61 4 394
61 5 349
61 6 410
61 7 300
61 8 378
61 9 390
61 10 392
61 11 339
61 12 380
61 13 453
61 14 483
61 15 317
61 16 428
61 17 449
61 18 409
61 19 330
61 20 302
61 21 458
61 22 254
61 23 416
61 24 429
61 25 336
61 26 401
61 27 414
61 28 266
61 29 478
61 30 498
61 31 328
61 32 261
61 33 350
61 34 281
61 35 407
61 36 486
61 37 395
61 38 380
61 39 308
61 40 309
61 41 299
61 42 271
61 43 324
61 44 480
61 45 260
61 46 268
61 47 358
61 48 300
61 49 381
61 50 451
61 51 271
61 52 437
61 53 491
61 54 377
61 55 368
61 56 500
61 57 305
61 58 485
61 59 433
61 60 437
61 62 429
61 63 462
61 64 434
61 65 384
61 66 409
61 67 472
61 68 485
61 69 427
61 70 288
61 71 359
61 72 274
61 73 252
61 74 398
61 75 429
61 76 485
61 77 436
61 78 463
61 79 411
61 80 250
61 81 334
61 82 379
61 83 320
61 84 351
61 85 318
61 86 328
61 87 446
61 88 323
61 89 259
61 90 294
61 91 497
61 92 453
61 93 412
61 94 327
61 95 306
61 96 448
61 97 463
61 98 323
61 99 270
62 1 346
62 2 444
62 3 499
62 4 404
62 5 262
62 6 267
62 7 409
62 8 490
62 9 358
62 10 495
62 11 309
62 12 272
62 13 498
62 14 427
62 15 253
62 16 459
62 17 350
62 18 391
62 19 483
62 20 495
62 21 361
62 22 480
62 23 406
62 24 439
62 25 329
62 26 472
62 27 471
62 28 305
62 29 303
62 30 257
62 31 459
62 32 404
62 33 279
62 34 323
62 35 337
62 36 374
62 37 325
62 38 404
62 39 276
62 40 383
62 41 447
62 42 381
62 43 387
62 44 384
62 45 292
62 46 386
62 47 419
62 48 360
62 49 460
62 50 277
62 51 362
62 52 477
62 53 297
62 54 299
62 55 353
62 56 387
62 57 353
62 58 320
62 59 291
62 60 427
62 61 429
62 63 261
62 64 260
62 65 400
62 66 331
62 67 458
62 68 378
62 69 467
62 70 404
62 71 269
62 72 338
62 73 346
62 74 338
62 75 431
62 76 324
62 77 491
62 78 366
62 79 441
62 80 271
62 81 293
62 82 310
62 83 337
62 84 358
62 85 337
62 86 266
62 87 295
62 88 302
62 89 421
62 90 437
62 91 255
62 92 267
62 93 444
62 94 459
62 95 327
62 96 482
62 97 251
62 98 440
62 99 493
63 1 429
63 2 442
63 3 371
63 4 463
63 5 329
63 6 455
63 7 442
63 8 410
63 9 439
63 10 275
63 11 252
63 12 458
63 13 265
63 14 441
63 15 328
63 16 366
63 17 423
63 18 288
63 19 304
63 20 494
63 21 309
63 22 394
63 23 321
63 24 309
63 25 484
63 26 422
63 27 430
63 28 483
63 29 396
63 30 412
63 31 280
63 32 430
63 33 469
63 34 299
63 35 378
63 36 258
63 37 496
63 38 462
63 39 418
63 40 371
63 41 333
63 42 274
63 43 439
63 44 361
63 45 352
63 46 295
63 47 252
63 48 421
63 49 440
63 50 322
63 51 372
63 52 353
63 53 478
63 54 344
63 55 379
63 56 458
63 57 372
63 58 494
63 59 456
63 60 334
63 61 462
63 62 261
63 64 377
63 65 385
63 66 354
63 67 268
63 68 347
63 69 250
63 70 392
63 71 313
63 72 391
63 73 264
63 74 459
63 75 252
63 76 406
63 77 367
63 78 450
63 79 330
63 80 441
63 81 303
63 82 482
63 83 276
63 84 359
63 85 357
63 86 307
63 87 486
63 88 337
63 89 494
63 90 328
63 91 283
63 92 466
63 93 454
63 94 418
63 95 351
63 96 394
63 97 472
63 98 261
63 99 480
64 1 478
64 2 490
64 3 287
64 4 471
64 5 493
64 6 463
64 7 452
64 8 334
64 9 461
64 10 261
64 11 274
64 12 457
64 13 467
64 14 488
64 15 465
64 16 427
64 17 437
64 18 362
64 19 250
64 20 361
64 21 389
64 22 306
64 23 414
64 24 335
64 25 399
64 26 375
64 27 461
64 28 485
64 29 290
64 30 366
64 31 463
64 32 467
64 33 464
64 34 297
64 35 421
64 36 333
64 37 332
64 38 270
64 39 472
64 40 417
64 41 266
64 42 423
64 43 301
64 44 330
64 45 479
64 46 286
64 47 437
64 48 253
64 49 414
64 50 289
64 51 400
64 52 362
64 53 306
64 54 324
64 55 497
64 56 491
64 57 441
64 58 455
64 59 370
64 60 429
64 61 434
64 62 260
64 63 377
64 65 262
64 66 377
64 67 386
64 68 403
64 69 492
64 70 371
64 71 255
64 72 355
64 73 350
64 74 482
64 75 418
64 76 449
64 77 480
64 78 455
64 79 309
64 80 482
64 81 344
64 82 250
64 83 353
64 84 356
64 85 334
64 86 377
64 87 427
64 88 256
64 89 458
64 90 335
64 91 482
64 92 375
64 93 346
64 94 498
64 95 297
64 96 379
64 97 378
64 98 397
64 99 466
65 1 487
65 2 470
65 3 370
65 4 452
65 5 261
65 6 257
65 7 499
65 8 481
65 9 434
65 10 451
65 11 418
65 12 489
65 13 440
65 14 384
65 15 338
65 16 356
65 17 440
65 18 279
65 19 447
65 20 325
65 21 276
65 22 305
65 23 320
65 24 292
65 25 448
65 26 500
65 27 318
65 28 402
65 29 482
65 30 276
65 31 374
65 32 406
65 33 371
65 34 295
65 35 460
65 36 310
65 37 332
65 38 260
65 39 456
65 40 431
65 41 478
65 42 337
65 43 475
65 44 437
65 45 456
65 46 298
65 47 369
65 48 426
65 49 488
65 50 402
65 51 457
65 52 283
65 53 446
65 54 438
65 55 262
65 56 357
65 57 492
65 58 362
65 59 379
65 60 496
65 61 384
65 62 400
65 63 385
65 64 262
65 66 449
65 67 382
65 68 410
65 69 352
65 70 266
65 71 440
65 72 489
65 73 319
65 74 357
65 75 424
65 76 448
65 77 298
65 78 489
65 79 283
65 80 474
65 81 466
65 82 355
65 83 289
65 84 454
65 85 433
65 86 465
65 87 373
65 88 428
65 89 409
65 90 475
65 91 377
65 92 327
65 93 346
65 94 375
65 95 451
65 96 363
65 97 391
65 98 285
65 99 391
66 1 289
66 2 432
66 3 408
66 4 483
66 5 281
66 6 451
66 7 354
66 8 305
66 9 321
66 10 315
66 11 408
66 12 320
66 13 298
66 14 406
66 15 484
66 16 299
66 17 381
66 18 388
66 19 449
66 20 284
66 21 457
66 22 320
66 23 456
66 24 303
66 25 339
66 26 270
66 27 405
66 28 378
66 29 328
66 30 315
66 31 268
66 32 262
66 33 325
66 34 271
66 35 398
66 36 320
66 37 463
66 38 274
66 39 265
66 40 268
66 41 257
66 42 451
66 43 456
66 44 394
66 45 380
66 46 410
66 47 448
66 48 418
66 49 437
66 50 290
66 51 384
66 52 479
66 53 476
66 54 265
66 55 489
66 56 483
66 57 292
66 58 314
66 59 256
66 60 460
66 61 409
66 62 331
66 63 354
66 64 377
66 65 449
66 67 294
66 68 471
66 69 416
66 70 327
66 71 317
66 72 268
66 73 467
66 74 463
66 75 417
66 76 264
66 77 444
66 78 284
66 79 480
66 80 366
66 81 412
66 82 296
66 83 409
66 84 381
66 85 494
66 86 367
66 87 411
66 88 457
66 89 345
66 90 262
66 91 290
66 92 434
66 93 287
66 94 265
66 95 425
66 96 402
66 97 301
66 98 476
66 99 363
67 1 326
67 2 340
67 3 329
67 4 265
67 5 421
67 6 332
67 7 355
67 8 443
67 9 453
67 10 388
67 11 494
67 12 415
67 13 260
67 14 469
67 15 364
67 16 440
67 17 270
67 18 459
67 19 355
67 20 316
67 21 472
67 22 383
67 23 287
67 24 333
67 25 273
67 26 348
67 27 471
67 28 437
67 29 421
67 30 433
67 31 269
67 32 271
67 33 281
67 34 332
67 35 402
67 36 287
67 37 328
67 38 441
67 39 489
67 40 446
67 41 451
67 42 443
67 43 337
67 44 396
67 45 497
67 46 308
67 47 493
67 48 282
67 49 438
67 50 499
67 51 468
67 52 408
67 53 339
67 54 441
67 55 399
67 56 286
67 57 272
67 58 447
67 59 450
67 60 458
67 61 472
67 62 458
67 63 268
67 64 386
67 65 382
67 66 294
67 68 395
67 69 482
67 70 387
67 71 429
67 72 373
67 73 382
67 74 295
67 75 306
67 76 291
67 77 495
67 78 498
67 79 339
67 80 286
67 81 369
67 82 462
67 83 270
67 84 272
67 85 329
67 86 292
67 87 399
67 88 376
67 89 310
67 90 494
67 91 417
67 92 343
67 93 319
67 94 267
67 95 385
67 96 431
67 97 354
67 98 287
67 99 471
68 1 304
68 2 435
68 3 413
68 4 418
68 5 481
68 6 426
68 7 392
68 8 286
68 9 427
68 10 411
68 11 269
68 12 412
68 13 460
68 14 464
68 15 343
68 16 426
68 17 261
68 18 488
68 19 254
68 20 417
68 21 360
68 22 470
68 23 434
68 24 340
68 25 305
68 26 470
68 27 497
68 28 467
68 29 380
68 30 368
68 31 440
68 32 331
68 33 432
68 34 387
68 35 305
68 36 345
68 37 285
68 38 469
68 39 441
68 40 464
68 41 406
68 42 398
68 43 341
68 44 260
68 45 484
68 46 282
68 47 300
68 48 337
68 49 475
68 50 452
68 51 440
68 52 282
68 53 250
68 54 393
68 55 283
68 56 281
68 57 480
68 58 435
68 59 354
68 60 400
68 61 485
68 62 378
68 63 347
68 64 403
68 65 410
68 66 471
68 67 395
68 69 431
68 70 478
68 71 459
68 72 308
68 73 288
68 74 389
68 75 479
68 76 256
68 77 422
68 78 288
68 79 306
68 80 436
68 81 492
68 82 313
68 83 358
68 84 458
68 85 335
68 86 290
68 87 498
68 88 352
68 89 344
68 90 314
68 91 431
68 92 280
68 93 257
68 94 294
68 95 339
68 96 316
68 97 453
68 98 258
68 99 288
69 1 420
69 2 350
69 3 280
69 4 371
69 5 343
69 6 438
69 7 256
69 8 473
69 9 454
69 10 351
69 11 384
69 12 467
69 13 451
69 14 384
69 15 439
69 16 372
69 17 479
69 18 412
69 19 369
69 20 439
69 21 382
69 22 308
69 23 467
69 24 262
69 25 414
69 26 489
69 27 371
69 28 373
69 29 296
69 30 470
69 31 408
69 32 466
69 33 252
69 34 441
69 35 480
69 36 307
69 37 426
69 38 475
69 39 435
69 40 307
69 41 282
69 42 427
69 43 327
69 44 272
69 45 393
69 46 488
69 47 445
69 48 329
69 49 310
69 50 340
69 51 293
69 52 395
69 53 384
69 54 447
69 55 293
69 56 462
69 57 426
69 58 312
69 59 336
69 60 321
69 61 427
69 62 467
69 63 250
69 64 492
69 65 352
69 66 416
69 67 482
69 68 431
69 70 492
69 71 290
69 72 347
69 73 392
69 74 489
69 75 430
69 76 385
69 77 482
69 78 327
69 79 268
69 80 456
69 81 278
69 82 312
69 83 482
69 84 398
69 85 317
69 86 281
69 87 375
69 88 281
69 89 454
69 90 477
69 91 410
69 92 414
69 93 454
69 94 275
69 95 405
69 96 398
69 97 264
69 98 459
69 99 254
70 1 393
70 2 296
70 3 403
70 4 488
70 5 344
70 6 364
70 7 384
70 8 325
70 9 477
70 10 459
70 11 253
70 12 257
70 13 499
70 14 336
70 15 261
70 16 379
70 17 367
70 18 253
70 19 259
70 20 347
70 21 433
70 22 312
70 23 319
70 24 490
70 25 281
70 26 283
70 27 432
70 28 425
70 29 451
70 30 336
70 31 415
70 32 498
70 33 260
70 34 364
70 35 379
70 36 383
70 37 423
70 38 380
70 39 477
70 40 356
70 41 488
70 42 439
70 43 265
70 44 497
70 45 420
70 46 262
70 47 432
70 48 266
70 49 324
70 50 476
70 51 284
70 52 446
70 53 309
70 54 377
70 55 285
70 56 491
70 57 273
70 58 416
70 59 479
70 60 418
70 61 288
70 62 404
70 63 392
70 64 371
70 65 266
70 66 327
70 67 387
70 68 478
70 69 492
70 71 256
70 72 294
70 73 372
70 74 438
70 75 479
70 76 355
70 77 486
70 78 309
70 79 415
70 80 451
70 81 388
70 82 289
70 83 271
70 84 356
70 85 294
70 86 288
70 87 407
70 88 260
70 89 294
70 90 320
70 91 441
70 92 395
70 93 369
70 94 499
70 95 356
70 96 432
70 97 300
70 98 357
70 99 433
71 1 259
71 2 275
71 3 314
71 4 480
71 5 290
71 6 405
71 7 300
71 8 463
71 9 379
71 10 500
71 11 430
71 12 490
71 13 353
71 14 254
71 15 403
71 16 266
71 17 348
71 18 466
71 19 391
71 20 399
71 21 313
71 22 433
71 23 388
71 24 495
71 25 304
71 26 446
71 27 308
71 28 441
71 29 382
71 30 418
71 31 383
71 32 360
71 33 355
71 34 361
71 35 277
71 36 432
71 37 474
71 38 257
71 39 363
71 40 316
71 41 362
71 42 264
71 43 308
71 44 443
71 45 443
71 46 277
71 47 486
71 48 494
71 49 277
71 50 357
71 51 428
71 52 278
71 53 355
71 54 366
71 55 493
71 56 466
71 57 404
71 58 478
71 59 488
71 60 322
71 61 359
71 62 269
71 63 313
71 64 255
71 65 440
71 66 317
71 67 429
71 68 459
71 69 290
71 70 256
71 72 277
71 73 491
71 74 273
71 75 394
71 76 387
71 77 394
71 78 486
71 79 366
71 80 395
71 81 280
71 82 475
71 83 350
71 84 407
71 85 335
71 86 252
71 87 320
71 88 485
71 89 274
71 90 444
71 91 483
71 92 270
71 93 279
71 94 317
71 95 482
71 96 439
71 97 388
71 98 308
71 99 342
72 1 332
72 2 418
72 3 270
72 4 258
72 5 268
72 6 482
72 7 405
72 8 253
72 9 406
72 10 341
72 11 486
72 12 478
72 13 280
72 14 253
72 15 463
72 16 432
72 17 386
72 18 460
72 19 495
72 20 355
72 21 482
72 22 289
72 23 271
72 24 265
72 25 330
72 26 374
72 27 433
72 28 458
72 29 426
72 30 405
72 31 255
72 32 384
72 33 496
72 34 292
72 35 267
72 36 343
72 37 474
72 38 331
72 39 330
72 40 476
72 41 365
72 42 287
72 43 313
72 44 436
72 45 488
72 46 324
72 47 393
72 48 473
72 49 382
72 50 308
72 51 363
72 52 251
72 53 332
72 54 332
72 55 471
72 56 484
72 57 376
72 58 433
72 59 326
72 60 454
72 61 274
72 62 338
72 63 391
72 64 355
72 65 489
72 66 268
72 67 373
72 68 308
72 69 347
72 70 294
72 71 277
72 73 368
72 74 383
72 75 266
72 76 254
72 77 371
72 78 321
72 79 415
72 80 250
72 81 453
72 82 251
72 83 371
72 84 372
72 85 437
72 86 449
72 87 318
72 88 351
72 89 492
72 90 433
72 91 386
72 92 321
72 93 293
72 94 453
72 95 420
72 96 291
72 97 436
72 98 274
72 99 374
73 1 487
73 2 367
73 3 279
73 4 266
73 5 490
73 6 306
73 7 490
73 8 328
73 9 282
73 10 282
73 11 429
73 12 303
73 13 398
73 14 462
73 15 280
73 16 389
73 17 330
73 18 468
73 19 431
73 20 380
73 21 251
73 22 296
73 23 421
73 24 362
73 25 434
73 26 456
73 27 355
73 28 353
73 29 385
73 30 257
73 31 255
73 32 320
73 33 456
73 34 372
73 35 388
73 36 270
73 37 432
73 38 302
73 39 273
73 40 462
73 41 437
73 42 428
73 43 417
73 44 352
73 45 460
73 46 446
73 47 399
73 48 368
73 49 401
73 50 252
73 51 267
73 52 487
73 53 301
73 54 488
73 55 478
73 56 267
73 57 363
73 58 453
73 59 412
73 60 418
73 61 252
73 62 346
73 63 264
73 64 350
73 65 319
73 66 467
73 67 382
73 68 288
73 69 392
73 70 372
73 71 491
73 72 368
73 74 256
73 75 318
73 76 283
73 77 310
73 78 253
73 79 320
73 80 405
73 81 311
73 82 487
73 83 309
73 84 272
73 85 389
73 86 252
73 87 450
73 88 463
73 89 388
73 90 385
73 91 419
73 92 336
73 93 302
73 94 477
73 95 444
73 96 278
73 97 412
73 98 339
73 99 351
74 1 420
74 2 268
74 3 292
74 4 470
74 5 293
74 6 254
74 7 367
74 8 299
74 9 406
74 10 384
74 11 471
74 12 425
74 13 481
74 14 336
74 15 275
74 16 264
74 17 252
74 18 372
74 19 273
74 20 379
74 21 344
74 22 378
74 23 426
74 24 304
74 25 250
74 26 372
74 27 497
74 28 435
74 29 331
74 30 373
74 31 428
74 32 490
74 33 374
74 34 342
74 35 332
74 36 322
74 37 408
74 38 496
74 39 361
74 40 262
74 41 274
74 42 454
74 43 380
74 44 314
74 45 482
74 46 304
74 47 337
74 48 322
74 49 325
74 50 436
74 51 317
74 52 289
74 53 354
74 54 266
74 55 311
74 56 304
74 57 483
74 58 281
74 59 254
74 60 306
74 61 398
74 62 338
74 63 459
74 64 482
74 65 357
74 66 463
74 67 295
74 68 389
74 69 489
74 70 438
74 71 273
74 72 383
74 73 256
74 75 372
74 76 500
74 77 426
74 78 433
74 79 362
74 80 496
74 81 313
74 82 296
74 83 361
74 84 404
74 85 373
74 86 469
74 87 252
74 88 343
74 89 411
74 90 390
74 91 453
74 92 260
74 93 482
74 94 429
74 95 397
74 96 498
74 97 280
74 98 303
74 99 401
75 1 431
75 2 483
75 3 354
75 4 484
75 5 414
75 6 268
75 7 434
75 8 290
75 9 486
75 10 264
75 11 396
75 12 497
75 13 431
75 14 398
75 15 481
75 16 312
75 17 400
75 18 440
75 19 474
75 20 256
75 21 260
75 22 410
75 23 392
75 24 340
75 25 325
75 26 391
75 27 438
75 28 467
75 29 318
75 30 253
75 31 380
75 32 284
75 33 261
75 34 345
75 35 301
75 36 261
75 37 320
75 38 373
75 39 284
75 40 275
75 41 433
75 42 284
75 43 492
75 44 270
75 45 388
75 46 323
75 47 300
75 48 366
75 49 449
75 50 258
75 51 405
75 52 405
75 53 354
75 54 251
75 55 295
75 56 330
75 57 333
75 58 385
75 59 446
75 60 463
75 61 429
75 62 431
75 63 252
75 64 418
75 65 424
75 66 417
75 67 306
75 68 479
75 69 430
75 70 479
75 71 394
75 72 266
75 73 318
75 74 372
75 76 308
75 77 267
75 78 376
75 79 333
75 80 310
75 81 413
75 82 395
75 83 395
75 84 300
75 85 407
75 86 271
75 87 369
75 88 450
75 89 361
75 90 377
75 91 465
75 92 422
75 93 392
75 94 423
75 95 390
75 96 361
75 97 372
75 98 489
75 99 467
76 1 417
76 2 461
76 3 449
76 4 278
76 5 455
76 6 400
76 7 285
76 8 435
76 9 285
76 10 498
76 11 373
76 12 474
76 13 330
76 14 452
76 15 265
76 16 323
76 17 331
76 18 381
76 19 451
76 20 436
76 21 354
76 22 453
76 23 429
76 24 383
76 25 381
76 26 415
76 27 381
76 28 415
76 29 433
76 30 432
76 31 337
76 32 280
76 33 373
76 34 330
76 35 461
76 36 329
76 37 481
76 38 339
76 39 478
76 40 309
76 41 430
76 42 454
76 43 395
76 44 425
76 45 408
76 46 260
76 47 447
76 48 312
76 49 464
76 50 473
76 51 468
76 52 454
76 53 348
76 54 377
76 55 498
76 56 250
76 57 311
76 58 314
76 59 295
76 60 432
76 61 485
76 62 324
76 63 406
76 64 449
76 65 448
76 66 264
76 67 291
76 68 256
76 69 385
76 70 355
76 71 387
76 72 254
76 73 283
76 74 500
76 75 308
76 77 402
76 78 306
76 79 292
76 80 456
76 81 382
76 82 379
76 83 339
76 84 386
76 85 270
76 86 464
76 87 350
76 88 396
76 89 478
76 90 370
76 91 331
76 92 494
76 93 411
76 94 256
76 95 390
76 96 394
76 97 432
76 98 296
76 99 321
77 1 366
77 2 492
77 3 430
77 4 475
77 5 257
77 6 495
77 7 320
77 8 453
77 9 317
77 10 362
77 11 343
77 12 430
77 13 480
77 14 399
77 15 439
77 16 257
77 17 360
77 18 356
77 19 269
77 20 424
77 21 263
77 22 407
77 23 452
77 24 316
77 25 492
77 26 302
77 27 340
77 28 287
77 29 304
77 30 402
77 31 455
77 32 493
77 33 341
77 34 476
77 35 376
77 36 397
77 37 331
77 38 440
77 39 273
77 40 287
77 41 354
77 42 301
77 43 353
77 44 378
77 45 476
77 46 273
77 47 463
77 48 292
77 49 290
77 50 400
77 51 483
77 52 397
77 53 396
77 54 252
77 55 369
77 56 490
77 57 463
77 58 464
77 59 480
77 60 488
77 61 436
77 62 491
77 63 367
77 64 480
77 65 298
77 66 444
77 67 495
77 68 422
77 69 482
77 70 486
77 71 394
77 72 371
77 73 310
77 74 426
77 75 267
77 76 402
77 78 493
77 79 477
77 80 397
77 81 361
77 82 428
77 83 310
77 84 258
77 85 406
77 86 263
77 87 474
77 88 254
77 89 303
77 90 310
77 91 386
77 92 469
77 93 339
77 94 487
77 95 376
77 96 268
77 97 438
77 98 319
77 99 493
78 1 392
78 2 443
78 3 476
78 4 368
78 5 308
78 6 426
78 7 468
78 8 488
78 9 386
78 10 330
78 11 296
78 12 462
78 13 381
78 14 276
78 15 469
78 16 349
78 17 386
78 18 370
78 19 457
78 20 417
78 21 372
78 22 491
78 23 348
78 24 294
78 25 379
78 26 283
78 27 322
78 28 450
78 29 389
78 30 331
78 31 319
78 32 478
78 33 427
78 34 488
78 35 347
78 36 486
78 37 363
78 38 310
78 39 358
78 40 485
78 41 489
78 42 335
78 43 255
78 44 300
78 45 431
78 46 283
78 47 487
78 48 252
78 49 305
78 50 395
78 51 451
78 52 390
78 53 294
78 54 464
78 55 377
78 56 303
78 57 413
78 58 471
78 59 343
78 60 331
78 61 463
78 62 366
78 63 450
78 64 455
78 65 489
78 66 284
78 67 498
78 68 288
78 69 327
78 70 309
78 71 486
78 72 321
78 73 253
78 74 433
78 75 376
78 76 306
78 77 493
78 79 251
78 80 401
78 81 344
78 82 500
78 83 354
78 84 361
78 85 307
78 86 321
78 87 325
78 88 401
78 89 369
78 90 480
78 91 275
78 92 256
78 93 349
78 94 275
78 95 485
78 96 252
78 97 359
78 98 360
78 99 405
79 1 287
79 2 383
79 3 257
79 4 378
79 5 499
79 6 263
79 7 414
79 8 333
79 9 489
79 10 328
79 11 464
79 12 269
79 13 489
79 14 433
79 15 368
79 16 367
79 17 255
79 18 392
79 19 443
79 20 315
79 21 358
79 22 350
79 23 341
79 24 483
79 25 351
79 26 309
79 27 422
79 28 270
79 29 313
79 30 423
79 31 401
79 32 449
79 33 275
79 34 442
79 35 482
79 36 300
79 37 288
79 38 422
79 39 277
79 40 439
79 41 466
79 42 499
79 43 425
79 44 317
79 45 467
79 46 276
79 47 333
79 48 309
79 49 273
79 50 277
79 51 330
79 52 429
79 53 304
79 54 336
79 55 365
79 56 443
79 57 322
79 58 268
79 59 470
79 60 343
79 61 411
79 62 441
79 63 330
79 64 309
79 65 283
79 66 480
79 67 339
79 68 306
79 69 268
79 70 415
79 71 366
79 72 415
79 73 320
79 74 362
79 75 333
79 76 292
79 77 477
79 78 251
79 80 257
79 81 347
79 82 461
79 83 397
79 84 326
79 85 298
79 86 417
79 87 314
79 88 449
79 89 365
79 90 265
79 91 362
79 92 479
79 93 486
79 94 476
79 95 355
79 96 491
79 97 266
79 98 322
79 99 337
80 1 320
80 2 430
80 3 457
80 4 424
80 5 419
80 6 437
80 7 405
80 8 282
80 9 382
80 10 348
80 11 346
80 12 309
80 13 383
80 14 381
80 15 343
80 16 443
80 17 408
80 18 281
80 19 395
80 20 494
80 21 417
80 22 459
80 23 287
80 24 308
80 25 471
80 26 494
80 27 332
80 28 385
80 29 383
80 30 307
80 31 378
80 32 266
80 33 408
80 34 323
80 35 305
80 36 431
80 37 465
80 38 498
80 39 449
80 40 429
80 41 292
80 42 345
80 43 491
80 44 480
80 45 313
80 46 296
80 47 308
80 48 314
80 49 468
80 50 466
80 51 260
80 52 252
80 53 470
80 54 272
80 55 361
80 56 325
80 57 405
80 58 399
80 59 326
80 60 413
80 61 250
80 62 271
80 63 441
80 64 482
80 65 474
80 66 366
80 67 286
80 68 436
80 69 456
80 70 451
80 71 395
80 72 250
80 73 405
80 74 496
80 75 310
80 76 456
80 77 397
80 78 401
80 79 257
80 81 453
80 82 286
80 83 482
80 84 356
80 85 406
80 86 423
80 87 425
80 88 289
80 89 442
80 90 345
80 91 276
80 92 398
80 93 426
80 94 367
80 95 431
80 96 400
80 97 376
80 98 290
80 99 414
81 1 460
81 2 346
81 3 353
81 4 414
81 5 348
81 6 408
81 7 448
81 8 339
81 9 359
81 10 483
81 11 451
81 12 263
81 13 460
81 14 276
81 15 353
81 16 498
81 17 387
81 18 410
81 19 294
81 20 434
81 21 293
81 22 373
81 23 384
81 24 362
81 25 421
81 26 261
81 27 368
81 28 350
81 29 269
81 30 386
81 31 314
81 32 263
81 33 468
81 34 408
81 35 366
81 36 354
81 37 375
81 38 394
81 39 472
81 40 305
81 41 308
81 42 456
81 43 315
81 44 441
81 45 288
81 46 362
81 47 485
81 48 434
81 49 379
81 50 325
81 51 420
81 52 352
81 53 301
81 54 401
81 55 493
81 56 327
81 57 398
81 58 266
81 59 464
81 60 427
81 61 334
81 62 293
81 63 303
81 64 344
81 65 466
81 66 412
81 67 369
81 68 492
81 69 278
81 70 388
81 71 280
81 72 453
81 73 311
81 74 313
81 75 413
81 76 382
81 77 361
81 78 344
81 79 347
81 80 453
81 82 353
81 83 398
81 84 301
81 85 370
81 86 490
81 87 366
81 88 351
81 89 427
81 90 335
81 91 489
81 92 454
81 93 392
81 94 489
81 95 420
81 96 460
81 97 265
81 98 331
81 99 349
82 1 366
82 2 339
82 3 442
82 4 309
82 5 466
82 6 256
82 7 254
82 8 343
82 9 437
82 10 301
82 11 408
82 12 370
82 13 445
82 14 402
82 15 337
82 16 412
82 17 332
82 18 438
82 19 351
82 20 338
82 21 428
82 22 492
82 23 475
82 24 352
82 25 267
82 26 403
82 27 335
82 28 411
82 29 368
82 30 381
82 31 349
82 32 336
82 33 474
82 34 472
82 35 409
82 36 404
82 37 269
82 38 362
82 39 495
82 40 381
82 41 442
82 42 292
82 43 278
82 44 416
82 45 312
82 46 282
82 47 413
82 48 407
82 49 392
82 50 403
82 51 377
82 52 251
82 53 258
82 54 320
82 55 303
82 56 444
82 57 439
82 58 311
82 59 435
82 60 310
82 61 379
82 62 310
82 63 482
82 64 250
82 65 355
82 66 296
82 67 462
82 68 313
82 69 312
82 70 289
82 71 475
82 72 251
82 73 487
82 74 296
82 75 395
82 76 379
82 77 428
82 78 500
82 79 461
82 80 286
82 81 353
82 83 470
82 84 434
82 85 368
82 86 282
82 87 383
82 88 371
82 89 263
82 90 332
82 91 295
82 92 393
82 93 443
82 94 274
82 95 275
82 96 496
82 97 399
82 98 465
82 99 443
83 1 399
83 2 388
83 3 260
83 4 496
83 5 428
83 6 378
83 7 395
83 8 252
83 9 278
83 10 344
83 11 266
83 12 353
83 13 407
83 14 307
83 15 300
83 16 441
83 17 448
83 18 311
83 19 373
83 20 488
83 21 437
83 22 389
83 23 441
83 24 406
83 25 386
83 26 449
83 27 426
83 28 317
83 29 261
83 30 320
83 31 330
83 32 297
83 33 449
83 34 492
83 35 336
83 36 462
83 37 483
83 38 464
83 39 280
83 40 448
83 41 342
83 42 433
83 43 285
83 44 498
83 45 382
83 46 260
83 47 494
83 48 402
83 49 450
83 50 482
83 51 398
83 52 482
83 53 440
83 54 302
83 55 313
83 56 253
83 57 377
83 58 344
83 59 402
83 60 346
83 61 320
83 62 337
83 63 276
83 64 353
83 65 289
83 66 409
83 67 270
83 68 358
83 69 482
83 70 271
83 71 350
83 72 371
83 73 309
83 74 361
83 75 395
83 76 339
83 77 310
83 78 354
83 79 397
83 80 482
83 81 398
83 82 470
83 84 435
83 85 379
83 86 386
83 87 290
83 88 493
83 89 314
83 90 460
83 91 329
83 92 435
83 93 357
83 94 454
83 95 299
83 96 250
83 97 419
83 98 387
83 99 375
84 1 283
84 2 344
84 3 360
84 4 474
84 5 368
84 6 405
84 7 469
84 8 465
84 9 368
84 10 451
84 11 447
84 12 329
84 13 269
84 14 406
84 15 253
84 16 413
84 17 494
84 18 398
84 19 293
84 20 460
84 21 351
84 22 419
84 23 336
84 24 400
84 25 455
84 26 388
84 27 315
84 28 340
84 29 489
84 30 500
84 31 424
84 32 458
84 33 409
84 34 497
84 35 435
84 36 491
84 37 325
84 38 348
84 39 426
84 40 341
84 41 282
84 42 478
84 43 327
84 44 455
84 45 462
84 46 358
84 47 345
84 48 434
84 49 258
84 50 418
84 51 312
84 52 408
84 53 364
84 54 342
84 55 262
84 56 471
84 57 449
84 58 444
84 59 254
84 60 254
84 61 351
84 62 358
84 63 359
84 64 356
84 65 454
84 66 381
84 67 272
84 68 458
84 69 398
84 70 356
84 71 407
84 72 372
84 73 272
84 74 404
84 75 300
84 76 386
84 77 258
84 78 361
84 79 326
84 80 356
84 81 301
84 82 434
84 83 435
84 85 447
84 86 493
84 87 327
84 88 308
84 89 321
84 90 255
84 91 305
84 92 337
84 93 491
84 94 359
84 95 316
84 96 390
84 97 368
84 98 284
84 99 353
85 1 471
85 2 356
85 3 380
85 4 299
85 5 499
85 6 265
85 7 476
85 8 443
85 9 367
85 10 348
85 11 298
85 12 329
85 13 486
85 14 494
85 15 260
85 16 331
85 17 381
85 18 283
85 19 284
85 20 285
85 21 323
85 22 294
85 23 297
85 24 416
85 25 428
85 26 358
85 27 388
85 28 337
85 29 348
85 30 286
85 31 299
85 32 298
85 33 454
85 34 443
85 35 453
85 36 288
85 37 260
85 38 459
85 39 469
85 40 277
85 41 455
85 42 366
85 43 260
85 44 339
85 45 306
85 46 349
85 47 268
85 48 405
85 49 328
85 50 365
85 51 254
85 52 450
85 53 369
85 54 486
85 55 466
85 56 274
85 57 484
85 58 295
85 59 458
85 60 318
85 61 318
85 62 337
85 63 357
85 64 334
85 65 433
85 66 494
85 67 329
85 68 335
85 69 317
85 70 294
85 71 335
85 72 437
85 73 389
85 74 373
85 75 407
85 76 270
85 77 406
85 78 307
85 79 298
85 80 406
85 81 370
85 82 368
85 83 379
85 84 447
85 86 379
85 87 353
85 88 498
85 89 489
85 90 288
85 91 322
85 92 374
85 93 338
85 94 293
85 95 383
85 96 438
85 97 371
85 98 268
85 99 472
86 1 464
86 2 341
86 3 282
86 4 373
86 5 334
86 6 367
86 7 457
86 8 320
86 9 442
86 10 284
86 11 255
86 12 358
86 13 399
86 14 425
86 15 275
86 16 261
86 17 412
86 18 482
86 19 314
86 20 404
86 21 288
86 22 342
86 23 481
86 24 479
86 25 447
86 26 418
86 27 271
86 28 269
86 29 271
86 30 338
86 31 293
86 32 250
86 33 343
86 34 430
86 35 421
86 36 269
86 37 477
86 38 396
86 39 262
86 40 251
86 41 457
86 42 487
86 43 269
86 44 485
86 45 329
86 46 323
86 47 302
86 48 379
86 49 439
86 50 399
86 51 482
86 52 317
86 53 339
86 54 430
86 55 380
86 56 388
86 57 410
86 58 459
86 59 407
86 60 476
86 61 328
86 62 266
86 63 307
86 64 377
86 65 465
86 66 367
86 67 292
86 68 290
86 69 281
86 70 288
86 71 252
86 72 449
86 73 252
86 74 469
86 75 271
86 76 464
86 77 263
86 78 321
86 79 417
86 80 423
86 81 490
86 82 282
86 83 386
86 84 493
86 85 379
86 87 252
86 88 317
86 89 318
86 90 406
86 91 348
86 92 346
86 93 275
86 94 375
86 95 441
86 96 498
86 97 463
86 98 388
86 99 450
87 1 468
87 2 451
87 3 419
87 4 489
87 5 436
87 6 476
87 7 273
87 8 467
87 9 469
87 10 345
87 11 396
87 12 366
87 13 419
87 14 269
87 15 263
87 16 380
87 17 287
87 18 467
87 19 421
87 20 338
87 21 354
87 22 455
87 23 253
87 24 283
87 25 354
87 26 465
87 27 441
87 28 458
87 29 377
87 30 445
87 31 332
87 32 433
87 33 391
87 34 362
87 35 463
87 36 484
87 37 479
87 38 396
87 39 305
87 40 461
87 41 296
87 42 324
87 43 392
87 44 474
87 45 356
87 46 409
87 47 458
87 48 369
87 49 408
87 50 381
87 51 251
87 52 492
87 53 407
87 54 322
87 55 409
87 56 493
87 57 315
87 58 259
87 59 379
87 60 380
87 61 446
87 62 295
87 63 486
87 64 427
87 65 373
87 66 411
87 67 399
87 68 498
87 69 375
87 70 407
87 71 320
87 72 318
87 73 450
87 74 252
87 75 369
87 76 350
87 77 474
87 78 325
87 79 314
87 80 425
87 81 366
87 82 383
87 83 290
87 84 327
87 85 353
87 86 252
87 88 337
87 89 326
87 90 431
87 91 361
87 92 419
87 93 332
87 94 417
87 95 303
87 96 345
87 97 489
87 98 464
87 99 475
88 1 364
88 2 323
88 3 329
88 4 350
88 5 333
88 6 376
88 7 431
88 8 320
88 9 258
88 10 451
88 11 481
88 12 294
88 13 329
88 14 349
88 15 472
88 16 298
88 17 424
88 18 328
88 19 280
88 20 491
88 21 362
88 22 337
88 23 292
88 24 326
88 25 320
88 26 468
88 27 377
88 28 399
88 29 362
88 30 358
88 31 482
88 32 317
88 33 345
88 34 279
88 35 343
88 36 383
88 37 334
88 38 495
88 39 287
88 40 398
88 41 479
88 42 483
88 43 362
88 44 282
88 45 355
88 46 427
88 47 480
88 48 272
88 49 365
88 50 332
88 51 399
88 52 306
88 53 301
88 54 397
88 55 416
88 56 462
88 57 469
88 58 477
88 59 440
88 60 351
88 61 323
88 62 302
88 63 337
88 64 256
88 65 428
88 66 457
88 67 376
88 68 352
88 69 281
88 70 260
88 71 485
88 72 351
88 73 463
88 74 343
88 75 450
88 76 396
88 77 254
88 78 401
88 79 449
88 80 289
88 81 351
88 82 371
88 83 493
88 84 308
88 85 498
88 86 317
88 87 337
88 89 339
88 90 364
88 91 259
88 92 449
88 93 347
88 94 404
88 95 301
88 96 255
88 97 279
88 98 262
88 99 425
89 1 341
89 2 358
89 3 344
89 4 316
89 5 473
89 6 256
89 7 297
89 8 370
89 9 433
89 10 401
89 11 411
89 12 295
89 13 392
89 14 398
89 15 349
89 16 257
89 17 292
89 18 338
89 19 319
89 20 289
89 21 366
89 22 262
89 23 426
89 24 493
89 25 484
89 26 302
89 27 358
89 28 264
89 29 465
89 30 292
89 31 285
89 32 283
89 33 344
89 34 364
89 35 313
89 36 383
89 37 350
89 38 491
89 39 255
89 40 293
89 41 268
89 42 324
89 43 305
89 44 332
89 45 469
89 46 436
89 47 303
89 48 345
89 49 452
89 50 293
89 51 409
89 52 448
89 53 401
89 54 429
89 55 284
89 56 304
89 57 464
89 58 296
89 59 277
89 60 489
89 61 259
89 62 421
89 63 494
89 64 458
89 65 409
89 66 345
89 67 310
89 68 344
89 69 454
89 70 294
89 71 274
89 72 492
89 73 388
89 74 411
89 75 361
89 76 478
89 77 303
89 78 369
89 79 365
89 80 442
89 81 427
89 82 263
89 83 314
89 84 321
89 85 489
89 86 318
89 87 326
89 88 339
89 90 422
89 91 457
89 92 316
89 93 425
89 94 343
89 95 424
89 96 450
89 97 441
89 98 424
89 99 461
90 1 258
90 2 359
90 3 360
90 4 378
90 5 443
90 6 290
90 7 499
90 8 321
90 9 476
90 10 280
90 11 377
90 12 483
90 13 360
90 14 402
90 15 483
90 16 308
90 17 289
90 18 380
90 19 315
90 20 294
90 21 292
90 22 259
90 23 400
90 24 407
90 25 286
90 26 266
90 27 412
90 28 251
90 29 269
90 30 314
90 31 425
90 32 415
90 33 435
90 34 368
90 35 406
90 36 357
90 37 462
90 38 384
90 39 339
90 40 437
90 41 294
90 42 308
90 43 294
90 44 389
90 45 391
90 46 353
90 47 365
90 48 299
90 49 289
90 50 486
90 51 316
90 52 479
90 53 358
90 54 350
90 55 270
90 56 383
90 57 359
90 58 399
90 59 271
90 60 397
90 61 294
90 62 437
90 63 328
90 64 335
90 65 475
90 66 262
90 67 494
90 68 314
90 69 477
90 70 320
90 71 444
90 72 433
90 73 385
90 74 390
90 75 377
90 76 370
90 77 310
90 78 480
90 79 265
90 80 345
90 81 335
90 82 332
90 83 460
90 84 255
90 85 288
90 86 406
90 87 431
90 88 364
90 89 422
90 91 265
90 92 272
90 93 295
90 94 437
90 95 261
90 96 465
90 97 497
90 98 308
90 99 275
91 1 463
91 2 275
91 3 363
91 4 407
91 5 490
91 6 382
91 7 392
91 8 278
91 9 422
91 10 325
91 11 348
91 12 496
91 13 293
91 14 386
91 15 378
91 16 497
91 17 468
91 18 480
91 19 344
91 20 460
91 21 412
91 22 309
91 23 368
91 24 355
91 25 311
91 26 291
91 27 265
91 28 477
91 29 269
91 30 254
91 31 333
91 32 287
91 33 465
91 34 393
91 35 351
91 36 401
91 37 275
91 38 366
91 39 430
91 40 427
91 41 263
91 42 321
91 43 364
91 44 490
91 45 427
91 46 434
91 47 258
91 48 295
91 49 283
91 50 291
91 51 496
91 52 390
91 53 392
91 54 480
91 55 370
91 56 257
91 57 269
91 58 342
91 59 402
91 60 476
91 61 497
91 62 255
91 63 283
91 64 482
91 65 377
91 66 290
91 67 417
91 68 431
91 69 410
91 70 441
91 71 483
91 72 386
91 73 419
91 74 453
91 75 465
91 76 331
91 77 386
91 78 275
91 79 362
91 80 276
91 81 489
91 82 295
91 83 329
91 84 305
91 85 322
91 86 348
91 87 361
91 88 259
91 89 457
91 90 265
91 92 475
91 93 290
91 94 334
91 95 396
91 96 297
91 97 484
91 98 490
91 99 409
92 1 402
92 2 388
92 3 391
92 4 443
92 5 295
92 6 326
92 7 340
92 8 405
92 9 356
92 10 458
92 11 298
92 12 275
92 13 406
92 14 428
92 15 492
92 16 398
92 17 358
92 18 455
92 19 315
92 20 500
92 21 302
92 22 340
92 23 409
92 24 446
92 25 480
92 26 328
92 27 257
92 28 319
92 29 483
92 30 481
92 31 338
92 32 326
92 33 498
92 34 489
92 35 470
92 36 345
92 37 430
92 38 426
92 39 397
92 40 401
92 41 340
92 42 318
92 43 283
92 44 418
92 45 381
92 46 271
92 47 441
92 48 460
92 49 291
92 50 269
92 51 460
92 52 384
92 53 387
92 54 276
92 55 386
92 56 336
92 57 328
92 58 348
92 59 364
92 60 448
92 61 453
92 62 267
92 63 466
92 64 375
92 65 327
92 66 434
92 67 343
92 68 280
92 69 414
92 70 395
92 71 270
92 72 321
92 73 336
92 74 260
92 75 422
92 76 494
92 77 469
92 78 256
92 79 479
92 80 398
92 81 454
92 82 393
92 83 435
92 84 337
92 85 374
92 86 346
92 87 419
92 88 449
92 89 316
92 90 272
92 91 475
92 93 301
92 94 292
92 95 288
92 96 410
92 97 258
92 98 412
92 99 314
93 1 381
93 2 454
93 3 292
93 4 253
93 5 448
93 6 439
93 7 289
93 8 410
93 9 337
93 10 346
93 11 278
93 12 433
93 13 327
93 14 381
93 15 488
93 16 421
93 17 337
93 18 343
93 19 267
93 20 278
93 21 272
93 22 313
93 23 386
93 24 388
93 25 420
93 26 366
93 27 274
93 28 351
93 29 496
93 30 467
93 31 440
93 32 420
93 33 459
93 34 289
93 35 409
93 36 494
93 37 351
93 38 488
93 39 322
93 40 458
93 41 330
93 42 487
93 43 429
93 44 272
93 45 360
93 46 499
93 47 263
93 48 393
93 49 381
93 50 453
93 51 411
93 52 476
93 53 475
93 54 262
93 55 277
93 56 484
93 57 488
93 58 251
93 59 308
93 60 470
93 61 412
93 62 444
93 63 454
93 64 346
93 65 346
93 66 287
93 67 319
93 68 257
93 69 454
93 70 369
93 71 279
93 72 293
93 73 302
93 74 482
93 75 392
93 76 411
93 77 339
93 78 349
93 79 486
93 80 426
93 81 392
93 82 443
93 83 357
93 84 491
93 85 338
93 86 275
93 87 332
93 88 347
93 89 425
93 90 295
93 91 290
93 92 301
93 94 277
93 95 356
93 96 297
93 97 330
93 98 394
93 99 487
94 1 254
94 2 401
94 3 409
94 4 406
94 5 269
94 6 266
94 7 317
94 8 304
94 9 388
94 10 253
94 11 413
94 12 448
94 13 261
94 14 355
94 15 406
94 16 492
94 17 396
94 18 314
94 19 274
94 20 405
94 21 291
94 22 382
94 23 318
94 24 293
94 25 372
94 26 315
94 27 464
94 28 484
94 29 400
94 30 496
94 31 251
94 32 390
94 33 400
94 34 350
94 35 403
94 36 409
94 37 485
94 38 350
94 39 323
94 40 326
94 41 306
94 42 404
94 43 281
94 44 466
94 45 431
94 46 361
94 47 467
94 48 375
94 49 414
94 50 309
94 51 299
94 52 449
94 53 488
94 54 472
94 55 463
94 56 286
94 57 468
94 58 396
94 59 364
94 60 321
94 61 327
94 62 459
94 63 418
94 64 498
94 65 375
94 66 265
94 67 267
94 68 294
94 69 275
94 70 499
94 71 317
94 72 453
94 73 477
94 74 429
94 75 423
94 76 256
94 77 487
94 78 275
94 79 476
94 80 367
94 81 489
94 82 274
94 83 454
94 84 359
94 85 293
94 86 375
94 87 417
94 88 404
94 89 343
94 90 437
94 91 334
94 92 292
94 93 277
94 95 441
94 96 326
94 97 486
94 98 264
94 99 262
95 1 465
95 2 297
95 3 311
95 4 255
95 5 252
95 6 380
95 7 458
95 8 285
95 9 363
95 10 451
95 11 383
95 12 488
95 13 265
95 14 401
95 15 327
95 16 343
95 17 301
95 18 278
95 19 451
95 20 284
95 21 397
95 22 494
95 23 336
95 24 404
95 25 386
95 26 466
95 27 288
95 28 480
95 29 421
95 30 389
95 31 406
95 32 261
95 33 441
95 34 373
95 35 467
95 36 301
95 37 270
95 38 358
95 39 443
95 40 427
95 41 409
95 42 331
95 43 457
95 44 439
95 45 441
95 46 323
95 47 299
95 48 391
95 49 480
95 50 494
95 51 318
95 52 348
95 53 299
95 54 432
95 55 396
95 56 267
95 57 277
95 58 252
95 59 300
95 60 362
95 61 306
95 62 327
95 63 351
95 64 297
95 65 451
95 66 425
95 67 385
95 68 339
95 69 405
95 70 356
95 71 482
95 72 420
95 73 444
95 74 397
95 75 390
95 76 390
95 77 376
95 78 485
95 79 355
95 80 431
95 81 420
95 82 275
95 83 299
95 84 316
95 85 383
95 86 441
95 87 303
95 88 301
95 89 424
95 90 261
95 91 396
95 92 288
95 93 356
95 94 441
95 96 317
95 97 476
95 98 266
95 99 269
96 1 371
96 2 355
96 3 287
96 4 394
96 5 405
96 6 413
96 7 425
96 8 257
96 9 428
96 10 378
96 11 405
96 12 427
96 13 366
96 14 459
96 15 285
96 16 495
96 17 306
96 18 350
96 19 494
96 20 296
96 21 269
96 22 408
96 23 278
96 24 333
96 25 466
96 26 294
96 27 383
96 28 453
96 29 351
96 30 317
96 31 379
96 32 327
96 33 324
96 34 413
96 35 275
96 36 486
96 37 445
96 38 334
96 39 267
96 40 279
96 41 369
96 42 401
96 43 258
96 44 395
96 45 412
96 46 452
96 47 485
96 48 362
96 49 371
96 50 475
96 51 295
96 52 338
96 53 382
96 54 491
96 55 342
96 56 451
96 57 310
96 58 495
96 59 364
96 60 287
96 61 448
96 62 482
96 63 394
96 64 379
96 65 363
96 66 402
96 67 431
96 68 316
96 69 398
96 70 432
96 71 439
96 72 291
96 73 278
96 74 498
96 75 361
96 76 394
96 77 268
96 78 252
96 79 491
96 80 400
96 81 460
96 82 496
96 83 250
96 84 390
96 85 438
96 86 498
96 87 345
96 88 255
96 89 450
96 90 465
96 91 297
96 92 410
96 93 297
96 94 326
96 95 317
96 97 383
96 98 357
96 99 455
97 1 497
97 2 298
97 3 364
97 4 411
97 5 421
97 6 432
97 7 470
97 8 374
97 9 462
97 10 309
97 11 486
97 12 328
97 13 304
97 14 291
97 15 431
97 16 319
97 17 415
97 18 439
97 19 451
97 20 471
97 21 472
97 22 316
97 23 281
97 24 389
97 25 416
97 26 440
97 27 372
97 28 382
97 29 342
97 30 313
97 31 472
97 32 400
97 33 299
97 34 294
97 35 375
97 36 407
97 37 453
97 38 252
97 39 347
97 40 279
97 41 449
97 42 492
97 43 478
97 44 393
97 45 297
97 46 289
97 47 412
97 48 347
97 49 399
97 50 363
97 51 376
97 52 322
97 53 281
97 54 451
97 55 268
97 56 438
97 57 460
97 58 487
97 59 327
97 60 460
97 61 463
97 62 251
97 63 472
97 64 378
97 65 391
97 66 301
97 67 354
97 68 453
97 69 264
97 70 300
97 71 388
97 72 436
97 73 412
97 74 280
97 75 372
97 76 432
97 77 438
97 78 359
97 79 266
97 80 376
97 81 265
97 82 399
97 83 419
97 84 368
97 85 371
97 86 463
97 87 489
97 88 279
97 89 441
97 90 497
97 91 484
97 92 258
97 93 330
97 94 486
97 95 476
97 96 383
97 98 446
97 99 458
98 1 397
98 2 359
98 3 486
98 4 355
98 5 404
98 6 269
98 7 492
98 8 349
98 9 334
98 10 452
98 11 412
98 12 434
98 13 346
98 14 415
98 15 288
98 16 443
98 17 350
98 18 473
98 19 494
98 20 473
98 21 448
98 22 377
98 23 410
98 24 294
98 25 400
98 26 440
98 27 279
98 28 273
98 29 298
98 30 442
98 31 388
98 32 302
98 33 419
98 34 338
98 35 440
98 36 335
98 37 425
98 38 345
98 39 349
98 40 461
98 41 338
98 42 364
98 43 262
98 44 443
98 45 332
98 46 429
98 47 344
98 48 274
98 49 440
98 50 435
98 51 259
98 52 291
98 53 445
98 54 412
98 55 467
98 56 489
98 57 419
98 58 453
98 59 259
98 60 331
98 61 323
98 62 440
98 63 261
98 64 397
98 65 285
98 66 476
98 67 287
98 68 258
98 69 459
98 70 357
98 71 308
98 72 274
98 73 339
98 74 303
98 75 489
98 76 296
98 77 319
98 78 360
98 79 322
98 80 290
98 81 331
98 82 465
98 83 387
98 84 284
98 85 268
98 86 388
98 87 464
98 88 262
98 89 424
98 90 308
98 91 490
98 92 412
98 93 394
98 94 264
98 95 266
98 96 357
98 97 446
98 99 427
1 t 426
2 t 267
3 t 375
4 t 369
5 t 286
6 t 471
7 t 394
8 t 422
9 t 340
10 t 390
11 t 326
12 t 342
13 t 309
14 t 455
15 t 451
16 t 367
17 t 421
18 t 293
19 t 417
20 t 479
21 t 450
22 t 283
23 t 477
24 t 436
25 t 367
26 t 341
27 t 419
28 t 268
29 t 483
30 t 284
31 t 352
32 t 261
33 t 417
34 t 253
35 t 470
36 t 470
37 t 289
38 t 488
39 t 363
40 t 330
41 t 312
42 t 418
43 t 455
44 t 370
45 t 457
46 t 292
47 t 409
48 t 474
49 t 418
50 t 452
51 t 497
52 t 309
53 t 488
54 t 352
55 t 426
56 t 349
57 t 297
58 t 275
59 t 386
60 t 341
61 t 270
62 t 493
63 t 480
64 t 466
65 t 391
66 t 363
67 t 471
68 t 288
69 t 254
70 t 433
71 t 342
72 t 374
73 t 351
74 t 401
75 t 467
76 t 321
77 t 493
78 t 405
79 t 337
80 t 414
81 t 349
82 t 443
83 t 375
84 t 353
85 t 472
86 t 450
87 t 475
88 t 425
89 t 461
90 t 275
91 t 409
92 t 314
93 t 487
94 t 262
95 t 269
96 t 455
97 t 458
98 t 427
