s (1,1) 300
s (2,1) 300
s (3,1) 300
s (4,1) 300
s (5,1) 300
s (6,1) 300
s (7,1) 300
s (8,1) 300
s (9,1) 300
s (10,1) 300
s (11,1) 300
s (12,1) 300
s (13,1) 300
s (14,1) 300
s (15,1) 300
s (16,1) 300
s (17,1) 300
s (18,1) 300
s (19,1) 300
s (20,1) 300
s (21,1) 300
s (22,1) 300
s (23,1) 300
s (24,1) 300
s (25,1) 300
s (26,1) 300
s (27,1) 300
s (28,1) 300
s (29,1) 300
s (30,1) 300
(1,1) (1,2) 300
(2,1) (2,2) 300
(3,1) (3,2) 300
(4,1) (4,2) 300
(5,1) (5,2) 300
(6,1) (6,2) 300
(7,1) (7,2) 300
(8,1) (8,2) 300
(9,1) (9,2) 300
(10,1) (10,2) 300
(11,1) (11,2) 300
(12,1) (12,2) 300
(13,1) (13,2) 300
(14,1) (14,2) 300
(15,1) (15,2) 300
(16,1) (16,2) 300
(17,1) (17,2) 300
(18,1) (18,2) 300
(19,1) (19,2) 300
(20,1) (20,2) 300
(21,1) (21,2) 300
(22,1) (22,2) 300
(23,1) (23,2) 300
(24,1) (24,2) 300
(25,1) (25,2) 300
(26,1) (26,2) 300
(27,1) (27,2) 300
(28,1) (28,2) 300
(29,1) (29,2) 300
(30,1) (30,2) 300
(1,2) (1,3) 300
(2,2) (2,3) 300
(3,2) (3,3) 300
(4,2) (4,3) 300
(5,2) (5,3) 300
(6,2) (6,3) 300
(7,2) (7,3) 300
(8,2) (8,3) 300
(9,2) (9,3) 300
(10,2) (10,3) 300
(11,2) (11,3) 300
(12,2) (12,3) 300
(13,2) (13,3) 300
(14,2) (14,3) 300
(15,2) (15,3) 300
(16,2) (16,3) 300
(17,2) (17,3) 300
(18,2) (18,3) 300
(19,2) (19,3) 300
(20,2) (20,3) 300
(21,2) (21,3) 300
(22,2) (22,3) 300
(23,2) (23,3) 300
(24,2) (24,3) 300
(25,2) (25,3) 300
(26,2) (26,3) 300
(27,2) (27,3) 300
(28,2) (28,3) 300
(29,2) (29,3) 300
(30,2) (30,3) 300
(1,3) (1,4) 300
(2,3) (2,4) 300
(3,3) (3,4) 300
(4,3) (4,4) 300
(5,3) (5,4) 300
(6,3) (6,4) 300
(7,3) (7,4) 300
(8,3) (8,4) 300
(9,3) (9,4) 300
(10,3) (10,4) 300
(11,3) (11,4) 300
(12,3) (12,4) 300
(13,3) (13,4) 300
(14,3) (14,4) 300
(15,3) (15,4) 300
(16,3) (16,4) 300
(17,3) (17,4) 300
(18,3) (18,4) 300
(19,3) (19,4) 300
(20,3) (20,4) 300
(21,3) (21,4) 300
(22,3) (22,4) 300
(23,3) (23,4) 300
(24,3) (24,4) 300
(25,3) (25,4) 300
(26,3) (26,4) 300
(27,3) (27,4) 300
(28,3) (28,4) 300
(29,3) (29,4) 300
(30,3) (30,4) 300
(1,4) (1,5) 300
(2,4) (2,5) 300
(3,4) (3,5) 300
(4,4) (4,5) 300
(5,4) (5,5) 300
(6,4) (6,5) 300
(7,4) (7,5) 300
(8,4) (8,5) 300
(9,4) (9,5) 300
(10,4) (10,5) 300
(11,4) (11,5) 300
(12,4) (12,5) 300
(13,4) (13,5) 300
(14,4) (14,5) 300
(15,4) (15,5) 300
(16,4) (16,5) 300
(17,4) (17,5) 300
(18,4) (18,5) 300
(19,4) (19,5) 300
(20,4) (20,5) 300
(21,4) (21,5) 300
(22,4) (22,5) 300
(23,4) (23,5) 300
(24,4) (24,5) 300
(25,4) (25,5) 300
(26,4) (26,5) 300
(27,4) (27,5) 300
(28,4) (28,5) 300
(29,4) (29,5) 300
(30,4) (30,5) 300
(1,5) (1,6) 300
(2,5) (2,6) 300
(3,5) (3,6) 300
(4,5) (4,6) 300
(5,5) (5,6) 300
(6,5) (6,6) 300
(7,5) (7,6) 300
(8,5) (8,6) 300
(9,5) (9,6) 300
(10,5) (10,6) 300
(11,5) (11,6) 300
(12,5) (12,6) 300
(13,5) (13,6) 300
(14,5) (14,6) 300
(15,5) (15,6) 300
(16,5) (16,6) 300
(17,5) (17,6) 300
(18,5) (18,6) 300
(19,5) (19,6) 300
(20,5) (20,6) 300
(21,5) (21,6) 300
(22,5) (22,6) 300
(23,5) (23,6) 300
(24,5) (24,6) 300
(25,5) (25,6) 300
(26,5) (26,6) 300
(27,5) (27,6) 300
(28,5) (28,6) 300
(29,5) (29,6) 300
(30,5) (30,6) 300
(1,6) (1,7) 300
(2,6) (2,7) 300
(3,6) (3,7) 300
(4,6) (4,7) 300
(5,6) (5,7) 300
(6,6) (6,7) 300
(7,6) (7,7) 300
(8,6) (8,7) 300
(9,6) (9,7) 300
(10,6) (10,7) 300
(11,6) (11,7) 300
(12,6) (12,7) 300
(13,6) (13,7) 300
(14,6) (14,7) 300
(15,6) (15,7) 300
(16,6) (16,7) 300
(17,6) (17,7) 300
(18,6) (18,7) 300
(19,6) (19,7) 300
(20,6) (20,7) 300
(21,6) (21,7) 300
(22,6) (22,7) 300
(23,6) (23,7) 300
(24,6) (24,7) 300
(25,6) (25,7) 300
(26,6) (26,7) 300
(27,6) (27,7) 300
(28,6) (28,7) 300
(29,6) (29,7) 300
(30,6) (30,7) 300
(1,7) (1,8) 300
(2,7) (2,8) 300
(3,7) (3,8) 300
(4,7) (4,8) 300
(5,7) (5,8) 300
(6,7) (6,8) 300
(7,7) (7,8) 300
(8,7) (8,8) 300
(9,7) (9,8) 300
(10,7) (10,8) 300
(11,7) (11,8) 300
(12,7) (12,8) 300
(13,7) (13,8) 300
(14,7) (14,8) 300
(15,7) (15,8) 300
(16,7) (16,8) 300
(17,7) (17,8) 300
(18,7) (18,8) 300
(19,7) (19,8) 300
(20,7) (20,8) 300
(21,7) (21,8) 300
(22,7) (22,8) 300
(23,7) (23,8) 300
(24,7) (24,8) 300
(25,7) (25,8) 300
(26,7) (26,8) 300
(27,7) (27,8) 300
(28,7) (28,8) 300
(29,7) (29,8) 300
(30,7) (30,8) 300
(1,8) (1,9) 300
(2,8) (2,9) 300
(3,8) (3,9) 300
(4,8) (4,9) 300
(5,8) (5,9) 300
(6,8) (6,9) 300
(7,8) (7,9) 300
(8,8) (8,9) 300
(9,8) (9,9) 300
(10,8) (10,9) 300
(11,8) (11,9) 300
(12,8) (12,9) 300
(13,8) (13,9) 300
(14,8) (14,9) 300
(15,8) (15,9) 300
(16,8) (16,9) 300
(17,8) (17,9) 300
(18,8) (18,9) 300
(19,8) (19,9) 300
(20,8) (20,9) 300
(21,8) (21,9) 300
(22,8) (22,9) 300
(23,8) (23,9) 300
(24,8) (24,9) 300
(25,8) (25,9) 300
(26,8) (26,9) 300
(27,8) (27,9) 300
(28,8) (28,9) 300
(29,8) (29,9) 300
(30,8) (30,9) 300
(1,9) (1,10) 300
(2,9) (2,10) 300
(3,9) (3,10) 300
(4,9) (4,10) 300
(5,9) (5,10) 300
(6,9) (6,10) 300
(7,9) (7,10) 300
(8,9) (8,10) 300
(9,9) (9,10) 300
(10,9) (10,10) 300
(11,9) (11,10) 300
(12,9) (12,10) 300
(13,9) (13,10) 300
(14,9) (14,10) 300
(15,9) (15,10) 300
(16,9) (16,10) 300
(17,9) (17,10) 300
(18,9) (18,10) 300
(19,9) (19,10) 300
(20,9) (20,10) 300
(21,9) (21,10) 300
(22,9) (22,10) 300
(23,9) (23,10) 300
(24,9) (24,10) 300
(25,9) (25,10) 300
(26,9) (26,10) 300
(27,9) (27,10) 300
(28,9) (28,10) 300
(29,9) (29,10) 300
(30,9) (30,10) 300
(1,10) (1,11) 300
(2,10) (2,11) 300
(3,10) (3,11) 300
(4,10) (4,11) 300
(5,10) (5,11) 300
(6,10) (6,11) 300
(7,10) (7,11) 300
(8,10) (8,11) 300
(9,10) (9,11) 300
(10,10) (10,11) 300
(11,10) (11,11) 300
(12,10) (12,11) 300
(13,10) (13,11) 300
(14,10) (14,11) 300
(15,10) (15,11) 300
(16,10) (16,11) 300
(17,10) (17,11) 300
(18,10) (18,11) 300
(19,10) (19,11) 300
(20,10) (20,11) 300
(21,10) (21,11) 300
(22,10) (22,11) 300
(23,10) (23,11) 300
(24,10) (24,11) 300
(25,10) (25,11) 300
(26,10) (26,11) 300
(27,10) (27,11) 300
(28,10) (28,11) 300
(29,10) (29,11) 300
(30,10) (30,11) 300
(1,11) (1,12) 300
(2,11) (2,12) 300
(3,11) (3,12) 300
(4,11) (4,12) 300
(5,11) (5,12) 300
(6,11) (6,12) 300
(7,11) (7,12) 300
(8,11) (8,12) 300
(9,11) (9,12) 300
(10,11) (10,12) 300
(11,11) (11,12) 300
(12,11) (12,12) 300
(13,11) (13,12) 300
(14,11) (14,12) 300
(15,11) (15,12) 300
(16,11) (16,12) 300
(17,11) (17,12) 300
(18,11) (18,12) 300
(19,11) (19,12) 300
(20,11) (20,12) 300
(21,11) (21,12) 300
(22,11) (22,12) 300
(23,11) (23,12) 300
(24,11) (24,12) 300
(25,11) (25,12) 300
(26,11) (26,12) 300
(27,11) (27,12) 300
(28,11) (28,12) 300
(29,11) (29,12) 300
(30,11) (30,12) 300
(1,12) (1,13) 300
(2,12) (2,13) 300
(3,12) (3,13) 300
(4,12) (4,13) 300
(5,12) (5,13) 300
(6,12) (6,13) 300
(7,12) (7,13) 300
(8,12) (8,13) 300
(9,12) (9,13) 300
(10,12) (10,13) 300
(11,12) (11,13) 300
(12,12) (12,13) 300
(13,12) (13,13) 300
(14,12) (14,13) 300
(15,12) (15,13) 300
(16,12) (16,13) 300
(17,12) (17,13) 300
(18,12) (18,13) 300
(19,12) (19,13) 300
(20,12) (20,13) 300
(21,12) (21,13) 300
(22,12) (22,13) 300
(23,12) (23,13) 300
(24,12) (24,13) 300
(25,12) (25,13) 300
(26,12) (26,13) 300
(27,12) (27,13) 300
(28,12) (28,13) 300
(29,12) (29,13) 300
(30,12) (30,13) 300
(1,13) (1,14) 300
(2,13) (2,14) 300
(3,13) (3,14) 300
(4,13) (4,14) 300
(5,13) (5,14) 300
(6,13) (6,14) 300
(7,13) (7,14) 300
(8,13) (8,14) 300
(9,13) (9,14) 300
(10,13) (10,14) 300
(11,13) (11,14) 300
(12,13) (12,14) 300
(13,13) (13,14) 300
(14,13) (14,14) 300
(15,13) (15,14) 300
(16,13) (16,14) 300
(17,13) (17,14) 300
(18,13) (18,14) 300
(19,13) (19,14) 300
(20,13) (20,14) 300
(21,13) (21,14) 300
(22,13) (22,14) 300
(23,13) (23,14) 300
(24,13) (24,14) 300
(25,13) (25,14) 300
(26,13) (26,14) 300
(27,13) (27,14) 300
(28,13) (28,14) 300
(29,13) (29,14) 300
(30,13) (30,14) 300
(1,14) (1,15) 300
(2,14) (2,15) 300
(3,14) (3,15) 300
(4,14) (4,15) 300
(5,14) (5,15) 300
(6,14) (6,15) 300
(7,14) (7,15) 300
(8,14) (8,15) 300
(9,14) (9,15) 300
(10,14) (10,15) 300
(11,14) (11,15) 300
(12,14) (12,15) 300
(13,14) (13,15) 300
(14,14) (14,15) 300
(15,14) (15,15) 300
(16,14) (16,15) 300
(17,14) (17,15) 300
(18,14) (18,15) 300
(19,14) (19,15) 300
(20,14) (20,15) 300
(21,14) (21,15) 300
(22,14) (22,15) 300
(23,14) (23,15) 300
(24,14) (24,15) 300
(25,14) (25,15) 300
(26,14) (26,15) 300
(27,14) (27,15) 300
(28,14) (28,15) 300
(29,14) (29,15) 300
(30,14) (30,15) 300
(1,15) (1,16) 300
(2,15) (2,16) 300
(3,15) (3,16) 300
(4,15) (4,16) 300
(5,15) (5,16) 300
(6,15) (6,16) 300
(7,15) (7,16) 300
(8,15) (8,16) 300
(9,15) (9,16) 300
(10,15) (10,16) 300
(11,15) (11,16) 300
(12,15) (12,16) 300
(13,15) (13,16) 300
(14,15) (14,16) 300
(15,15) (15,16) 300
(16,15) (16,16) 300
(17,15) (17,16) 300
(18,15) (18,16) 300
(19,15) (19,16) 300
(20,15) (20,16) 300
(21,15) (21,16) 300
(22,15) (22,16) 300
(23,15) (23,16) 300
(24,15) (24,16) 300
(25,15) (25,16) 300
(26,15) (26,16) 300
(27,15) (27,16) 300
(28,15) (28,16) 300
(29,15) (29,16) 300
(30,15) (30,16) 300
(1,16) (1,17) 300
(2,16) (2,17) 300
(3,16) (3,17) 300
(4,16) (4,17) 300
(5,16) (5,17) 300
(6,16) (6,17) 300
(7,16) (7,17) 300
(8,16) (8,17) 300
(9,16) (9,17) 300
(10,16) (10,17) 300
(11,16) (11,17) 300
(12,16) (12,17) 300
(13,16) (13,17) 300
(14,16) (14,17) 300
(15,16) (15,17) 300
(16,16) (16,17) 300
(17,16) (17,17) 300
(18,16) (18,17) 300
(19,16) (19,17) 300
(20,16) (20,17) 300
(21,16) (21,17) 300
(22,16) (22,17) 300
(23,16) (23,17) 300
(24,16) (24,17) 300
(25,16) (25,17) 300
(26,16) (26,17) 300
(27,16) (27,17) 300
(28,16) (28,17) 300
(29,16) (29,17) 300
(30,16) (30,17) 300
(1,17) (1,18) 300
(2,17) (2,18) 300
(3,17) (3,18) 300
(4,17) (4,18) 300
(5,17) (5,18) 300
(6,17) (6,18) 300
(7,17) (7,18) 300
(8,17) (8,18) 300
(9,17) (9,18) 300
(10,17) (10,18) 300
(11,17) (11,18) 300
(12,17) (12,18) 300
(13,17) (13,18) 300
(14,17) (14,18) 300
(15,17) (15,18) 300
(16,17) (16,18) 300
(17,17) (17,18) 300
(18,17) (18,18) 300
(19,17) (19,18) 300
(20,17) (20,18) 300
(21,17) (21,18) 300
(22,17) (22,18) 300
(23,17) (23,18) 300
(24,17) (24,18) 300
(25,17) (25,18) 300
(26,17) (26,18) 300
(27,17) (27,18) 300
(28,17) (28,18) 300
(29,17) (29,18) 300
(30,17) (30,18) 300
(1,18) (1,19) 300
(2,18) (2,19) 300
(3,18) (3,19) 300
(4,18) (4,19) 300
(5,18) (5,19) 300
(6,18) (6,19) 300
(7,18) (7,19) 300
(8,18) (8,19) 300
(9,18) (9,19) 300
(10,18) (10,19) 300
(11,18) (11,19) 300
(12,18) (12,19) 300
(13,18) (13,19) 300
(14,18) (14,19) 300
(15,18) (15,19) 300
(16,18) (16,19) 300
(17,18) (17,19) 300
(18,18) (18,19) 300
(19,18) (19,19) 300
(20,18) (20,19) 300
(21,18) (21,19) 300
(22,18) (22,19) 300
(23,18) (23,19) 300
(24,18) (24,19) 300
(25,18) (25,19) 300
(26,18) (26,19) 300
(27,18) (27,19) 300
(28,18) (28,19) 300
(29,18) (29,19) 300
(30,18) (30,19) 300
(1,19) (1,20) 300
(2,19) (2,20) 300
(3,19) (3,20) 300
(4,19) (4,20) 300
(5,19) (5,20) 300
(6,19) (6,20) 300
(7,19) (7,20) 300
(8,19) (8,20) 300
(9,19) (9,20) 300
(10,19) (10,20) 300
(11,19) (11,20) 300
(12,19) (12,20) 300
(13,19) (13,20) 300
(14,19) (14,20) 300
(15,19) (15,20) 300
(16,19) (16,20) 300
(17,19) (17,20) 300
(18,19) (18,20) 300
(19,19) (19,20) 300
(20,19) (20,20) 300
(21,19) (21,20) 300
(22,19) (22,20) 300
(23,19) (23,20) 300
(24,19) (24,20) 300
(25,19) (25,20) 300
(26,19) (26,20) 300
(27,19) (27,20) 300
(28,19) (28,20) 300
(29,19) (29,20) 300
(30,19) (30,20) 300
(1,20) (1,21) 300
(2,20) (2,21) 300
(3,20) (3,21) 300
(4,20) (4,21) 300
(5,20) (5,21) 300
(6,20) (6,21) 300
(7,20) (7,21) 300
(8,20) (8,21) 300
(9,20) (9,21) 300
(10,20) (10,21) 300
(11,20) (11,21) 300
(12,20) (12,21) 300
(13,20) (13,21) 300
(14,20) (14,21) 300
(15,20) (15,21) 300
(16,20) (16,21) 300
(17,20) (17,21) 300
(18,20) (18,21) 300
(19,20) (19,21) 300
(20,20) (20,21) 300
(21,20) (21,21) 300
(22,20) (22,21) 300
(23,20) (23,21) 300
(24,20) (24,21) 300
(25,20) (25,21) 300
(26,20) (26,21) 300
(27,20) (27,21) 300
(28,20) (28,21) 300
(29,20) (29,21) 300
(30,20) (30,21) 300
(1,21) (1,22) 300
(2,21) (2,22) 300
(3,21) (3,22) 300
(4,21) (4,22) 300
(5,21) (5,22) 300
(6,21) (6,22) 300
(7,21) (7,22) 300
(8,21) (8,22) 300
(9,21) (9,22) 300
(10,21) (10,22) 300
(11,21) (11,22) 300
(12,21) (12,22) 300
(13,21) (13,22) 300
(14,21) (14,22) 300
(15,21) (15,22) 300
(16,21) (16,22) 300
(17,21) (17,22) 300
(18,21) (18,22) 300
(19,21) (19,22) 300
(20,21) (20,22) 300
(21,21) (21,22) 300
(22,21) (22,22) 300
(23,21) (23,22) 300
(24,21) (24,22) 300
(25,21) (25,22) 300
(26,21) (26,22) 300
(27,21) (27,22) 300
(28,21) (28,22) 300
(29,21) (29,22) 300
(30,21) (30,22) 300
(1,22) (1,23) 300
(2,22) (2,23) 300
(3,22) (3,23) 300
(4,22) (4,23) 300
(5,22) (5,23) 300
(6,22) (6,23) 300
(7,22) (7,23) 300
(8,22) (8,23) 300
(9,22) (9,23) 300
(10,22) (10,23) 300
(11,22) (11,23) 300
(12,22) (12,23) 300
(13,22) (13,23) 300
(14,22) (14,23) 300
(15,22) (15,23) 300
(16,22) (16,23) 300
(17,22) (17,23) 300
(18,22) (18,23) 300
(19,22) (19,23) 300
(20,22) (20,23) 300
(21,22) (21,23) 300
(22,22) (22,23) 300
(23,22) (23,23) 300
(24,22) (24,23) 300
(25,22) (25,23) 300
(26,22) (26,23) 300
(27,22) (27,23) 300
(28,22) (28,23) 300
(29,22) (29,23) 300
(30,22) (30,23) 300
(1,23) (1,24) 300
(2,23) (2,24) 300
(3,23) (3,24) 300
(4,23) (4,24) 300
(5,23) (5,24) 300
(6,23) (6,24) 300
(7,23) (7,24) 300
(8,23) (8,24) 300
(9,23) (9,24) 300
(10,23) (10,24) 300
(11,23) (11,24) 300
(12,23) (12,24) 300
(13,23) (13,24) 300
(14,23) (14,24) 300
(15,23) (15,24) 300
(16,23) (16,24) 300
(17,23) (17,24) 300
(18,23) (18,24) 300
(19,23) (19,24) 300
(20,23) (20,24) 300
(21,23) (21,24) 300
(22,23) (22,24) 300
(23,23) (23,24) 300
(24,23) (24,24) 300
(25,23) (25,24) 300
(26,23) (26,24) 300
(27,23) (27,24) 300
(28,23) (28,24) 300
(29,23) (29,24) 300
(30,23) (30,24) 300
(1,24) (1,25) 300
(2,24) (2,25) 300
(3,24) (3,25) 300
(4,24) (4,25) 300
(5,24) (5,25) 300
(6,24) (6,25) 300
(7,24) (7,25) 300
(8,24) (8,25) 300
(9,24) (9,25) 300
(10,24) (10,25) 300
(11,24) (11,25) 300
(12,24) (12,25) 300
(13,24) (13,25) 300
(14,24) (14,25) 300
(15,24) (15,25) 300
(16,24) (16,25) 300
(17,24) (17,25) 300
(18,24) (18,25) 300
(19,24) (19,25) 300
(20,24) (20,25) 300
(21,24) (21,25) 300
(22,24) (22,25) 300
(23,24) (23,25) 300
(24,24) (24,25) 300
(25,24) (25,25) 300
(26,24) (26,25) 300
(27,24) (27,25) 300
(28,24) (28,25) 300
(29,24) (29,25) 300
(30,24) (30,25) 300
(1,25) (1,26) 300
(2,25) (2,26) 300
(3,25) (3,26) 300
(4,25) (4,26) 300
(5,25) (5,26) 300
(6,25) (6,26) 300
(7,25) (7,26) 300
(8,25) (8,26) 300
(9,25) (9,26) 300
(10,25) (10,26) 300
(11,25) (11,26) 300
(12,25) (12,26) 300
(13,25) (13,26) 300
(14,25) (14,26) 300
(15,25) (15,26) 300
(16,25) (16,26) 300
(17,25) (17,26) 300
(18,25) (18,26) 300
(19,25) (19,26) 300
(20,25) (20,26) 300
(21,25) (21,26) 300
(22,25) (22,26) 300
(23,25) (23,26) 300
(24,25) (24,26) 300
(25,25) (25,26) 300
(26,25) (26,26) 300
(27,25) (27,26) 300
(28,25) (28,26) 300
(29,25) (29,26) 300
(30,25) (30,26) 300
(1,26) (1,27) 300
(2,26) (2,27) 300
(3,26) (3,27) 300
(4,26) (4,27) 300
(5,26) (5,27) 300
(6,26) (6,27) 300
(7,26) (7,27) 300
(8,26) (8,27) 300
(9,26) (9,27) 300
(10,26) (10,27) 300
(11,26) (11,27) 300
(12,26) (12,27) 300
(13,26) (13,27) 300
(14,26) (14,27) 300
(15,26) (15,27) 300
(16,26) (16,27) 300
(17,26) (17,27) 300
(18,26) (18,27) 300
(19,26) (19,27) 300
(20,26) (20,27) 300
(21,26) (21,27) 300
(22,26) (22,27) 300
(23,26) (23,27) 300
(24,26) (24,27) 300
(25,26) (25,27) 300
(26,26) (26,27) 300
(27,26) (27,27) 300
(28,26) (28,27) 300
(29,26) (29,27) 300
(30,26) (30,27) 300
(1,27) (1,28) 300
(2,27) (2,28) 300
(3,27) (3,28) 300
(4,27) (4,28) 300
(5,27) (5,28) 300
(6,27) (6,28) 300
(7,27) (7,28) 300
(8,27) (8,28) 300
(9,27) (9,28) 300
(10,27) (10,28) 300
(11,27) (11,28) 300
(12,27) (12,28) 300
(13,27) (13,28) 300
(14,27) (14,28) 300
(15,27) (15,28) 300
(16,27) (16,28) 300
(17,27) (17,28) 300
(18,27) (18,28) 300
(19,27) (19,28) 300
(20,27) (20,28) 300
(21,27) (21,28) 300
(22,27) (22,28) 300
(23,27) (23,28) 300
(24,27) (24,28) 300
(25,27) (25,28) 300
(26,27) (26,28) 300
(27,27) (27,28) 300
(28,27) (28,28) 300
(29,27) (29,28) 300
(30,27) (30,28) 300
(1,28) (1,29) 300
(2,28) (2,29) 300
(3,28) (3,29) 300
(4,28) (4,29) 300
(5,28) (5,29) 300
(6,28) (6,29) 300
(7,28) (7,29) 300
(8,28) (8,29) 300
(9,28) (9,29) 300
(10,28) (10,29) 300
(11,28) (11,29) 300
(12,28) (12,29) 300
(13,28) (13,29) 300
(14,28) (14,29) 300
(15,28) (15,29) 300
(16,28) (16,29) 300
(17,28) (17,29) 300
(18,28) (18,29) 300
(19,28) (19,29) 300
(20,28) (20,29) 300
(21,28) (21,29) 300
(22,28) (22,29) 300
(23,28) (23,29) 300
(24,28) (24,29) 300
(25,28) (25,29) 300
(26,28) (26,29) 300
(27,28) (27,29) 300
(28,28) (28,29) 300
(29,28) (29,29) 300
(30,28) (30,29) 300
(1,29) (1,30) 300
(2,29) (2,30) 300
(3,29) (3,30) 300
(4,29) (4,30) 300
(5,29) (5,30) 300
(6,29) (6,30) 300
(7,29) (7,30) 300
(8,29) (8,30) 300
(9,29) (9,30) 300
(10,29) (10,30) 300
(11,29) (11,30) 300
(12,29) (12,30) 300
(13,29) (13,30) 300
(14,29) (14,30) 300
(15,29) (15,30) 300
(16,29) (16,30) 300
(17,29) (17,30) 300
(18,29) (18,30) 300
(19,29) (19,30) 300
(20,29) (20,30) 300
(21,29) (21,30) 300
(22,29) (22,30) 300
(23,29) (23,30) 300
(24,29) (24,30) 300
(25,29) (25,30) 300
(26,29) (26,30) 300
(27,29) (27,30) 300
(28,29) (28,30) 300
(29,29) (29,30) 300
(30,29) (30,30) 300
(1,30) (1,31) 300
(2,30) (2,31) 300
(3,30) (3,31) 300
(4,30) (4,31) 300
(5,30) (5,31) 300
(6,30) (6,31) 300
(7,30) (7,31) 300
(8,30) (8,31) 300
(9,30) (9,31) 300
(10,30) (10,31) 300
(11,30) (11,31) 300
(12,30) (12,31) 300
(13,30) (13,31) 300
(14,30) (14,31) 300
(15,30) (15,31) 300
(16,30) (16,31) 300
(17,30) (17,31) 300
(18,30) (18,31) 300
(19,30) (19,31) 300
(20,30) (20,31) 300
(21,30) (21,31) 300
(22,30) (22,31) 300
(23,30) (23,31) 300
(24,30) (24,31) 300
(25,30) (25,31) 300
(26,30) (26,31) 300
(27,30) (27,31) 300
(28,30) (28,31) 300
(29,30) (29,31) 300
(30,30) (30,31) 300
(1,31) (1,32) 300
(2,31) (2,32) 300
(3,31) (3,32) 300
(4,31) (4,32) 300
(5,31) (5,32) 300
(6,31) (6,32) 300
(7,31) (7,32) 300
(8,31) (8,32) 300
(9,31) (9,32) 300
(10,31) (10,32) 300
(11,31) (11,32) 300
(12,31) (12,32) 300
(13,31) (13,32) 300
(14,31) (14,32) 300
(15,31) (15,32) 300
(16,31) (16,32) 300
(17,31) (17,32) 300
(18,31) (18,32) 300
(19,31) (19,32) 300
(20,31) (20,32) 300
(21,31) (21,32) 300
(22,31) (22,32) 300
(23,31) (23,32) 300
(24,31) (24,32) 300
(25,31) (25,32) 300
(26,31) (26,32) 300
(27,31) (27,32) 300
(28,31) (28,32) 300
(29,31) (29,32) 300
(30,31) (30,32) 300
(1,32) (1,33) 300
(2,32) (2,33) 300
(3,32) (3,33) 300
(4,32) (4,33) 300
(5,32) (5,33) 300
(6,32) (6,33) 300
(7,32) (7,33) 300
(8,32) (8,33) 300
(9,32) (9,33) 300
(10,32) (10,33) 300
(11,32) (11,33) 300
(12,32) (12,33) 300
(13,32) (13,33) 300
(14,32) (14,33) 300
(15,32) (15,33) 300
(16,32) (16,33) 300
(17,32) (17,33) 300
(18,32) (18,33) 300
(19,32) (19,33) 300
(20,32) (20,33) 300
(21,32) (21,33) 300
(22,32) (22,33) 300
(23,32) (23,33) 300
(24,32) (24,33) 300
(25,32) (25,33) 300
(26,32) (26,33) 300
(27,32) (27,33) 300
(28,32) (28,33) 300
(29,32) (29,33) 300
(30,32) (30,33) 300
(1,33) (1,34) 300
(2,33) (2,34) 300
(3,33) (3,34) 300
(4,33) (4,34) 300
(5,33) (5,34) 300
(6,33) (6,34) 300
(7,33) (7,34) 300
(8,33) (8,34) 300
(9,33) (9,34) 300
(10,33) (10,34) 300
(11,33) (11,34) 300
(12,33) (12,34) 300
(13,33) (13,34) 300
(14,33) (14,34) 300
(15,33) (15,34) 300
(16,33) (16,34) 300
(17,33) (17,34) 300
(18,33) (18,34) 300
(19,33) (19,34) 300
(20,33) (20,34) 300
(21,33) (21,34) 300
(22,33) (22,34) 300
(23,33) (23,34) 300
(24,33) (24,34) 300
(25,33) (25,34) 300
(26,33) (26,34) 300
(27,33) (27,34) 300
(28,33) (28,34) 300
(29,33) (29,34) 300
(30,33) (30,34) 300
(1,34) (1,35) 300
(2,34) (2,35) 300
(3,34) (3,35) 300
(4,34) (4,35) 300
(5,34) (5,35) 300
(6,34) (6,35) 300
(7,34) (7,35) 300
(8,34) (8,35) 300
(9,34) (9,35) 300
(10,34) (10,35) 300
(11,34) (11,35) 300
(12,34) (12,35) 300
(13,34) (13,35) 300
(14,34) (14,35) 300
(15,34) (15,35) 300
(16,34) (16,35) 300
(17,34) (17,35) 300
(18,34) (18,35) 300
(19,34) (19,35) 300
(20,34) (20,35) 300
(21,34) (21,35) 300
(22,34) (22,35) 300
(23,34) (23,35) 300
(24,34) (24,35) 300
(25,34) (25,35) 300
(26,34) (26,35) 300
(27,34) (27,35) 300
(28,34) (28,35) 300
(29,34) (29,35) 300
(30,34) (30,35) 300
(1,1) (2,1) 300
(2,1) (1,1) 300
(2,1) (3,1) 300
(3,1) (2,1) 300
(3,1) (4,1) 300
(4,1) (3,1) 300
(4,1) (5,1) 300
(5,1) (4,1) 300
(5,1) (6,1) 300
(6,1) (5,1) 300
(6,1) (7,1) 300
(7,1) (6,1) 300
(7,1) (8,1) 300
(8,1) (7,1) 300
(8,1) (9,1) 300
(9,1) (8,1) 300
(9,1) (10,1) 300
(10,1) (9,1) 300
(10,1) (11,1) 300
(11,1) (10,1) 300
(11,1) (12,1) 300
(12,1) (11,1) 300
(12,1) (13,1) 300
(13,1) (12,1) 300
(13,1) (14,1) 300
(14,1) (13,1) 300
(14,1) (15,1) 300
(15,1) (14,1) 300
(15,1) (16,1) 300
(16,1) (15,1) 300
(16,1) (17,1) 300
(17,1) (16,1) 300
(17,1) (18,1) 300
(18,1) (17,1) 300
(18,1) (19,1) 300
(19,1) (18,1) 300
(19,1) (20,1) 300
(20,1) (19,1) 300
(20,1) (21,1) 300
(21,1) (20,1) 300
(21,1) (22,1) 300
(22,1) (21,1) 300
(22,1) (23,1) 300
(23,1) (22,1) 300
(23,1) (24,1) 300
(24,1) (23,1) 300
(24,1) (25,1) 300
(25,1) (24,1) 300
(25,1) (26,1) 300
(26,1) (25,1) 300
(26,1) (27,1) 300
(27,1) (26,1) 300
(27,1) (28,1) 300
(28,1) (27,1) 300
(28,1) (29,1) 300
(29,1) (28,1) 300
(29,1) (30,1) 300
(30,1) (29,1) 300
(1,2) (2,2) 300
(2,2) (1,2) 300
(2,2) (3,2) 300
(3,2) (2,2) 300
(3,2) (4,2) 300
(4,2) (3,2) 300
(4,2) (5,2) 300
(5,2) (4,2) 300
(5,2) (6,2) 300
(6,2) (5,2) 300
(6,2) (7,2) 300
(7,2) (6,2) 300
(7,2) (8,2) 300
(8,2) (7,2) 300
(8,2) (9,2) 300
(9,2) (8,2) 300
(9,2) (10,2) 300
(10,2) (9,2) 300
(10,2) (11,2) 300
(11,2) (10,2) 300
(11,2) (12,2) 300
(12,2) (11,2) 300
(12,2) (13,2) 300
(13,2) (12,2) 300
(13,2) (14,2) 300
(14,2) (13,2) 300
(14,2) (15,2) 300
(15,2) (14,2) 300
(15,2) (16,2) 300
(16,2) (15,2) 300
(16,2) (17,2) 300
(17,2) (16,2) 300
(17,2) (18,2) 300
(18,2) (17,2) 300
(18,2) (19,2) 300
(19,2) (18,2) 300
(19,2) (20,2) 300
(20,2) (19,2) 300
(20,2) (21,2) 300
(21,2) (20,2) 300
(21,2) (22,2) 300
(22,2) (21,2) 300
(22,2) (23,2) 300
(23,2) (22,2) 300
(23,2) (24,2) 300
(24,2) (23,2) 300
(24,2) (25,2) 300
(25,2) (24,2) 300
(25,2) (26,2) 300
(26,2) (25,2) 300
(26,2) (27,2) 300
(27,2) (26,2) 300
(27,2) (28,2) 300
(28,2) (27,2) 300
(28,2) (29,2) 300
(29,2) (28,2) 300
(29,2) (30,2) 300
(30,2) (29,2) 300
(1,3) (2,3) 300
(2,3) (1,3) 300
(2,3) (3,3) 300
(3,3) (2,3) 300
(3,3) (4,3) 300
(4,3) (3,3) 300
(4,3) (5,3) 300
(5,3) (4,3) 300
(5,3) (6,3) 300
(6,3) (5,3) 300
(6,3) (7,3) 300
(7,3) (6,3) 300
(7,3) (8,3) 300
(8,3) (7,3) 300
(8,3) (9,3) 300
(9,3) (8,3) 300
(9,3) (10,3) 300
(10,3) (9,3) 300
(10,3) (11,3) 300
(11,3) (10,3) 300
(11,3) (12,3) 300
(12,3) (11,3) 300
(12,3) (13,3) 300
(13,3) (12,3) 300
(13,3) (14,3) 300
(14,3) (13,3) 300
(14,3) (15,3) 300
(15,3) (14,3) 300
(15,3) (16,3) 300
(16,3) (15,3) 300
(16,3) (17,3) 300
(17,3) (16,3) 300
(17,3) (18,3) 300
(18,3) (17,3) 300
(18,3) (19,3) 300
(19,3) (18,3) 300
(19,3) (20,3) 300
(20,3) (19,3) 300
(20,3) (21,3) 300
(21,3) (20,3) 300
(21,3) (22,3) 300
(22,3) (21,3) 300
(22,3) (23,3) 300
(23,3) (22,3) 300
(23,3) (24,3) 300
(24,3) (23,3) 300
(24,3) (25,3) 300
(25,3) (24,3) 300
(25,3) (26,3) 300
(26,3) (25,3) 300
(26,3) (27,3) 300
(27,3) (26,3) 300
(27,3) (28,3) 300
(28,3) (27,3) 300
(28,3) (29,3) 300
(29,3) (28,3) 300
(29,3) (30,3) 300
(30,3) (29,3) 300
(1,4) (2,4) 300
(2,4) (1,4) 300
(2,4) (3,4) 300
(3,4) (2,4) 300
(3,4) (4,4) 300
(4,4) (3,4) 300
(4,4) (5,4) 300
(5,4) (4,4) 300
(5,4) (6,4) 300
(6,4) (5,4) 300
(6,4) (7,4) 300
(7,4) (6,4) 300
(7,4) (8,4) 300
(8,4) (7,4) 300
(8,4) (9,4) 300
(9,4) (8,4) 300
(9,4) (10,4) 300
(10,4) (9,4) 300
(10,4) (11,4) 300
(11,4) (10,4) 300
(11,4) (12,4) 300
(12,4) (11,4) 300
(12,4) (13,4) 300
(13,4) (12,4) 300
(13,4) (14,4) 300
(14,4) (13,4) 300
(14,4) (15,4) 300
(15,4) (14,4) 300
(15,4) (16,4) 300
(16,4) (15,4) 300
(16,4) (17,4) 300
(17,4) (16,4) 300
(17,4) (18,4) 300
(18,4) (17,4) 300
(18,4) (19,4) 300
(19,4) (18,4) 300
(19,4) (20,4) 300
(20,4) (19,4) 300
(20,4) (21,4) 300
(21,4) (20,4) 300
(21,4) (22,4) 300
(22,4) (21,4) 300
(22,4) (23,4) 300
(23,4) (22,4) 300
(23,4) (24,4) 300
(24,4) (23,4) 300
(24,4) (25,4) 300
(25,4) (24,4) 300
(25,4) (26,4) 300
(26,4) (25,4) 300
(26,4) (27,4) 300
(27,4) (26,4) 300
(27,4) (28,4) 300
(28,4) (27,4) 300
(28,4) (29,4) 300
(29,4) (28,4) 300
(29,4) (30,4) 300
(30,4) (29,4) 300
(1,5) (2,5) 300
(2,5) (1,5) 300
(2,5) (3,5) 300
(3,5) (2,5) 300
(3,5) (4,5) 300
(4,5) (3,5) 300
(4,5) (5,5) 300
(5,5) (4,5) 300
(5,5) (6,5) 300
(6,5) (5,5) 300
(6,5) (7,5) 300
(7,5) (6,5) 300
(7,5) (8,5) 300
(8,5) (7,5) 300
(8,5) (9,5) 300
(9,5) (8,5) 300
(9,5) (10,5) 300
(10,5) (9,5) 300
(10,5) (11,5) 300
(11,5) (10,5) 300
(11,5) (12,5) 300
(12,5) (11,5) 300
(12,5) (13,5) 300
(13,5) (12,5) 300
(13,5) (14,5) 300
(14,5) (13,5) 300
(14,5) (15,5) 300
(15,5) (14,5) 300
(15,5) (16,5) 300
(16,5) (15,5) 300
(16,5) (17,5) 300
(17,5) (16,5) 300
(17,5) (18,5) 300
(18,5) (17,5) 300
(18,5) (19,5) 300
(19,5) (18,5) 300
(19,5) (20,5) 300
(20,5) (19,5) 300
(20,5) (21,5) 300
(21,5) (20,5) 300
(21,5) (22,5) 300
(22,5) (21,5) 300
(22,5) (23,5) 300
(23,5) (22,5) 300
(23,5) (24,5) 300
(24,5) (23,5) 300
(24,5) (25,5) 300
(25,5) (24,5) 300
(25,5) (26,5) 300
(26,5) (25,5) 300
(26,5) (27,5) 300
(27,5) (26,5) 300
(27,5) (28,5) 300
(28,5) (27,5) 300
(28,5) (29,5) 300
(29,5) (28,5) 300
(29,5) (30,5) 300
(30,5) (29,5) 300
(1,6) (2,6) 300
(2,6) (1,6) 300
(2,6) (3,6) 300
(3,6) (2,6) 300
(3,6) (4,6) 300
(4,6) (3,6) 300
(4,6) (5,6) 300
(5,6) (4,6) 300
(5,6) (6,6) 300
(6,6) (5,6) 300
(6,6) (7,6) 300
(7,6) (6,6) 300
(7,6) (8,6) 300
(8,6) (7,6) 300
(8,6) (9,6) 300
(9,6) (8,6) 300
(9,6) (10,6) 300
(10,6) (9,6) 300
(10,6) (11,6) 300
(11,6) (10,6) 300
(11,6) (12,6) 300
(12,6) (11,6) 300
(12,6) (13,6) 300
(13,6) (12,6) 300
(13,6) (14,6) 300
(14,6) (13,6) 300
(14,6) (15,6) 300
(15,6) (14,6) 300
(15,6) (16,6) 300
(16,6) (15,6) 300
(16,6) (17,6) 300
(17,6) (16,6) 300
(17,6) (18,6) 300
(18,6) (17,6) 300
(18,6) (19,6) 300
(19,6) (18,6) 300
(19,6) (20,6) 300
(20,6) (19,6) 300
(20,6) (21,6) 300
(21,6) (20,6) 300
(21,6) (22,6) 300
(22,6) (21,6) 300
(22,6) (23,6) 300
(23,6) (22,6) 300
(23,6) (24,6) 300
(24,6) (23,6) 300
(24,6) (25,6) 300
(25,6) (24,6) 300
(25,6) (26,6) 300
(26,6) (25,6) 300
(26,6) (27,6) 300
(27,6) (26,6) 300
(27,6) (28,6) 300
(28,6) (27,6) 300
(28,6) (29,6) 300
(29,6) (28,6) 300
(29,6) (30,6) 300
(30,6) (29,6) 300
(1,7) (2,7) 300
(2,7) (1,7) 300
(2,7) (3,7) 300
(3,7) (2,7) 300
(3,7) (4,7) 300
(4,7) (3,7) 300
(4,7) (5,7) 300
(5,7) (4,7) 300
(5,7) (6,7) 300
(6,7) (5,7) 300
(6,7) (7,7) 300
(7,7) (6,7) 300
(7,7) (8,7) 300
(8,7) (7,7) 300
(8,7) (9,7) 300
(9,7) (8,7) 300
(9,7) (10,7) 300
(10,7) (9,7) 300
(10,7) (11,7) 300
(11,7) (10,7) 300
(11,7) (12,7) 300
(12,7) (11,7) 300
(12,7) (13,7) 300
(13,7) (12,7) 300
(13,7) (14,7) 300
(14,7) (13,7) 300
(14,7) (15,7) 300
(15,7) (14,7) 300
(15,7) (16,7) 300
(16,7) (15,7) 300
(16,7) (17,7) 300
(17,7) (16,7) 300
(17,7) (18,7) 300
(18,7) (17,7) 300
(18,7) (19,7) 300
(19,7) (18,7) 300
(19,7) (20,7) 300
(20,7) (19,7) 300
(20,7) (21,7) 300
(21,7) (20,7) 300
(21,7) (22,7) 300
(22,7) (21,7) 300
(22,7) (23,7) 300
(23,7) (22,7) 300
(23,7) (24,7) 300
(24,7) (23,7) 300
(24,7) (25,7) 300
(25,7) (24,7) 300
(25,7) (26,7) 300
(26,7) (25,7) 300
(26,7) (27,7) 300
(27,7) (26,7) 300
(27,7) (28,7) 300
(28,7) (27,7) 300
(28,7) (29,7) 300
(29,7) (28,7) 300
(29,7) (30,7) 300
(30,7) (29,7) 300
(1,8) (2,8) 300
(2,8) (1,8) 300
(2,8) (3,8) 300
(3,8) (2,8) 300
(3,8) (4,8) 300
(4,8) (3,8) 300
(4,8) (5,8) 300
(5,8) (4,8) 300
(5,8) (6,8) 300
(6,8) (5,8) 300
(6,8) (7,8) 300
(7,8) (6,8) 300
(7,8) (8,8) 300
(8,8) (7,8) 300
(8,8) (9,8) 300
(9,8) (8,8) 300
(9,8) (10,8) 300
(10,8) (9,8) 300
(10,8) (11,8) 300
(11,8) (10,8) 300
(11,8) (12,8) 300
(12,8) (11,8) 300
(12,8) (13,8) 300
(13,8) (12,8) 300
(13,8) (14,8) 300
(14,8) (13,8) 300
(14,8) (15,8) 300
(15,8) (14,8) 300
(15,8) (16,8) 300
(16,8) (15,8) 300
(16,8) (17,8) 300
(17,8) (16,8) 300
(17,8) (18,8) 300
(18,8) (17,8) 300
(18,8) (19,8) 300
(19,8) (18,8) 300
(19,8) (20,8) 300
(20,8) (19,8) 300
(20,8) (21,8) 300
(21,8) (20,8) 300
(21,8) (22,8) 300
(22,8) (21,8) 300
(22,8) (23,8) 300
(23,8) (22,8) 300
(23,8) (24,8) 300
(24,8) (23,8) 300
(24,8) (25,8) 300
(25,8) (24,8) 300
(25,8) (26,8) 300
(26,8) (25,8) 300
(26,8) (27,8) 300
(27,8) (26,8) 300
(27,8) (28,8) 300
(28,8) (27,8) 300
(28,8) (29,8) 300
(29,8) (28,8) 300
(29,8) (30,8) 300
(30,8) (29,8) 300
(1,9) (2,9) 300
(2,9) (1,9) 300
(2,9) (3,9) 300
(3,9) (2,9) 300
(3,9) (4,9) 300
(4,9) (3,9) 300
(4,9) (5,9) 300
(5,9) (4,9) 300
(5,9) (6,9) 300
(6,9) (5,9) 300
(6,9) (7,9) 300
(7,9) (6,9) 300
(7,9) (8,9) 300
(8,9) (7,9) 300
(8,9) (9,9) 300
(9,9) (8,9) 300
(9,9) (10,9) 300
(10,9) (9,9) 300
(10,9) (11,9) 300
(11,9) (10,9) 300
(11,9) (12,9) 300
(12,9) (11,9) 300
(12,9) (13,9) 300
(13,9) (12,9) 300
(13,9) (14,9) 300
(14,9) (13,9) 300
(14,9) (15,9) 300
(15,9) (14,9) 300
(15,9) (16,9) 300
(16,9) (15,9) 300
(16,9) (17,9) 300
(17,9) (16,9) 300
(17,9) (18,9) 300
(18,9) (17,9) 300
(18,9) (19,9) 300
(19,9) (18,9) 300
(19,9) (20,9) 300
(20,9) (19,9) 300
(20,9) (21,9) 300
(21,9) (20,9) 300
(21,9) (22,9) 300
(22,9) (21,9) 300
(22,9) (23,9) 300
(23,9) (22,9) 300
(23,9) (24,9) 300
(24,9) (23,9) 300
(24,9) (25,9) 300
(25,9) (24,9) 300
(25,9) (26,9) 300
(26,9) (25,9) 300
(26,9) (27,9) 300
(27,9) (26,9) 300
(27,9) (28,9) 300
(28,9) (27,9) 300
(28,9) (29,9) 300
(29,9) (28,9) 300
(29,9) (30,9) 300
(30,9) (29,9) 300
(1,10) (2,10) 300
(2,10) (1,10) 300
(2,10) (3,10) 300
(3,10) (2,10) 300
(3,10) (4,10) 300
(4,10) (3,10) 300
(4,10) (5,10) 300
(5,10) (4,10) 300
(5,10) (6,10) 300
(6,10) (5,10) 300
(6,10) (7,10) 300
(7,10) (6,10) 300
(7,10) (8,10) 300
(8,10) (7,10) 300
(8,10) (9,10) 300
(9,10) (8,10) 300
(9,10) (10,10) 300
(10,10) (9,10) 300
(10,10) (11,10) 300
(11,10) (10,10) 300
(11,10) (12,10) 300
(12,10) (11,10) 300
(12,10) (13,10) 300
(13,10) (12,10) 300
(13,10) (14,10) 300
(14,10) (13,10) 300
(14,10) (15,10) 300
(15,10) (14,10) 300
(15,10) (16,10) 300
(16,10) (15,10) 300
(16,10) (17,10) 300
(17,10) (16,10) 300
(17,10) (18,10) 300
(18,10) (17,10) 300
(18,10) (19,10) 300
(19,10) (18,10) 300
(19,10) (20,10) 300
(20,10) (19,10) 300
(20,10) (21,10) 300
(21,10) (20,10) 300
(21,10) (22,10) 300
(22,10) (21,10) 300
(22,10) (23,10) 300
(23,10) (22,10) 300
(23,10) (24,10) 300
(24,10) (23,10) 300
(24,10) (25,10) 300
(25,10) (24,10) 300
(25,10) (26,10) 300
(26,10) (25,10) 300
(26,10) (27,10) 300
(27,10) (26,10) 300
(27,10) (28,10) 300
(28,10) (27,10) 300
(28,10) (29,10) 300
(29,10) (28,10) 300
(29,10) (30,10) 300
(30,10) (29,10) 300
(1,11) (2,11) 300
(2,11) (1,11) 300
(2,11) (3,11) 300
(3,11) (2,11) 300
(3,11) (4,11) 300
(4,11) (3,11) 300
(4,11) (5,11) 300
(5,11) (4,11) 300
(5,11) (6,11) 300
(6,11) (5,11) 300
(6,11) (7,11) 300
(7,11) (6,11) 300
(7,11) (8,11) 300
(8,11) (7,11) 300
(8,11) (9,11) 300
(9,11) (8,11) 300
(9,11) (10,11) 300
(10,11) (9,11) 300
(10,11) (11,11) 300
(11,11) (10,11) 300
(11,11) (12,11) 300
(12,11) (11,11) 300
(12,11) (13,11) 300
(13,11) (12,11) 300
(13,11) (14,11) 300
(14,11) (13,11) 300
(14,11) (15,11) 300
(15,11) (14,11) 300
(15,11) (16,11) 300
(16,11) (15,11) 300
(16,11) (17,11) 300
(17,11) (16,11) 300
(17,11) (18,11) 300
(18,11) (17,11) 300
(18,11) (19,11) 300
(19,11) (18,11) 300
(19,11) (20,11) 300
(20,11) (19,11) 300
(20,11) (21,11) 300
(21,11) (20,11) 300
(21,11) (22,11) 300
(22,11) (21,11) 300
(22,11) (23,11) 300
(23,11) (22,11) 300
(23,11) (24,11) 300
(24,11) (23,11) 300
(24,11) (25,11) 300
(25,11) (24,11) 300
(25,11) (26,11) 300
(26,11) (25,11) 300
(26,11) (27,11) 300
(27,11) (26,11) 300
(27,11) (28,11) 300
(28,11) (27,11) 300
(28,11) (29,11) 300
(29,11) (28,11) 300
(29,11) (30,11) 300
(30,11) (29,11) 300
(1,12) (2,12) 300
(2,12) (1,12) 300
(2,12) (3,12) 300
(3,12) (2,12) 300
(3,12) (4,12) 300
(4,12) (3,12) 300
(4,12) (5,12) 300
(5,12) (4,12) 300
(5,12) (6,12) 300
(6,12) (5,12) 300
(6,12) (7,12) 300
(7,12) (6,12) 300
(7,12) (8,12) 300
(8,12) (7,12) 300
(8,12) (9,12) 300
(9,12) (8,12) 300
(9,12) (10,12) 300
(10,12) (9,12) 300
(10,12) (11,12) 300
(11,12) (10,12) 300
(11,12) (12,12) 300
(12,12) (11,12) 300
(12,12) (13,12) 300
(13,12) (12,12) 300
(13,12) (14,12) 300
(14,12) (13,12) 300
(14,12) (15,12) 300
(15,12) (14,12) 300
(15,12) (16,12) 300
(16,12) (15,12) 300
(16,12) (17,12) 300
(17,12) (16,12) 300
(17,12) (18,12) 300
(18,12) (17,12) 300
(18,12) (19,12) 300
(19,12) (18,12) 300
(19,12) (20,12) 300
(20,12) (19,12) 300
(20,12) (21,12) 300
(21,12) (20,12) 300
(21,12) (22,12) 300
(22,12) (21,12) 300
(22,12) (23,12) 300
(23,12) (22,12) 300
(23,12) (24,12) 300
(24,12) (23,12) 300
(24,12) (25,12) 300
(25,12) (24,12) 300
(25,12) (26,12) 300
(26,12) (25,12) 300
(26,12) (27,12) 300
(27,12) (26,12) 300
(27,12) (28,12) 300
(28,12) (27,12) 300
(28,12) (29,12) 300
(29,12) (28,12) 300
(29,12) (30,12) 300
(30,12) (29,12) 300
(1,13) (2,13) 300
(2,13) (1,13) 300
(2,13) (3,13) 300
(3,13) (2,13) 300
(3,13) (4,13) 300
(4,13) (3,13) 300
(4,13) (5,13) 300
(5,13) (4,13) 300
(5,13) (6,13) 300
(6,13) (5,13) 300
(6,13) (7,13) 300
(7,13) (6,13) 300
(7,13) (8,13) 300
(8,13) (7,13) 300
(8,13) (9,13) 300
(9,13) (8,13) 300
(9,13) (10,13) 300
(10,13) (9,13) 300
(10,13) (11,13) 300
(11,13) (10,13) 300
(11,13) (12,13) 300
(12,13) (11,13) 300
(12,13) (13,13) 300
(13,13) (12,13) 300
(13,13) (14,13) 300
(14,13) (13,13) 300
(14,13) (15,13) 300
(15,13) (14,13) 300
(15,13) (16,13) 300
(16,13) (15,13) 300
(16,13) (17,13) 300
(17,13) (16,13) 300
(17,13) (18,13) 300
(18,13) (17,13) 300
(18,13) (19,13) 300
(19,13) (18,13) 300
(19,13) (20,13) 300
(20,13) (19,13) 300
(20,13) (21,13) 300
(21,13) (20,13) 300
(21,13) (22,13) 300
(22,13) (21,13) 300
(22,13) (23,13) 300
(23,13) (22,13) 300
(23,13) (24,13) 300
(24,13) (23,13) 300
(24,13) (25,13) 300
(25,13) (24,13) 300
(25,13) (26,13) 300
(26,13) (25,13) 300
(26,13) (27,13) 300
(27,13) (26,13) 300
(27,13) (28,13) 300
(28,13) (27,13) 300
(28,13) (29,13) 300
(29,13) (28,13) 300
(29,13) (30,13) 300
(30,13) (29,13) 300
(1,14) (2,14) 300
(2,14) (1,14) 300
(2,14) (3,14) 300
(3,14) (2,14) 300
(3,14) (4,14) 300
(4,14) (3,14) 300
(4,14) (5,14) 300
(5,14) (4,14) 300
(5,14) (6,14) 300
(6,14) (5,14) 300
(6,14) (7,14) 300
(7,14) (6,14) 300
(7,14) (8,14) 300
(8,14) (7,14) 300
(8,14) (9,14) 300
(9,14) (8,14) 300
(9,14) (10,14) 300
(10,14) (9,14) 300
(10,14) (11,14) 300
(11,14) (10,14) 300
(11,14) (12,14) 300
(12,14) (11,14) 300
(12,14) (13,14) 300
(13,14) (12,14) 300
(13,14) (14,14) 300
(14,14) (13,14) 300
(14,14) (15,14) 300
(15,14) (14,14) 300
(15,14) (16,14) 300
(16,14) (15,14) 300
(16,14) (17,14) 300
(17,14) (16,14) 300
(17,14) (18,14) 300
(18,14) (17,14) 300
(18,14) (19,14) 300
(19,14) (18,14) 300
(19,14) (20,14) 300
(20,14) (19,14) 300
(20,14) (21,14) 300
(21,14) (20,14) 300
(21,14) (22,14) 300
(22,14) (21,14) 300
(22,14) (23,14) 300
(23,14) (22,14) 300
(23,14) (24,14) 300
(24,14) (23,14) 300
(24,14) (25,14) 300
(25,14) (24,14) 300
(25,14) (26,14) 300
(26,14) (25,14) 300
(26,14) (27,14) 300
(27,14) (26,14) 300
(27,14) (28,14) 300
(28,14) (27,14) 300
(28,14) (29,14) 300
(29,14) (28,14) 300
(29,14) (30,14) 300
(30,14) (29,14) 300
(1,15) (2,15) 300
(2,15) (1,15) 300
(2,15) (3,15) 300
(3,15) (2,15) 300
(3,15) (4,15) 300
(4,15) (3,15) 300
(4,15) (5,15) 300
(5,15) (4,15) 300
(5,15) (6,15) 300
(6,15) (5,15) 300
(6,15) (7,15) 300
(7,15) (6,15) 300
(7,15) (8,15) 300
(8,15) (7,15) 300
(8,15) (9,15) 300
(9,15) (8,15) 300
(9,15) (10,15) 300
(10,15) (9,15) 300
(10,15) (11,15) 300
(11,15) (10,15) 300
(11,15) (12,15) 300
(12,15) (11,15) 300
(12,15) (13,15) 300
(13,15) (12,15) 300
(13,15) (14,15) 300
(14,15) (13,15) 300
(14,15) (15,15) 300
(15,15) (14,15) 300
(15,15) (16,15) 300
(16,15) (15,15) 300
(16,15) (17,15) 300
(17,15) (16,15) 300
(17,15) (18,15) 300
(18,15) (17,15) 300
(18,15) (19,15) 300
(19,15) (18,15) 300
(19,15) (20,15) 300
(20,15) (19,15) 300
(20,15) (21,15) 300
(21,15) (20,15) 300
(21,15) (22,15) 300
(22,15) (21,15) 300
(22,15) (23,15) 300
(23,15) (22,15) 300
(23,15) (24,15) 300
(24,15) (23,15) 300
(24,15) (25,15) 300
(25,15) (24,15) 300
(25,15) (26,15) 300
(26,15) (25,15) 300
(26,15) (27,15) 300
(27,15) (26,15) 300
(27,15) (28,15) 300
(28,15) (27,15) 300
(28,15) (29,15) 300
(29,15) (28,15) 300
(29,15) (30,15) 300
(30,15) (29,15) 300
(1,16) (2,16) 300
(2,16) (1,16) 300
(2,16) (3,16) 300
(3,16) (2,16) 300
(3,16) (4,16) 300
(4,16) (3,16) 300
(4,16) (5,16) 300
(5,16) (4,16) 300
(5,16) (6,16) 300
(6,16) (5,16) 300
(6,16) (7,16) 300
(7,16) (6,16) 300
(7,16) (8,16) 300
(8,16) (7,16) 300
(8,16) (9,16) 300
(9,16) (8,16) 300
(9,16) (10,16) 300
(10,16) (9,16) 300
(10,16) (11,16) 300
(11,16) (10,16) 300
(11,16) (12,16) 300
(12,16) (11,16) 300
(12,16) (13,16) 300
(13,16) (12,16) 300
(13,16) (14,16) 300
(14,16) (13,16) 300
(14,16) (15,16) 300
(15,16) (14,16) 300
(15,16) (16,16) 300
(16,16) (15,16) 300
(16,16) (17,16) 300
(17,16) (16,16) 300
(17,16) (18,16) 300
(18,16) (17,16) 300
(18,16) (19,16) 300
(19,16) (18,16) 300
(19,16) (20,16) 300
(20,16) (19,16) 300
(20,16) (21,16) 300
(21,16) (20,16) 300
(21,16) (22,16) 300
(22,16) (21,16) 300
(22,16) (23,16) 300
(23,16) (22,16) 300
(23,16) (24,16) 300
(24,16) (23,16) 300
(24,16) (25,16) 300
(25,16) (24,16) 300
(25,16) (26,16) 300
(26,16) (25,16) 300
(26,16) (27,16) 300
(27,16) (26,16) 300
(27,16) (28,16) 300
(28,16) (27,16) 300
(28,16) (29,16) 300
(29,16) (28,16) 300
(29,16) (30,16) 300
(30,16) (29,16) 300
(1,17) (2,17) 300
(2,17) (1,17) 300
(2,17) (3,17) 300
(3,17) (2,17) 300
(3,17) (4,17) 300
(4,17) (3,17) 300
(4,17) (5,17) 300
(5,17) (4,17) 300
(5,17) (6,17) 300
(6,17) (5,17) 300
(6,17) (7,17) 300
(7,17) (6,17) 300
(7,17) (8,17) 300
(8,17) (7,17) 300
(8,17) (9,17) 300
(9,17) (8,17) 300
(9,17) (10,17) 300
(10,17) (9,17) 300
(10,17) (11,17) 300
(11,17) (10,17) 300
(11,17) (12,17) 300
(12,17) (11,17) 300
(12,17) (13,17) 300
(13,17) (12,17) 300
(13,17) (14,17) 300
(14,17) (13,17) 300
(14,17) (15,17) 300
(15,17) (14,17) 300
(15,17) (16,17) 300
(16,17) (15,17) 300
(16,17) (17,17) 300
(17,17) (16,17) 300
(17,17) (18,17) 300
(18,17) (17,17) 300
(18,17) (19,17) 300
(19,17) (18,17) 300
(19,17) (20,17) 300
(20,17) (19,17) 300
(20,17) (21,17) 300
(21,17) (20,17) 300
(21,17) (22,17) 300
(22,17) (21,17) 300
(22,17) (23,17) 300
(23,17) (22,17) 300
(23,17) (24,17) 300
(24,17) (23,17) 300
(24,17) (25,17) 300
(25,17) (24,17) 300
(25,17) (26,17) 300
(26,17) (25,17) 300
(26,17) (27,17) 300
(27,17) (26,17) 300
(27,17) (28,17) 300
(28,17) (27,17) 300
(28,17) (29,17) 300
(29,17) (28,17) 300
(29,17) (30,17) 300
(30,17) (29,17) 300
(1,18) (2,18) 300
(2,18) (1,18) 300
(2,18) (3,18) 300
(3,18) (2,18) 300
(3,18) (4,18) 300
(4,18) (3,18) 300
(4,18) (5,18) 300
(5,18) (4,18) 300
(5,18) (6,18) 300
(6,18) (5,18) 300
(6,18) (7,18) 300
(7,18) (6,18) 300
(7,18) (8,18) 300
(8,18) (7,18) 300
(8,18) (9,18) 300
(9,18) (8,18) 300
(9,18) (10,18) 300
(10,18) (9,18) 300
(10,18) (11,18) 300
(11,18) (10,18) 300
(11,18) (12,18) 300
(12,18) (11,18) 300
(12,18) (13,18) 300
(13,18) (12,18) 300
(13,18) (14,18) 300
(14,18) (13,18) 300
(14,18) (15,18) 300
(15,18) (14,18) 300
(15,18) (16,18) 300
(16,18) (15,18) 300
(16,18) (17,18) 300
(17,18) (16,18) 300
(17,18) (18,18) 300
(18,18) (17,18) 300
(18,18) (19,18) 300
(19,18) (18,18) 300
(19,18) (20,18) 300
(20,18) (19,18) 300
(20,18) (21,18) 300
(21,18) (20,18) 300
(21,18) (22,18) 300
(22,18) (21,18) 300
(22,18) (23,18) 300
(23,18) (22,18) 300
(23,18) (24,18) 300
(24,18) (23,18) 300
(24,18) (25,18) 300
(25,18) (24,18) 300
(25,18) (26,18) 300
(26,18) (25,18) 300
(26,18) (27,18) 300
(27,18) (26,18) 300
(27,18) (28,18) 300
(28,18) (27,18) 300
(28,18) (29,18) 300
(29,18) (28,18) 300
(29,18) (30,18) 300
(30,18) (29,18) 300
(1,19) (2,19) 300
(2,19) (1,19) 300
(2,19) (3,19) 300
(3,19) (2,19) 300
(3,19) (4,19) 300
(4,19) (3,19) 300
(4,19) (5,19) 300
(5,19) (4,19) 300
(5,19) (6,19) 300
(6,19) (5,19) 300
(6,19) (7,19) 300
(7,19) (6,19) 300
(7,19) (8,19) 300
(8,19) (7,19) 300
(8,19) (9,19) 300
(9,19) (8,19) 300
(9,19) (10,19) 300
(10,19) (9,19) 300
(10,19) (11,19) 300
(11,19) (10,19) 300
(11,19) (12,19) 300
(12,19) (11,19) 300
(12,19) (13,19) 300
(13,19) (12,19) 300
(13,19) (14,19) 300
(14,19) (13,19) 300
(14,19) (15,19) 300
(15,19) (14,19) 300
(15,19) (16,19) 300
(16,19) (15,19) 300
(16,19) (17,19) 300
(17,19) (16,19) 300
(17,19) (18,19) 300
(18,19) (17,19) 300
(18,19) (19,19) 300
(19,19) (18,19) 300
(19,19) (20,19) 300
(20,19) (19,19) 300
(20,19) (21,19) 300
(21,19) (20,19) 300
(21,19) (22,19) 300
(22,19) (21,19) 300
(22,19) (23,19) 300
(23,19) (22,19) 300
(23,19) (24,19) 300
(24,19) (23,19) 300
(24,19) (25,19) 300
(25,19) (24,19) 300
(25,19) (26,19) 300
(26,19) (25,19) 300
(26,19) (27,19) 300
(27,19) (26,19) 300
(27,19) (28,19) 300
(28,19) (27,19) 300
(28,19) (29,19) 300
(29,19) (28,19) 300
(29,19) (30,19) 300
(30,19) (29,19) 300
(1,20) (2,20) 300
(2,20) (1,20) 300
(2,20) (3,20) 300
(3,20) (2,20) 300
(3,20) (4,20) 300
(4,20) (3,20) 300
(4,20) (5,20) 300
(5,20) (4,20) 300
(5,20) (6,20) 300
(6,20) (5,20) 300
(6,20) (7,20) 300
(7,20) (6,20) 300
(7,20) (8,20) 300
(8,20) (7,20) 300
(8,20) (9,20) 300
(9,20) (8,20) 300
(9,20) (10,20) 300
(10,20) (9,20) 300
(10,20) (11,20) 300
(11,20) (10,20) 300
(11,20) (12,20) 300
(12,20) (11,20) 300
(12,20) (13,20) 300
(13,20) (12,20) 300
(13,20) (14,20) 300
(14,20) (13,20) 300
(14,20) (15,20) 300
(15,20) (14,20) 300
(15,20) (16,20) 300
(16,20) (15,20) 300
(16,20) (17,20) 300
(17,20) (16,20) 300
(17,20) (18,20) 300
(18,20) (17,20) 300
(18,20) (19,20) 300
(19,20) (18,20) 300
(19,20) (20,20) 300
(20,20) (19,20) 300
(20,20) (21,20) 300
(21,20) (20,20) 300
(21,20) (22,20) 300
(22,20) (21,20) 300
(22,20) (23,20) 300
(23,20) (22,20) 300
(23,20) (24,20) 300
(24,20) (23,20) 300
(24,20) (25,20) 300
(25,20) (24,20) 300
(25,20) (26,20) 300
(26,20) (25,20) 300
(26,20) (27,20) 300
(27,20) (26,20) 300
(27,20) (28,20) 300
(28,20) (27,20) 300
(28,20) (29,20) 300
(29,20) (28,20) 300
(29,20) (30,20) 300
(30,20) (29,20) 300
(1,21) (2,21) 300
(2,21) (1,21) 300
(2,21) (3,21) 300
(3,21) (2,21) 300
(3,21) (4,21) 300
(4,21) (3,21) 300
(4,21) (5,21) 300
(5,21) (4,21) 300
(5,21) (6,21) 300
(6,21) (5,21) 300
(6,21) (7,21) 300
(7,21) (6,21) 300
(7,21) (8,21) 300
(8,21) (7,21) 300
(8,21) (9,21) 300
(9,21) (8,21) 300
(9,21) (10,21) 300
(10,21) (9,21) 300
(10,21) (11,21) 300
(11,21) (10,21) 300
(11,21) (12,21) 300
(12,21) (11,21) 300
(12,21) (13,21) 300
(13,21) (12,21) 300
(13,21) (14,21) 300
(14,21) (13,21) 300
(14,21) (15,21) 300
(15,21) (14,21) 300
(15,21) (16,21) 300
(16,21) (15,21) 300
(16,21) (17,21) 300
(17,21) (16,21) 300
(17,21) (18,21) 300
(18,21) (17,21) 300
(18,21) (19,21) 300
(19,21) (18,21) 300
(19,21) (20,21) 300
(20,21) (19,21) 300
(20,21) (21,21) 300
(21,21) (20,21) 300
(21,21) (22,21) 300
(22,21) (21,21) 300
(22,21) (23,21) 300
(23,21) (22,21) 300
(23,21) (24,21) 300
(24,21) (23,21) 300
(24,21) (25,21) 300
(25,21) (24,21) 300
(25,21) (26,21) 300
(26,21) (25,21) 300
(26,21) (27,21) 300
(27,21) (26,21) 300
(27,21) (28,21) 300
(28,21) (27,21) 300
(28,21) (29,21) 300
(29,21) (28,21) 300
(29,21) (30,21) 300
(30,21) (29,21) 300
(1,22) (2,22) 300
(2,22) (1,22) 300
(2,22) (3,22) 300
(3,22) (2,22) 300
(3,22) (4,22) 300
(4,22) (3,22) 300
(4,22) (5,22) 300
(5,22) (4,22) 300
(5,22) (6,22) 300
(6,22) (5,22) 300
(6,22) (7,22) 300
(7,22) (6,22) 300
(7,22) (8,22) 300
(8,22) (7,22) 300
(8,22) (9,22) 300
(9,22) (8,22) 300
(9,22) (10,22) 300
(10,22) (9,22) 300
(10,22) (11,22) 300
(11,22) (10,22) 300
(11,22) (12,22) 300
(12,22) (11,22) 300
(12,22) (13,22) 300
(13,22) (12,22) 300
(13,22) (14,22) 300
(14,22) (13,22) 300
(14,22) (15,22) 300
(15,22) (14,22) 300
(15,22) (16,22) 300
(16,22) (15,22) 300
(16,22) (17,22) 300
(17,22) (16,22) 300
(17,22) (18,22) 300
(18,22) (17,22) 300
(18,22) (19,22) 300
(19,22) (18,22) 300
(19,22) (20,22) 300
(20,22) (19,22) 300
(20,22) (21,22) 300
(21,22) (20,22) 300
(21,22) (22,22) 300
(22,22) (21,22) 300
(22,22) (23,22) 300
(23,22) (22,22) 300
(23,22) (24,22) 300
(24,22) (23,22) 300
(24,22) (25,22) 300
(25,22) (24,22) 300
(25,22) (26,22) 300
(26,22) (25,22) 300
(26,22) (27,22) 300
(27,22) (26,22) 300
(27,22) (28,22) 300
(28,22) (27,22) 300
(28,22) (29,22) 300
(29,22) (28,22) 300
(29,22) (30,22) 300
(30,22) (29,22) 300
(1,23) (2,23) 300
(2,23) (1,23) 300
(2,23) (3,23) 300
(3,23) (2,23) 300
(3,23) (4,23) 300
(4,23) (3,23) 300
(4,23) (5,23) 300
(5,23) (4,23) 300
(5,23) (6,23) 300
(6,23) (5,23) 300
(6,23) (7,23) 300
(7,23) (6,23) 300
(7,23) (8,23) 300
(8,23) (7,23) 300
(8,23) (9,23) 300
(9,23) (8,23) 300
(9,23) (10,23) 300
(10,23) (9,23) 300
(10,23) (11,23) 300
(11,23) (10,23) 300
(11,23) (12,23) 300
(12,23) (11,23) 300
(12,23) (13,23) 300
(13,23) (12,23) 300
(13,23) (14,23) 300
(14,23) (13,23) 300
(14,23) (15,23) 300
(15,23) (14,23) 300
(15,23) (16,23) 300
(16,23) (15,23) 300
(16,23) (17,23) 300
(17,23) (16,23) 300
(17,23) (18,23) 300
(18,23) (17,23) 300
(18,23) (19,23) 300
(19,23) (18,23) 300
(19,23) (20,23) 300
(20,23) (19,23) 300
(20,23) (21,23) 300
(21,23) (20,23) 300
(21,23) (22,23) 300
(22,23) (21,23) 300
(22,23) (23,23) 300
(23,23) (22,23) 300
(23,23) (24,23) 300
(24,23) (23,23) 300
(24,23) (25,23) 300
(25,23) (24,23) 300
(25,23) (26,23) 300
(26,23) (25,23) 300
(26,23) (27,23) 300
(27,23) (26,23) 300
(27,23) (28,23) 300
(28,23) (27,23) 300
(28,23) (29,23) 300
(29,23) (28,23) 300
(29,23) (30,23) 300
(30,23) (29,23) 300
(1,24) (2,24) 300
(2,24) (1,24) 300
(2,24) (3,24) 300
(3,24) (2,24) 300
(3,24) (4,24) 300
(4,24) (3,24) 300
(4,24) (5,24) 300
(5,24) (4,24) 300
(5,24) (6,24) 300
(6,24) (5,24) 300
(6,24) (7,24) 300
(7,24) (6,24) 300
(7,24) (8,24) 300
(8,24) (7,24) 300
(8,24) (9,24) 300
(9,24) (8,24) 300
(9,24) (10,24) 300
(10,24) (9,24) 300
(10,24) (11,24) 300
(11,24) (10,24) 300
(11,24) (12,24) 300
(12,24) (11,24) 300
(12,24) (13,24) 300
(13,24) (12,24) 300
(13,24) (14,24) 300
(14,24) (13,24) 300
(14,24) (15,24) 300
(15,24) (14,24) 300
(15,24) (16,24) 300
(16,24) (15,24) 300
(16,24) (17,24) 300
(17,24) (16,24) 300
(17,24) (18,24) 300
(18,24) (17,24) 300
(18,24) (19,24) 300
(19,24) (18,24) 300
(19,24) (20,24) 300
(20,24) (19,24) 300
(20,24) (21,24) 300
(21,24) (20,24) 300
(21,24) (22,24) 300
(22,24) (21,24) 300
(22,24) (23,24) 300
(23,24) (22,24) 300
(23,24) (24,24) 300
(24,24) (23,24) 300
(24,24) (25,24) 300
(25,24) (24,24) 300
(25,24) (26,24) 300
(26,24) (25,24) 300
(26,24) (27,24) 300
(27,24) (26,24) 300
(27,24) (28,24) 300
(28,24) (27,24) 300
(28,24) (29,24) 300
(29,24) (28,24) 300
(29,24) (30,24) 300
(30,24) (29,24) 300
(1,25) (2,25) 300
(2,25) (1,25) 300
(2,25) (3,25) 300
(3,25) (2,25) 300
(3,25) (4,25) 300
(4,25) (3,25) 300
(4,25) (5,25) 300
(5,25) (4,25) 300
(5,25) (6,25) 300
(6,25) (5,25) 300
(6,25) (7,25) 300
(7,25) (6,25) 300
(7,25) (8,25) 300
(8,25) (7,25) 300
(8,25) (9,25) 300
(9,25) (8,25) 300
(9,25) (10,25) 300
(10,25) (9,25) 300
(10,25) (11,25) 300
(11,25) (10,25) 300
(11,25) (12,25) 300
(12,25) (11,25) 300
(12,25) (13,25) 300
(13,25) (12,25) 300
(13,25) (14,25) 300
(14,25) (13,25) 300
(14,25) (15,25) 300
(15,25) (14,25) 300
(15,25) (16,25) 300
(16,25) (15,25) 300
(16,25) (17,25) 300
(17,25) (16,25) 300
(17,25) (18,25) 300
(18,25) (17,25) 300
(18,25) (19,25) 300
(19,25) (18,25) 300
(19,25) (20,25) 300
(20,25) (19,25) 300
(20,25) (21,25) 300
(21,25) (20,25) 300
(21,25) (22,25) 300
(22,25) (21,25) 300
(22,25) (23,25) 300
(23,25) (22,25) 300
(23,25) (24,25) 300
(24,25) (23,25) 300
(24,25) (25,25) 300
(25,25) (24,25) 300
(25,25) (26,25) 300
(26,25) (25,25) 300
(26,25) (27,25) 300
(27,25) (26,25) 300
(27,25) (28,25) 300
(28,25) (27,25) 300
(28,25) (29,25) 300
(29,25) (28,25) 300
(29,25) (30,25) 300
(30,25) (29,25) 300
(1,26) (2,26) 300
(2,26) (1,26) 300
(2,26) (3,26) 300
(3,26) (2,26) 300
(3,26) (4,26) 300
(4,26) (3,26) 300
(4,26) (5,26) 300
(5,26) (4,26) 300
(5,26) (6,26) 300
(6,26) (5,26) 300
(6,26) (7,26) 300
(7,26) (6,26) 300
(7,26) (8,26) 300
(8,26) (7,26) 300
(8,26) (9,26) 300
(9,26) (8,26) 300
(9,26) (10,26) 300
(10,26) (9,26) 300
(10,26) (11,26) 300
(11,26) (10,26) 300
(11,26) (12,26) 300
(12,26) (11,26) 300
(12,26) (13,26) 300
(13,26) (12,26) 300
(13,26) (14,26) 300
(14,26) (13,26) 300
(14,26) (15,26) 300
(15,26) (14,26) 300
(15,26) (16,26) 300
(16,26) (15,26) 300
(16,26) (17,26) 300
(17,26) (16,26) 300
(17,26) (18,26) 300
(18,26) (17,26) 300
(18,26) (19,26) 300
(19,26) (18,26) 300
(19,26) (20,26) 300
(20,26) (19,26) 300
(20,26) (21,26) 300
(21,26) (20,26) 300
(21,26) (22,26) 300
(22,26) (21,26) 300
(22,26) (23,26) 300
(23,26) (22,26) 300
(23,26) (24,26) 300
(24,26) (23,26) 300
(24,26) (25,26) 300
(25,26) (24,26) 300
(25,26) (26,26) 300
(26,26) (25,26) 300
(26,26) (27,26) 300
(27,26) (26,26) 300
(27,26) (28,26) 300
(28,26) (27,26) 300
(28,26) (29,26) 300
(29,26) (28,26) 300
(29,26) (30,26) 300
(30,26) (29,26) 300
(1,27) (2,27) 300
(2,27) (1,27) 300
(2,27) (3,27) 300
(3,27) (2,27) 300
(3,27) (4,27) 300
(4,27) (3,27) 300
(4,27) (5,27) 300
(5,27) (4,27) 300
(5,27) (6,27) 300
(6,27) (5,27) 300
(6,27) (7,27) 300
(7,27) (6,27) 300
(7,27) (8,27) 300
(8,27) (7,27) 300
(8,27) (9,27) 300
(9,27) (8,27) 300
(9,27) (10,27) 300
(10,27) (9,27) 300
(10,27) (11,27) 300
(11,27) (10,27) 300
(11,27) (12,27) 300
(12,27) (11,27) 300
(12,27) (13,27) 300
(13,27) (12,27) 300
(13,27) (14,27) 300
(14,27) (13,27) 300
(14,27) (15,27) 300
(15,27) (14,27) 300
(15,27) (16,27) 300
(16,27) (15,27) 300
(16,27) (17,27) 300
(17,27) (16,27) 300
(17,27) (18,27) 300
(18,27) (17,27) 300
(18,27) (19,27) 300
(19,27) (18,27) 300
(19,27) (20,27) 300
(20,27) (19,27) 300
(20,27) (21,27) 300
(21,27) (20,27) 300
(21,27) (22,27) 300
(22,27) (21,27) 300
(22,27) (23,27) 300
(23,27) (22,27) 300
(23,27) (24,27) 300
(24,27) (23,27) 300
(24,27) (25,27) 300
(25,27) (24,27) 300
(25,27) (26,27) 300
(26,27) (25,27) 300
(26,27) (27,27) 300
(27,27) (26,27) 300
(27,27) (28,27) 300
(28,27) (27,27) 300
(28,27) (29,27) 300
(29,27) (28,27) 300
(29,27) (30,27) 300
(30,27) (29,27) 300
(1,28) (2,28) 300
(2,28) (1,28) 300
(2,28) (3,28) 300
(3,28) (2,28) 300
(3,28) (4,28) 300
(4,28) (3,28) 300
(4,28) (5,28) 300
(5,28) (4,28) 300
(5,28) (6,28) 300
(6,28) (5,28) 300
(6,28) (7,28) 300
(7,28) (6,28) 300
(7,28) (8,28) 300
(8,28) (7,28) 300
(8,28) (9,28) 300
(9,28) (8,28) 300
(9,28) (10,28) 300
(10,28) (9,28) 300
(10,28) (11,28) 300
(11,28) (10,28) 300
(11,28) (12,28) 300
(12,28) (11,28) 300
(12,28) (13,28) 300
(13,28) (12,28) 300
(13,28) (14,28) 300
(14,28) (13,28) 300
(14,28) (15,28) 300
(15,28) (14,28) 300
(15,28) (16,28) 300
(16,28) (15,28) 300
(16,28) (17,28) 300
(17,28) (16,28) 300
(17,28) (18,28) 300
(18,28) (17,28) 300
(18,28) (19,28) 300
(19,28) (18,28) 300
(19,28) (20,28) 300
(20,28) (19,28) 300
(20,28) (21,28) 300
(21,28) (20,28) 300
(21,28) (22,28) 300
(22,28) (21,28) 300
(22,28) (23,28) 300
(23,28) (22,28) 300
(23,28) (24,28) 300
(24,28) (23,28) 300
(24,28) (25,28) 300
(25,28) (24,28) 300
(25,28) (26,28) 300
(26,28) (25,28) 300
(26,28) (27,28) 300
(27,28) (26,28) 300
(27,28) (28,28) 300
(28,28) (27,28) 300
(28,28) (29,28) 300
(29,28) (28,28) 300
(29,28) (30,28) 300
(30,28) (29,28) 300
(1,29) (2,29) 300
(2,29) (1,29) 300
(2,29) (3,29) 300
(3,29) (2,29) 300
(3,29) (4,29) 300
(4,29) (3,29) 300
(4,29) (5,29) 300
(5,29) (4,29) 300
(5,29) (6,29) 300
(6,29) (5,29) 300
(6,29) (7,29) 300
(7,29) (6,29) 300
(7,29) (8,29) 300
(8,29) (7,29) 300
(8,29) (9,29) 300
(9,29) (8,29) 300
(9,29) (10,29) 300
(10,29) (9,29) 300
(10,29) (11,29) 300
(11,29) (10,29) 300
(11,29) (12,29) 300
(12,29) (11,29) 300
(12,29) (13,29) 300
(13,29) (12,29) 300
(13,29) (14,29) 300
(14,29) (13,29) 300
(14,29) (15,29) 300
(15,29) (14,29) 300
(15,29) (16,29) 300
(16,29) (15,29) 300
(16,29) (17,29) 300
(17,29) (16,29) 300
(17,29) (18,29) 300
(18,29) (17,29) 300
(18,29) (19,29) 300
(19,29) (18,29) 300
(19,29) (20,29) 300
(20,29) (19,29) 300
(20,29) (21,29) 300
(21,29) (20,29) 300
(21,29) (22,29) 300
(22,29) (21,29) 300
(22,29) (23,29) 300
(23,29) (22,29) 300
(23,29) (24,29) 300
(24,29) (23,29) 300
(24,29) (25,29) 300
(25,29) (24,29) 300
(25,29) (26,29) 300
(26,29) (25,29) 300
(26,29) (27,29) 300
(27,29) (26,29) 300
(27,29) (28,29) 300
(28,29) (27,29) 300
(28,29) (29,29) 300
(29,29) (28,29) 300
(29,29) (30,29) 300
(30,29) (29,29) 300
(1,30) (2,30) 300
(2,30) (1,30) 300
(2,30) (3,30) 300
(3,30) (2,30) 300
(3,30) (4,30) 300
(4,30) (3,30) 300
(4,30) (5,30) 300
(5,30) (4,30) 300
(5,30) (6,30) 300
(6,30) (5,30) 300
(6,30) (7,30) 300
(7,30) (6,30) 300
(7,30) (8,30) 300
(8,30) (7,30) 300
(8,30) (9,30) 300
(9,30) (8,30) 300
(9,30) (10,30) 300
(10,30) (9,30) 300
(10,30) (11,30) 300
(11,30) (10,30) 300
(11,30) (12,30) 300
(12,30) (11,30) 300
(12,30) (13,30) 300
(13,30) (12,30) 300
(13,30) (14,30) 300
(14,30) (13,30) 300
(14,30) (15,30) 300
(15,30) (14,30) 300
(15,30) (16,30) 300
(16,30) (15,30) 300
(16,30) (17,30) 300
(17,30) (16,30) 300
(17,30) (18,30) 300
(18,30) (17,30) 300
(18,30) (19,30) 300
(19,30) (18,30) 300
(19,30) (20,30) 300
(20,30) (19,30) 300
(20,30) (21,30) 300
(21,30) (20,30) 300
(21,30) (22,30) 300
(22,30) (21,30) 300
(22,30) (23,30) 300
(23,30) (22,30) 300
(23,30) (24,30) 300
(24,30) (23,30) 300
(24,30) (25,30) 300
(25,30) (24,30) 300
(25,30) (26,30) 300
(26,30) (25,30) 300
(26,30) (27,30) 300
(27,30) (26,30) 300
(27,30) (28,30) 300
(28,30) (27,30) 300
(28,30) (29,30) 300
(29,30) (28,30) 300
(29,30) (30,30) 300
(30,30) (29,30) 300
(1,31) (2,31) 300
(2,31) (1,31) 300
(2,31) (3,31) 300
(3,31) (2,31) 300
(3,31) (4,31) 300
(4,31) (3,31) 300
(4,31) (5,31) 300
(5,31) (4,31) 300
(5,31) (6,31) 300
(6,31) (5,31) 300
(6,31) (7,31) 300
(7,31) (6,31) 300
(7,31) (8,31) 300
(8,31) (7,31) 300
(8,31) (9,31) 300
(9,31) (8,31) 300
(9,31) (10,31) 300
(10,31) (9,31) 300
(10,31) (11,31) 300
(11,31) (10,31) 300
(11,31) (12,31) 300
(12,31) (11,31) 300
(12,31) (13,31) 300
(13,31) (12,31) 300
(13,31) (14,31) 300
(14,31) (13,31) 300
(14,31) (15,31) 300
(15,31) (14,31) 300
(15,31) (16,31) 300
(16,31) (15,31) 300
(16,31) (17,31) 300
(17,31) (16,31) 300
(17,31) (18,31) 300
(18,31) (17,31) 300
(18,31) (19,31) 300
(19,31) (18,31) 300
(19,31) (20,31) 300
(20,31) (19,31) 300
(20,31) (21,31) 300
(21,31) (20,31) 300
(21,31) (22,31) 300
(22,31) (21,31) 300
(22,31) (23,31) 300
(23,31) (22,31) 300
(23,31) (24,31) 300
(24,31) (23,31) 300
(24,31) (25,31) 300
(25,31) (24,31) 300
(25,31) (26,31) 300
(26,31) (25,31) 300
(26,31) (27,31) 300
(27,31) (26,31) 300
(27,31) (28,31) 300
(28,31) (27,31) 300
(28,31) (29,31) 300
(29,31) (28,31) 300
(29,31) (30,31) 300
(30,31) (29,31) 300
(1,32) (2,32) 300
(2,32) (1,32) 300
(2,32) (3,32) 300
(3,32) (2,32) 300
(3,32) (4,32) 300
(4,32) (3,32) 300
(4,32) (5,32) 300
(5,32) (4,32) 300
(5,32) (6,32) 300
(6,32) (5,32) 300
(6,32) (7,32) 300
(7,32) (6,32) 300
(7,32) (8,32) 300
(8,32) (7,32) 300
(8,32) (9,32) 300
(9,32) (8,32) 300
(9,32) (10,32) 300
(10,32) (9,32) 300
(10,32) (11,32) 300
(11,32) (10,32) 300
(11,32) (12,32) 300
(12,32) (11,32) 300
(12,32) (13,32) 300
(13,32) (12,32) 300
(13,32) (14,32) 300
(14,32) (13,32) 300
(14,32) (15,32) 300
(15,32) (14,32) 300
(15,32) (16,32) 300
(16,32) (15,32) 300
(16,32) (17,32) 300
(17,32) (16,32) 300
(17,32) (18,32) 300
(18,32) (17,32) 300
(18,32) (19,32) 300
(19,32) (18,32) 300
(19,32) (20,32) 300
(20,32) (19,32) 300
(20,32) (21,32) 300
(21,32) (20,32) 300
(21,32) (22,32) 300
(22,32) (21,32) 300
(22,32) (23,32) 300
(23,32) (22,32) 300
(23,32) (24,32) 300
(24,32) (23,32) 300
(24,32) (25,32) 300
(25,32) (24,32) 300
(25,32) (26,32) 300
(26,32) (25,32) 300
(26,32) (27,32) 300
(27,32) (26,32) 300
(27,32) (28,32) 300
(28,32) (27,32) 300
(28,32) (29,32) 300
(29,32) (28,32) 300
(29,32) (30,32) 300
(30,32) (29,32) 300
(1,33) (2,33) 300
(2,33) (1,33) 300
(2,33) (3,33) 300
(3,33) (2,33) 300
(3,33) (4,33) 300
(4,33) (3,33) 300
(4,33) (5,33) 300
(5,33) (4,33) 300
(5,33) (6,33) 300
(6,33) (5,33) 300
(6,33) (7,33) 300
(7,33) (6,33) 300
(7,33) (8,33) 300
(8,33) (7,33) 300
(8,33) (9,33) 300
(9,33) (8,33) 300
(9,33) (10,33) 300
(10,33) (9,33) 300
(10,33) (11,33) 300
(11,33) (10,33) 300
(11,33) (12,33) 300
(12,33) (11,33) 300
(12,33) (13,33) 300
(13,33) (12,33) 300
(13,33) (14,33) 300
(14,33) (13,33) 300
(14,33) (15,33) 300
(15,33) (14,33) 300
(15,33) (16,33) 300
(16,33) (15,33) 300
(16,33) (17,33) 300
(17,33) (16,33) 300
(17,33) (18,33) 300
(18,33) (17,33) 300
(18,33) (19,33) 300
(19,33) (18,33) 300
(19,33) (20,33) 300
(20,33) (19,33) 300
(20,33) (21,33) 300
(21,33) (20,33) 300
(21,33) (22,33) 300
(22,33) (21,33) 300
(22,33) (23,33) 300
(23,33) (22,33) 300
(23,33) (24,33) 300
(24,33) (23,33) 300
(24,33) (25,33) 300
(25,33) (24,33) 300
(25,33) (26,33) 300
(26,33) (25,33) 300
(26,33) (27,33) 300
(27,33) (26,33) 300
(27,33) (28,33) 300
(28,33) (27,33) 300
(28,33) (29,33) 300
(29,33) (28,33) 300
(29,33) (30,33) 300
(30,33) (29,33) 300
(1,34) (2,34) 300
(2,34) (1,34) 300
(2,34) (3,34) 300
(3,34) (2,34) 300
(3,34) (4,34) 300
(4,34) (3,34) 300
(4,34) (5,34) 300
(5,34) (4,34) 300
(5,34) (6,34) 300
(6,34) (5,34) 300
(6,34) (7,34) 300
(7,34) (6,34) 300
(7,34) (8,34) 300
(8,34) (7,34) 300
(8,34) (9,34) 300
(9,34) (8,34) 300
(9,34) (10,34) 300
(10,34) (9,34) 300
(10,34) (11,34) 300
(11,34) (10,34) 300
(11,34) (12,34) 300
(12,34) (11,34) 300
(12,34) (13,34) 300
(13,34) (12,34) 300
(13,34) (14,34) 300
(14,34) (13,34) 300
(14,34) (15,34) 300
(15,34) (14,34) 300
(15,34) (16,34) 300
(16,34) (15,34) 300
(16,34) (17,34) 300
(17,34) (16,34) 300
(17,34) (18,34) 300
(18,34) (17,34) 300
(18,34) (19,34) 300
(19,34) (18,34) 300
(19,34) (20,34) 300
(20,34) (19,34) 300
(20,34) (21,34) 300
(21,34) (20,34) 300
(21,34) (22,34) 300
(22,34) (21,34) 300
(22,34) (23,34) 300
(23,34) (22,34) 300
(23,34) (24,34) 300
(24,34) (23,34) 300
(24,34) (25,34) 300
(25,34) (24,34) 300
(25,34) (26,34) 300
(26,34) (25,34) 300
(26,34) (27,34) 300
(27,34) (26,34) 300
(27,34) (28,34) 300
(28,34) (27,34) 300
(28,34) (29,34) 300
(29,34) (28,34) 300
(29,34) (30,34) 300
(30,34) (29,34) 300
(1,35) (2,35) 300
(2,35) (1,35) 300
(2,35) (3,35) 300
(3,35) (2,35) 300
(3,35) (4,35) 300
(4,35) (3,35) 300
(4,35) (5,35) 300
(5,35) (4,35) 300
(5,35) (6,35) 300
(6,35) (5,35) 300
(6,35) (7,35) 300
(7,35) (6,35) 300
(7,35) (8,35) 300
(8,35) (7,35) 300
(8,35) (9,35) 300
(9,35) (8,35) 300
(9,35) (10,35) 300
(10,35) (9,35) 300
(10,35) (11,35) 300
(11,35) (10,35) 300
(11,35) (12,35) 300
(12,35) (11,35) 300
(12,35) (13,35) 300
(13,35) (12,35) 300
(13,35) (14,35) 300
(14,35) (13,35) 300
(14,35) (15,35) 300
(15,35) (14,35) 300
(15,35) (16,35) 300
(16,35) (15,35) 300
(16,35) (17,35) 300
(17,35) (16,35) 300
(17,35) (18,35) 300
(18,35) (17,35) 300
(18,35) (19,35) 300
(19,35) (18,35) 300
(19,35) (20,35) 300
(20,35) (19,35) 300
(20,35) (21,35) 300
(21,35) (20,35) 300
(21,35) (22,35) 300
(22,35) (21,35) 300
(22,35) (23,35) 300
(23,35) (22,35) 300
(23,35) (24,35) 300
(24,35) (23,35) 300
(24,35) (25,35) 300
(25,35) (24,35) 300
(25,35) (26,35) 300
(26,35) (25,35) 300
(26,35) (27,35) 300
(27,35) (26,35) 300
(27,35) (28,35) 300
(28,35) (27,35) 300
(28,35) (29,35) 300
(29,35) (28,35) 300
(29,35) (30,35) 300
(30,35) (29,35) 300
(1,35) t 300
(2,35) t 300
(3,35) t 300
(4,35) t 300
(5,35) t 300
(6,35) t 300
(7,35) t 300
(8,35) t 300
(9,35) t 300
(10,35) t 300
(11,35) t 300
(12,35) t 300
(13,35) t 300
(14,35) t 300
(15,35) t 300
(16,35) t 300
(17,35) t 300
(18,35) t 300
(19,35) t 300
(20,35) t 300
(21,35) t 300
(22,35) t 300
(23,35) t 300
(24,35) t 300
(25,35) t 300
(26,35) t 300
(27,35) t 300
(28,35) t 300
(29,35) t 300
(30,35) t 300
